3 0.540625 0.96875 0.175 0.0625
2 0.942187 0.725 0.115625 0.16875
2 0.740625 0.0320312 0.153125 0.0640625
3 0.257812 0.648438 0.084375 0.090625
2 0.55 0.905469 0.1 0.0828125
3 0.6375 0.0585938 0.04375 0.0421875
2 0.826563 0.642969 0.146875 0.126563
0 0.133594 0.805469 0.0765625 0.0953125
2 0.698438 0.975 0.14375 0.05
2 0.625 0.232812 0.1 0.096875
2 0.257812 0.647656 0.084375 0.0859375
0 0.103125 0.642187 0.20625 0.40625
3 0.746094 0.10625 0.0890625 0.084375
3 0.342969 0.610156 0.104687 0.117188
3 0.853906 0.292188 0.0859375 0.071875
2 0.855469 0.192188 0.123438 0.1375
2 0.829687 0.970312 0.09375 0.059375
2 0.95625 0.507031 0.0875 0.0984375
2 0.639844 0.135937 0.0859375 0.0875
2 0.95 0.6125 0.1 0.125
2 0.934375 0.866406 0.121875 0.160938
3 0.622656 0.565625 0.101562 0.10625
2 0.832031 0.889063 0.123438 0.125
2 0.676562 0.671094 0.16875 0.120312
2 0.608594 0.339063 0.139062 0.125
2 0.928125 0.376563 0.1375 0.1625
3 0.241406 0.520312 0.135937 0.125
2 0.58125 0.460938 0.15 0.14375
2 0.378125 0.482812 0.128125 0.1375
2 0.738281 0.894531 0.107813 0.132812
2 0.742188 0.214062 0.134375 0.146875
2 0.64375 0.895312 0.096875 0.115625
2 0.903906 0.0851562 0.189063 0.154687
2 0.6875 0.783594 0.14375 0.129688
2 0.861719 0.51875 0.139062 0.13125
2 0.466406 0.58125 0.151562 0.146875
2 0.826563 0.764063 0.184375 0.146875
2 0.735937 0.5375 0.1375 0.13125
2 0.708594 0.411719 0.139062 0.160938
2 0.80625 0.391406 0.1125 0.126563
2 0.539844 0.78125 0.195312 0.209375
