0 0.217969 0.424219 0.0671875 0.0703125
2 0.442969 0.217187 0.0546875 0.0625
2 0.54375 0.96875 0.1 0.0625
0 0.202344 0.289062 0.0890625 0.109375
0 0.209375 0.442187 0.071875 0.059375
0 0.978906 0.078125 0.0421875 0.0875
3 0.542188 0.267188 0.1 0.0875
0 0.75625 0.642187 0.046875 0.04375
2 0.940625 0.51875 0.11875 0.184375
2 0.910937 0.939844 0.178125 0.117188
0 0.757031 0.697656 0.0671875 0.0578125
2 0.813281 0.04375 0.120312 0.0875
0 0.603906 0.271875 0.0515625 0.053125
0 0.639063 0.76875 0.075 0.078125
1 0.939062 0.516406 0.121875 0.182812
2 0.0195312 0.70625 0.0390625 0.15
2 0.452344 0.786719 0.0703125 0.0703125
0 0.975781 0.692187 0.0484375 0.0875
2 0.979688 0.792188 0.040625 0.121875
2 0.969531 0.321875 0.0609375 0.16875
1 0.445312 0.934375 0.15625 0.125
2 0.470313 0.713281 0.134375 0.0984375
2 0.0398437 0.589063 0.0796875 0.1
2 0.653906 0.904688 0.201562 0.184375
0 0.36875 0.140625 0.04375 0.04375
2 0.651563 0.567969 0.05 0.0640625
0 0.128125 0.565625 0.05625 0.0625
0 0.209375 0.516406 0.071875 0.0890625
0 0.371875 0.538281 0.0625 0.0515625
2 0.267969 0.0398437 0.114063 0.0796875
3 0.254687 0.135156 0.046875 0.0609375
0 0.280469 0.336719 0.0734375 0.0640625
0 0.174219 0.8625 0.0703125 0.065625
3 0.910156 0.0554687 0.104687 0.110937
3 0.160938 0.367969 0.04375 0.0421875
0 0.221875 0.399219 0.059375 0.0640625
2 0.484375 0.513281 0.06875 0.0671875
2 0.582031 0.482031 0.0640625 0.0703125
0 0.570312 0.751562 0.0625 0.065625
2 0.48125 0.385156 0.115625 0.129688
2 0.84375 0.869531 0.078125 0.0734375
2 0.05 0.159375 0.1 0.134375
2 0.83125 0.560938 0.13125 0.109375
2 0.748438 0.496875 0.13125 0.11875
2 0.585938 0.0515625 0.11875 0.103125
2 0.084375 0.8 0.10625 0.109375
0 0.1875 0.619531 0.090625 0.101562
3 0.0539063 0.867188 0.0796875 0.0625
2 0.796094 0.145313 0.120312 0.109375
2 0.164844 0.170312 0.117188 0.109375
2 0.0921875 0.277344 0.134375 0.129688
2 0.0375 0.380469 0.075 0.0671875
2 0.142188 0.458594 0.078125 0.0890625
2 0.445312 0.84375 0.06875 0.059375
2 0.570312 0.154687 0.1625 0.171875
2 0.757812 0.349219 0.125 0.157813
2 0.449219 0.596094 0.126563 0.123438
2 0.31875 0.224219 0.19375 0.189063
2 0.902344 0.6375 0.167187 0.115625
2 0.882812 0.332031 0.1375 0.135937
2 0.572656 0.604688 0.129688 0.184375
2 0.05625 0.483594 0.1125 0.145313
2 0.574219 0.835938 0.110937 0.1
2 0.865625 0.447656 0.13125 0.129688
2 0.817187 0.230469 0.159375 0.126563
2 0.0914062 0.670313 0.123438 0.11875
2 0.435156 0.103906 0.157813 0.160938
0 0.708594 0.179688 0.0828125 0.0875
2 0.702344 0.0710938 0.123438 0.142188
0 0.220313 0.940625 0.125 0.11875
2 0.096875 0.928125 0.19375 0.14375
0 0.0445312 0.040625 0.0734375 0.06875
2 0.321094 0.905469 0.129688 0.170312
2 0.352344 0.741406 0.126563 0.160938
2 0.349219 0.423438 0.210938 0.178125
2 0.940625 0.192188 0.11875 0.11875
2 0.877344 0.791406 0.114063 0.139062
2 0.203906 0.760156 0.195312 0.220313
2 0.74375 0.803125 0.1375 0.146875
2 0.275 0.564844 0.15 0.142188
2 0.636719 0.346875 0.154687 0.20625
0 0.35625 0.605469 0.08125 0.0890625
