2 0.539062 0.0226563 0.096875 0.0453125
0 0.4125 0.430469 0.040625 0.0453125
2 0.751562 0.0390625 0.084375 0.078125
3 0.648438 0.040625 0.11875 0.08125
3 0.8625 0.0445312 0.146875 0.0890625
2 0.978906 0.575781 0.0390625 0.132812
3 0.750781 0.0398437 0.0796875 0.0796875
2 0.0242187 0.795313 0.0484375 0.15
2 0.482812 0.285937 0.084375 0.071875
2 0.963281 0.0335938 0.0671875 0.0640625
2 0.0367187 0.957812 0.0734375 0.084375
1 0.832031 0.746875 0.0546875 0.059375
2 0.75 0.303125 0.11875 0.14375
1 0.272656 0.867969 0.0765625 0.0921875
0 0.2875 0.467187 0.078125 0.040625
1 0.0445312 0.121094 0.0890625 0.114063
2 0.965625 0.107813 0.065625 0.125
2 0.179688 0.830469 0.11875 0.129688
3 0.0734375 0.877344 0.08125 0.0796875
1 0.150781 0.935156 0.148438 0.129688
3 0.558594 0.207031 0.0828125 0.0828125
2 0.610156 0.521875 0.114063 0.1125
2 0.953125 0.666406 0.09375 0.0703125
2 0.689062 0.874219 0.140625 0.132812
2 0.583594 0.938281 0.120312 0.123438
3 0.36875 0.175 0.134375 0.1375
2 0.877344 0.132031 0.120312 0.117188
2 0.222656 0.346094 0.148438 0.148438
2 0.0851562 0.0351562 0.120312 0.0703125
2 0.803125 0.9375 0.128125 0.121875
3 0.547656 0.366406 0.0890625 0.120312
2 0.814062 0.452344 0.121875 0.139062
3 0.0921875 0.33125 0.125 0.103125
2 0.685938 0.966406 0.10625 0.0671875
2 0.151562 0.134375 0.165625 0.14375
0 0.671094 0.711719 0.0703125 0.0609375
2 0.195312 0.053125 0.1375 0.10625
2 0.727344 0.602344 0.107813 0.114063
2 0.102344 0.757031 0.148438 0.170312
2 0.81875 0.847656 0.109375 0.104687
2 0.464063 0.360938 0.1 0.103125
2 0.271094 0.958594 0.142188 0.0828125
3 0.919531 0.225781 0.160938 0.145313
3 0.575 0.603906 0.11875 0.114063
2 0.857813 0.575781 0.0625 0.0640625
2 0.694531 0.471094 0.123438 0.135937
2 0.330469 0.686719 0.104687 0.0828125
2 0.535937 0.133594 0.103125 0.0859375
2 0.567187 0.734375 0.084375 0.09375
2 0.0390625 0.685938 0.078125 0.09375
0 0.202344 0.470313 0.0796875 0.08125
2 0.757031 0.777344 0.126563 0.129688
2 0.805469 0.598437 0.0765625 0.078125
3 0.789062 0.207813 0.084375 0.0875
2 0.352344 0.335938 0.145313 0.15625
2 0.932031 0.582031 0.0828125 0.0890625
2 0.91875 0.933594 0.125 0.129688
3 0.423438 0.817187 0.10625 0.103125
2 0.921094 0.829687 0.129688 0.09375
2 0.658594 0.3625 0.170312 0.171875
3 0.736719 0.117969 0.0796875 0.0765625
3 0.25625 0.158594 0.05 0.0640625
2 0.478125 0.685938 0.15625 0.159375
2 0.0445312 0.224219 0.0890625 0.120312
2 0.640625 0.78125 0.096875 0.109375
2 0.403906 0.932031 0.129688 0.132812
2 0.214062 0.611719 0.159375 0.195312
2 0.770312 0.679688 0.121875 0.096875
2 0.0945313 0.450781 0.145313 0.132812
2 0.669531 0.198437 0.135937 0.1375
2 0.914062 0.735937 0.134375 0.11875
2 0.314844 0.059375 0.145313 0.11875
2 0.4875 0.522656 0.103125 0.107813
0 0.470313 0.433594 0.084375 0.0765625
2 0.442969 0.0734375 0.132812 0.146875
2 0.85625 0.31875 0.121875 0.140625
2 0.352344 0.55625 0.217187 0.20625
2 0.0773437 0.589063 0.148438 0.15
2 0.272656 0.760156 0.192188 0.117188
3 0.161719 0.246875 0.154687 0.125
2 0.532031 0.820312 0.120312 0.1125
