2 0.874219 0.402344 0.164062 0.126563
2 0.725781 0.2375 0.0453125 0.053125
2 0.866406 0.988281 0.101562 0.0234375
0 0.471875 0.983594 0.065625 0.0328125
0 0.165625 0.341406 0.259375 0.276563
0 0.282813 0.775781 0.16875 0.176563
2 0.782031 0.399219 0.0546875 0.0640625
2 0.957031 0.975 0.0859375 0.05
2 0.646875 0.952344 0.13125 0.0953125
2 0.972656 0.197656 0.0546875 0.145313
0 0.102344 0.0445312 0.170312 0.0890625
2 0.978906 0.332031 0.0421875 0.0734375
3 0.771875 0.0984375 0.040625 0.04375
0 0.983594 0.635156 0.0328125 0.0546875
2 0.704687 0.175 0.065625 0.071875
0 0.776563 0.928125 0.034375 0.034375
2 0.892187 0.329688 0.13125 0.090625
3 0.678125 0.291406 0.128125 0.104687
0 0.554688 0.983594 0.065625 0.0328125
0 0.742969 0.665625 0.0421875 0.046875
2 0.625 0.2125 0.15625 0.1125
2 0.859375 0.936719 0.115625 0.0984375
2 0.644531 0.863281 0.0921875 0.0859375
2 0.91875 0.902344 0.096875 0.0890625
2 0.894531 0.08125 0.126563 0.078125
0 0.823438 0.524219 0.0375 0.0421875
2 0.826563 0.16875 0.096875 0.1
3 0.8 0.0359375 0.084375 0.071875
0 0.557813 0.0484375 0.05 0.046875
0 0.0921875 0.8625 0.184375 0.275
0 0.361719 0.885156 0.264062 0.226562
0 0.285937 0.224219 0.04375 0.0578125
2 0.795313 0.838281 0.115625 0.132812
0 0.933594 0.84375 0.0609375 0.05
2 0.623438 0.415625 0.103125 0.125
2 0.925 0.25625 0.11875 0.0875
2 0.914062 0.163281 0.1 0.104687
2 0.730469 0.882031 0.0796875 0.107813
2 0.892969 0.742188 0.135937 0.11875
0 0.538281 0.81875 0.0421875 0.04375
2 0.846875 0.640625 0.13125 0.125
0 0.407031 0.1125 0.0390625 0.04375
2 0.714063 0.414844 0.096875 0.139062
0 0.792969 0.282813 0.0734375 0.0625
0 0.378125 0.360938 0.190625 0.20625
0 0.0710938 0.158594 0.142188 0.157813
0 0.135156 0.555469 0.270312 0.367188
0 0.386719 0.585156 0.264062 0.282813
