3 0.75 0.04375 0.1 0.0875
2 0.942969 0.0148437 0.107813 0.0296875
0 0.499219 0.942187 0.201562 0.115625
0 0.839844 0.939062 0.0828125 0.0875
2 0.0265625 0.644531 0.05 0.120312
2 0.84375 0.0195312 0.103125 0.0390625
0 0.749219 0.959375 0.276563 0.08125
2 0.744531 0.785156 0.101562 0.107813
3 0.028125 0.775781 0.05625 0.132812
2 0.283594 0.60625 0.142188 0.11875
3 0.282031 0.608594 0.139062 0.117188
2 0.33125 0.178906 0.13125 0.129688
3 0.0265625 0.36875 0.053125 0.125
2 0.411719 0.386719 0.107813 0.0890625
3 0.74375 0.784375 0.103125 0.109375
3 0.355469 0.879687 0.0671875 0.078125
0 0.252344 0.128906 0.0671875 0.0578125
1 0.970312 0.307813 0.059375 0.1375
2 0.503125 0.744531 0.090625 0.0984375
2 0.732813 0.880469 0.109375 0.0953125
2 0.750781 0.04375 0.104687 0.0875
3 0.832812 0.864844 0.059375 0.0640625
2 0.957031 0.436719 0.0859375 0.135937
2 0.06875 0.619531 0.1125 0.154687
2 0.502344 0.650781 0.117188 0.114063
3 0.150781 0.234375 0.120312 0.1125
2 0.407031 0.592188 0.135937 0.140625
3 0.120312 0.734375 0.096875 0.08125
2 0.954687 0.650781 0.090625 0.132812
2 0.947656 0.551562 0.104687 0.1125
2 0.905469 0.339844 0.123438 0.157813
3 0.485156 0.473437 0.0671875 0.06875
3 0.596875 0.503125 0.13125 0.134375
2 0.848437 0.591406 0.14375 0.167187
2 0.384375 0.482031 0.125 0.117188
2 0.726562 0.576563 0.1375 0.1375
2 0.308594 0.409375 0.0859375 0.1
2 0.446875 0.860937 0.0875 0.1
3 0.183594 0.526563 0.0890625 0.0875
2 0.941406 0.0875 0.117188 0.13125
2 0.185937 0.328125 0.109375 0.096875
3 0.309375 0.724219 0.134375 0.148438
2 0.932031 0.767187 0.126563 0.1375
3 0.6 0.725 0.109375 0.13125
3 0.0445312 0.263281 0.0890625 0.0890625
3 0.2 0.424219 0.128125 0.114063
3 0.285937 0.303906 0.10625 0.107813
3 0.394531 0.285937 0.104687 0.11875
3 0.280469 0.50625 0.107813 0.103125
3 0.0484375 0.488281 0.096875 0.104687
2 0.725 0.154687 0.134375 0.134375
3 0.684375 0.692187 0.0875 0.103125
0 0.542188 0.146875 0.296875 0.29375
3 0.0992187 0.3625 0.104687 0.115625
3 0.165625 0.629687 0.1125 0.13125
3 0.510156 0.54375 0.0921875 0.1
2 0.610156 0.322656 0.126563 0.126563
3 0.617188 0.616406 0.109375 0.114063
3 0.211719 0.732031 0.0859375 0.107813
3 0.508594 0.355469 0.114063 0.123438
2 0.939062 0.205469 0.115625 0.107813
2 0.707031 0.285937 0.0921875 0.103125
3 0.841406 0.769531 0.101562 0.117188
2 0.672656 0.416406 0.207813 0.170312
2 0.8 0.3625 0.121875 0.128125
2 0.824219 0.236719 0.139062 0.129688
2 0.853125 0.465625 0.146875 0.121875
2 0.83125 0.116406 0.1125 0.117188
