3 0.129688 0.710156 0.109375 0.0859375
3 0.927344 0.725781 0.0953125 0.0921875
0 0.5375 0.232031 0.053125 0.0578125
0 0.2375 0.05625 0.065625 0.08125
2 0.129688 0.708594 0.10625 0.0890625
3 0.203906 0.935156 0.104687 0.0890625
3 0.0304688 0.394531 0.0609375 0.129688
0 0.460938 0.0671875 0.05 0.05
2 0.404687 0.889063 0.096875 0.103125
2 0.335938 0.736719 0.046875 0.0578125
3 0.561719 0.900781 0.110937 0.0890625
2 0.46875 0.84375 0.071875 0.08125
3 0.957031 0.926562 0.0859375 0.146875
0 0.759375 0.325 0.09375 0.090625
2 0.738281 0.849219 0.0890625 0.110937
3 0.541406 0.960156 0.0890625 0.0796875
0 0.439063 0.0257812 0.103125 0.0515625
2 0.934375 0.560156 0.09375 0.104687
0 0.0234375 0.034375 0.046875 0.06875
3 0.260938 0.591406 0.0875 0.0859375
2 0.31875 0.821875 0.1 0.1125
3 0.314063 0.420312 0.05625 0.059375
2 0.328125 0.927344 0.09375 0.0953125
2 0.928125 0.725781 0.090625 0.0859375
3 0.190625 0.767187 0.096875 0.10625
3 0.853125 0.867969 0.075 0.0828125
3 0.653125 0.053125 0.09375 0.096875
3 0.978125 0.694531 0.04375 0.0640625
0 0.446875 0.544531 0.065625 0.0765625
3 0.23125 0.855469 0.078125 0.0828125
2 0.03125 0.39375 0.059375 0.128125
3 0.845312 0.85625 0.096875 0.10625
2 0.634375 0.953125 0.1 0.090625
2 0.241406 0.455469 0.129688 0.123438
3 0.835156 0.846094 0.107813 0.114063
3 0.154687 0.328906 0.1625 0.148438
0 0.111719 0.4625 0.0421875 0.053125
0 0.0140625 0.121094 0.028125 0.0578125
0 0.421875 0.0789063 0.05625 0.0609375
2 0.728906 0.778906 0.0828125 0.0640625
3 0.922656 0.0953125 0.117188 0.125
2 0.046875 0.600781 0.071875 0.0609375
2 0.028125 0.94375 0.05625 0.10625
2 0.0554687 0.738281 0.101562 0.110937
2 0.907031 0.396094 0.148438 0.0890625
0 0.744531 0.0328125 0.0609375 0.0625
2 0.609375 0.521875 0.090625 0.08125
3 0.439844 0.245312 0.0921875 0.09375
2 0.602344 0.828906 0.107813 0.126563
2 0.670313 0.858594 0.071875 0.110937
2 0.09375 0.90625 0.0875 0.09375
0 0.739062 0.398438 0.046875 0.05625
3 0.059375 0.842969 0.11875 0.101562
2 0.11875 0.550781 0.08125 0.0734375
2 0.69375 0.713281 0.121875 0.0921875
2 0.879687 0.477344 0.078125 0.0703125
2 0.272656 0.769531 0.0765625 0.0796875
0 0.503906 0.203906 0.0484375 0.0578125
2 0.910937 0.564062 0.078125 0.09375
2 0.159375 0.861719 0.075 0.0890625
2 0.05625 0.528906 0.071875 0.0796875
0 0.535937 0.179688 0.046875 0.05
2 0.89375 0.648438 0.1125 0.084375
2 0.678906 0.519531 0.0546875 0.0671875
2 0.590625 0.445312 0.0625 0.071875
0 0.107031 0.114063 0.0484375 0.046875
3 0.364844 0.45625 0.0671875 0.075
0 0.814062 0.296875 0.053125 0.059375
2 0.803906 0.398438 0.0765625 0.071875
0 0.711719 0.163281 0.0453125 0.0484375
2 0.411719 0.777344 0.135937 0.107813
0 0.338281 0.0382813 0.101562 0.0765625
0 0.71875 0.914844 0.040625 0.0546875
2 0.965625 0.546875 0.06875 0.11875
0 0.9625 0.460938 0.059375 0.05625
2 0.417188 0.609375 0.121875 0.115625
2 0.835938 0.548437 0.109375 0.128125
2 0.153906 0.624219 0.148438 0.114063
3 0.879687 0.786719 0.078125 0.0796875
2 0.465625 0.438281 0.1625 0.176563
0 0.0765625 0.0820312 0.08125 0.0796875
2 0.390625 0.367188 0.084375 0.078125
3 0.720312 0.10625 0.09375 0.090625
3 0.314844 0.195312 0.145313 0.11875
2 0.325781 0.64375 0.0796875 0.1
0 0.307031 0.515625 0.0796875 0.09375
0 0.65625 0.211719 0.0625 0.0515625
2 0.399219 0.707031 0.123438 0.0828125
0 0.592969 0.195312 0.0640625 0.06875
3 0.802344 0.709375 0.114063 0.146875
0 0.334375 0.327344 0.05 0.0484375
2 0.632031 0.632812 0.104687 0.128125
0 0.260938 0.675 0.075 0.078125
2 0.282031 0.359375 0.0953125 0.084375
0 0.359375 0.528125 0.0625 0.075
0 0.642187 0.285937 0.075 0.065625
2 0.539062 0.742188 0.125 0.15
0 0.523438 0.0703125 0.1 0.1375
0 0.165625 0.464844 0.065625 0.0671875
2 0.910156 0.323438 0.157813 0.10625
2 0.721094 0.607031 0.114063 0.123438
2 0.666406 0.433594 0.110937 0.104687
2 0.751562 0.490625 0.109375 0.128125
0 0.504687 0.553906 0.0625 0.0703125
0 0.435156 0.15625 0.0859375 0.090625
2 0.585938 0.332812 0.146875 0.14375
0 0.54375 0.485938 0.071875 0.08125
0 0.50625 0.649219 0.053125 0.0546875
0 0.0515625 0.215625 0.1 0.10625
