2 0.928125 0.192969 0.13125 0.164062
2 0.482031 0.1 0.126563 0.13125
2 0.828125 0.2 0.109375 0.1625
2 0.902344 0.976562 0.139062 0.046875
2 0.370313 0.0695312 0.125 0.129688
1 0.167187 0.0351562 0.13125 0.0703125
2 0.0203125 0.929688 0.040625 0.13125
1 0.0664062 0.0609375 0.132812 0.121875
2 0.9625 0.738281 0.075 0.195312
2 0.969531 0.345313 0.0609375 0.11875
2 0.709375 0.0570313 0.165625 0.114063
2 0.770312 0.107813 0.13125 0.10625
2 0.778125 0.885156 0.11875 0.0859375
2 0.273438 0.607813 0.09375 0.084375
2 0.358594 0.182812 0.101562 0.09375
3 0.69375 0.942969 0.075 0.0890625
1 0.0757812 0.169531 0.104687 0.110937
0 0.610937 0.744531 0.096875 0.107813
1 0.48125 0.100781 0.128125 0.139062
0 0.792969 0.672656 0.0734375 0.0609375
2 0.03125 0.483594 0.0625 0.107813
2 0.0484375 0.391406 0.096875 0.117188
2 0.628906 0.183594 0.114063 0.145313
2 0.957812 0.0570313 0.084375 0.114063
2 0.945312 0.478906 0.109375 0.117188
3 0.855469 0.519531 0.0734375 0.0921875
2 0.960156 0.894531 0.0796875 0.142188
2 0.457031 0.188281 0.0703125 0.0609375
2 0.09375 0.925 0.11875 0.11875
2 0.194531 0.499219 0.0828125 0.0734375
2 0.10625 0.5 0.109375 0.103125
3 0.0429688 0.292188 0.0796875 0.078125
2 0.539062 0.18125 0.0875 0.1125
1 0.271875 0.401563 0.171875 0.146875
2 0.473437 0.729688 0.178125 0.13125
2 0.136719 0.698438 0.223438 0.14375
1 0.704687 0.3 0.140625 0.140625
2 0.798437 0.336719 0.10625 0.0921875
2 0.171094 0.919531 0.0578125 0.0671875
2 0.657812 0.835938 0.109375 0.125
2 0.0921875 0.814062 0.140625 0.103125
0 0.517187 0.627344 0.075 0.0734375
2 0.484375 0.9375 0.08125 0.115625
2 0.90625 0.382031 0.18125 0.157813
2 0.777344 0.534375 0.135937 0.134375
2 0.657031 0.627344 0.151562 0.117188
1 0.245312 0.291406 0.13125 0.107813
2 0.510938 0.391406 0.196875 0.114063
1 0.482031 0.282813 0.145313 0.134375
2 0.407813 0.607031 0.165625 0.160938
2 0.167969 0.582031 0.139062 0.101562
2 0.65625 0.497656 0.128125 0.160938
1 0.788281 0.953906 0.120312 0.0921875
1 0.140625 0.404687 0.10625 0.115625
2 0.320312 0.50625 0.165625 0.140625
2 0.885938 0.891406 0.103125 0.135937
2 0.259375 0.0664062 0.09375 0.0953125
1 0.235156 0.171094 0.157813 0.154687
1 0.135156 0.28125 0.135937 0.140625
2 0.396094 0.9375 0.110937 0.121875
2 0.74375 0.410156 0.159375 0.120312
2 0.291406 0.919531 0.148438 0.123438
1 0.736719 0.216406 0.110937 0.114063
1 0.36875 0.298438 0.115625 0.15625
1 0.590625 0.325 0.121875 0.140625
2 0.250781 0.788281 0.164062 0.160938
2 0.775 0.760156 0.20625 0.182812
2 0.5875 0.925781 0.140625 0.148438
2 0.517187 0.514063 0.178125 0.159375
2 0.583594 0.0914062 0.0953125 0.0984375
