2 0.919531 0.0390625 0.151562 0.078125
0 0.796094 0.526563 0.401563 0.346875
3 0.482031 0.982031 0.123438 0.0359375
2 0.0351562 0.21875 0.0609375 0.0625
2 0.464063 0.689062 0.134375 0.146875
0 0.0101562 0.902344 0.0203125 0.0609375
0 0.180469 0.808594 0.0359375 0.0421875
0 0.0960938 0.727344 0.0609375 0.0609375
2 0.034375 0.314844 0.06875 0.120312
2 0.221094 0.479688 0.0390625 0.046875
2 0.428906 0.0523437 0.201562 0.104687
0 0.155469 0.770312 0.0578125 0.053125
3 0.632812 0.182812 0.1125 0.10625
2 0.0296875 0.510156 0.059375 0.101562
2 0.0476562 0.646094 0.0953125 0.148438
2 0.773438 0.0507812 0.1625 0.101562
3 0.6125 0.945312 0.13125 0.10625
0 0.826563 0.489844 0.346875 0.392188
2 0.232812 0.704687 0.115625 0.096875
3 0.695312 0.369531 0.06875 0.0734375
0 0.028125 0.819531 0.05625 0.0921875
3 0.177344 0.285156 0.0859375 0.0828125
3 0.116406 0.580469 0.0671875 0.0765625
2 0.495313 0.903906 0.128125 0.132812
0 0.171094 0.740625 0.0734375 0.06875
2 0.954687 0.322656 0.090625 0.117188
2 0.254687 0.914844 0.1125 0.129688
0 0.901563 0.88125 0.19375 0.20625
0 0.574219 0.5125 0.0453125 0.05
2 0.371875 0.928906 0.125 0.132812
2 0.0632813 0.0984375 0.0734375 0.071875
3 0.542969 0.207031 0.0640625 0.0671875
2 0.336719 0.808594 0.145313 0.142188
3 0.484375 0.438281 0.09375 0.104687
3 0.442187 0.547656 0.121875 0.123438
2 0.766406 0.271875 0.223438 0.153125
0 0.173438 0.95 0.1 0.1
3 0.551562 0.767969 0.13125 0.123438
3 0.578125 0.61875 0.125 0.153125
0 0.110937 0.866406 0.053125 0.0609375
2 0.207813 0.594531 0.134375 0.151562
2 0.924219 0.247656 0.104687 0.104687
0 0.0796875 0.521094 0.075 0.0765625
2 0.328906 0.579687 0.129688 0.159375
0 0.0648438 0.894531 0.0515625 0.0546875
3 0.596094 0.407031 0.151562 0.148438
2 0.364062 0.228906 0.178125 0.160938
2 0.951563 0.129688 0.096875 0.121875
2 0.153125 0.075 0.159375 0.15
2 0.407813 0.360156 0.184375 0.135937
2 0.815625 0.124219 0.178125 0.148438
2 0.55625 0.101562 0.125 0.13125
2 0.0820312 0.402344 0.164062 0.160938
0 0.06875 0.764844 0.109375 0.0984375
2 0.344531 0.704687 0.117188 0.109375
