1 0.971875 0.264062 0.05625 0.103125
2 0.971875 0.264844 0.05625 0.104687
2 0.583594 0.441406 0.129688 0.185937
2 0.576563 0.626562 0.1125 0.184375
2 0.0734375 0.254687 0.140625 0.115625
2 0.153906 0.982813 0.0890625 0.034375
1 0.86875 0.757812 0.09375 0.075
1 0.755469 0.317187 0.0953125 0.115625
2 0.0851562 0.744531 0.123438 0.101562
3 0.0710938 0.254687 0.135937 0.115625
1 0.576563 0.625 0.109375 0.184375
1 0.661719 0.86875 0.0921875 0.078125
1 0.583594 0.440625 0.126563 0.18125
2 0.664062 0.789844 0.075 0.0796875
1 0.614062 0.74375 0.090625 0.084375
2 0.961719 0.771875 0.0765625 0.084375
2 0.0632813 0.754687 0.126563 0.115625
1 0.383594 0.50625 0.120312 0.11875
2 0.753906 0.315625 0.0921875 0.1125
1 0.372656 0.639063 0.107813 0.16875
3 0.485938 0.985937 0.034375 0.028125
2 0.216406 0.921094 0.0671875 0.0578125
1 0.960938 0.0320312 0.078125 0.0640625
1 0.785937 0.128125 0.171875 0.225
1 0.378906 0.269531 0.120312 0.117188
1 0.660156 0.309375 0.129688 0.14375
2 0.0265625 0.955469 0.053125 0.0890625
2 0.217969 0.982813 0.0671875 0.034375
2 0.265625 0.271875 0.15 0.14375
2 0.175781 0.180469 0.0890625 0.0890625
1 0.872656 0.235938 0.185937 0.146875
2 0.0984375 0.678906 0.078125 0.0640625
2 0.672656 0.639844 0.117188 0.157813
2 0.502344 0.0945313 0.160938 0.189063
1 0.869531 0.03125 0.139062 0.0625
2 0.0507812 0.601562 0.101562 0.13125
2 0.460156 0.2125 0.120312 0.121875
2 0.0453125 0.757031 0.090625 0.114063
1 0.497656 0.514844 0.129688 0.123438
2 0.974219 0.91875 0.0515625 0.0625
1 0.390625 0.0929687 0.10625 0.185937
1 0.778906 0.953906 0.123438 0.0921875
2 0.285156 0.63125 0.0984375 0.14375
2 0.915625 0.1125 0.121875 0.134375
2 0.173438 0.270312 0.0875 0.084375
2 0.90625 0.832812 0.090625 0.090625
2 0.470313 0.816406 0.10625 0.0828125
2 0.0984375 0.938281 0.1125 0.0890625
1 0.93125 0.353906 0.10625 0.110937
2 0.0773437 0.378906 0.107813 0.123438
2 0.517187 0.753125 0.125 0.109375
2 0.585156 0.823438 0.0796875 0.084375
2 0.589844 0.961719 0.0890625 0.0765625
2 0.0539063 0.48125 0.107813 0.13125
2 0.661719 0.961719 0.0703125 0.0765625
2 0.280469 0.923437 0.0546875 0.05625
2 0.966406 0.85 0.0671875 0.090625
2 0.2625 0.171094 0.090625 0.104687
2 0.453906 0.894531 0.107813 0.0859375
1 0.467187 0.647656 0.134375 0.185937
2 0.182031 0.492969 0.123438 0.114063
2 0.93125 0.664844 0.109375 0.182812
2 0.165625 0.383594 0.096875 0.120312
2 0.282813 0.5 0.109375 0.115625
2 0.539844 0.90625 0.0796875 0.08125
1 0.926562 0.480469 0.146875 0.176563
2 0.679688 0.4625 0.109375 0.165625
2 0.0648438 0.857031 0.123438 0.114063
1 0.196094 0.0859375 0.117188 0.15625
2 0.308594 0.835938 0.148438 0.1375
2 0.0726563 0.146875 0.145313 0.128125
2 0.177344 0.867188 0.123438 0.11875
2 0.386719 0.767187 0.114063 0.109375
2 0.841406 0.65625 0.114063 0.146875
2 0.20625 0.750781 0.13125 0.110937
1 0.3625 0.383594 0.134375 0.151562
2 0.54375 0.298438 0.13125 0.109375
1 0.8375 0.328906 0.10625 0.117188
2 0.680469 0.185156 0.0984375 0.107813
1 0.289844 0.075 0.0984375 0.11875
2 0.475781 0.3875 0.117188 0.153125
1 0.253125 0.389062 0.1125 0.11875
2 0.582812 0.175 0.125 0.1375
1 0.792969 0.470313 0.167187 0.203125
