0 0.257031 0.821875 0.0703125 0.071875
0 0.0671875 0.532031 0.134375 0.376563
0 0.0578125 0.465625 0.115625 0.234375
0 0.0390625 0.882812 0.078125 0.103125
0 0.573438 0.936719 0.075 0.0796875
0 0.108594 0.136719 0.217187 0.242188
0 0.879687 0.413281 0.10625 0.132812
0 0.0820312 0.1 0.164062 0.196875
0 0.4375 0.3875 0.103125 0.10625
0 0.2375 0.0351562 0.190625 0.0703125
0 0.7125 0.332812 0.10625 0.14375
0 0.803125 0.466406 0.0875 0.0828125
0 0.745313 0.972656 0.05625 0.0484375
0 0.829687 0.736719 0.078125 0.0734375
0 0.726562 0.0765625 0.296875 0.153125
0 0.895312 0.515625 0.1 0.103125
0 0.8125 0.325 0.103125 0.10625
0 0.364844 0.278125 0.114063 0.1125
0 0.185156 0.926562 0.160938 0.146875
0 0.544531 0.667188 0.245312 0.159375
0 0.533594 0.541406 0.151562 0.151562
0 0.584375 0.775781 0.209375 0.148438
0 0.104687 0.350781 0.20625 0.179688
0 0.160156 0.476562 0.120312 0.1125
0 0.203906 0.119531 0.117188 0.148438
0 0.792969 0.174219 0.204688 0.232812
0 0.426562 0.813281 0.0875 0.0953125
0 0.327344 0.892969 0.0609375 0.0765625
0 0.674219 0.521875 0.173438 0.203125
0 0.746875 0.6875 0.1375 0.11875
0 0.5375 0.421094 0.134375 0.132812
0 0.6 0.288281 0.196875 0.198437
0 0.105469 0.783594 0.170312 0.151562
0 0.308594 0.425781 0.232812 0.214062
0 0.213281 0.6125 0.189063 0.175
0 0.309375 0.679688 0.21875 0.2125
0 0.470313 0.221875 0.19375 0.196875
0 0.457812 0.08125 0.246875 0.1625
0 0.310156 0.149219 0.145313 0.164062
