3 0.0921875 0.0609375 0.18125 0.11875
3 0.973437 0.872656 0.053125 0.123438
2 0.430469 0.523438 0.0703125 0.06875
2 0.0234375 0.246094 0.046875 0.114063
2 0.973437 0.871094 0.05 0.123438
3 0.101562 0.959375 0.1 0.08125
2 0.564062 0.621875 0.06875 0.059375
3 0.339063 0.967188 0.103125 0.065625
3 0.247656 0.175 0.0609375 0.06875
3 0.957031 0.974219 0.0859375 0.0515625
3 0.0234375 0.940625 0.046875 0.11875
2 0.785156 0.975781 0.145313 0.0484375
2 0.970312 0.560156 0.059375 0.114063
3 0.267969 0.720312 0.0765625 0.0875
2 0.09375 0.0609375 0.1875 0.115625
2 0.216406 0.257812 0.132812 0.140625
2 0.0398437 0.125 0.0796875 0.11875
3 0.289062 0.040625 0.121875 0.08125
3 0.410937 0.0335938 0.11875 0.0671875
2 0.8375 0.153906 0.103125 0.104687
0 0.489062 0.417188 0.059375 0.05625
2 0.892187 0.871875 0.0875 0.090625
2 0.207813 0.9625 0.125 0.075
0 0.677344 0.939062 0.0703125 0.06875
0 0.597656 0.910937 0.0703125 0.075
3 0.477344 0.7375 0.0640625 0.075
3 0.258594 0.398438 0.0484375 0.053125
3 0.707031 0.14375 0.0640625 0.075
2 0.0390625 0.360938 0.078125 0.13125
3 0.580469 0.188281 0.0859375 0.0890625
3 0.186719 0.510156 0.0828125 0.0921875
0 0.199219 0.717188 0.0671875 0.071875
0 0.816406 0.670313 0.0546875 0.06875
2 0.524219 0.0648438 0.139062 0.129688
2 0.786719 0.0679687 0.0859375 0.114063
2 0.564844 0.528125 0.0796875 0.065625
2 0.961719 0.0914062 0.0765625 0.0984375
3 0.886719 0.735937 0.0921875 0.084375
2 0.497656 0.295312 0.110937 0.13125
3 0.289062 0.811719 0.121875 0.107813
2 0.944531 0.452344 0.107813 0.114063
2 0.399219 0.16875 0.132812 0.146875
0 0.761719 0.676562 0.0609375 0.075
2 0.0898438 0.616406 0.179688 0.139062
3 0.329688 0.292969 0.0875 0.0921875
3 0.757031 0.224219 0.132812 0.132812
2 0.486719 0.828125 0.126563 0.1125
2 0.884375 0.0757812 0.096875 0.114063
2 0.0945313 0.240625 0.129688 0.14375
2 0.0851562 0.507031 0.167187 0.123438
3 0.276563 0.509375 0.103125 0.1
3 0.624219 0.0601562 0.0765625 0.114063
3 0.278125 0.601562 0.140625 0.115625
2 0.699219 0.0570313 0.0953125 0.114063
3 0.655469 0.628125 0.0828125 0.078125
2 0.579687 0.735156 0.115625 0.129688
3 0.686719 0.733594 0.0953125 0.0984375
2 0.615625 0.310156 0.128125 0.154687
2 0.14375 0.389062 0.16875 0.121875
2 0.139844 0.830469 0.157813 0.173438
2 0.432031 0.605469 0.120312 0.0984375
2 0.373437 0.732031 0.1125 0.123438
2 0.910156 0.33125 0.170312 0.14375
