3 0.0835937 0.144531 0.0734375 0.0828125
0 0.685938 0.732031 0.075 0.0796875
2 0.450781 0.19375 0.0921875 0.1
2 0.0851562 0.145313 0.0765625 0.08125
2 0.532812 0.641406 0.053125 0.0546875
3 0.571094 0.622656 0.0296875 0.0359375
2 0.965625 0.967969 0.06875 0.0640625
2 0.34375 0.367969 0.1125 0.114063
2 0.0304688 0.35 0.0609375 0.140625
3 0.45 0.195312 0.09375 0.1
0 0.953125 0.454688 0.0875 0.078125
2 0.457812 0.516406 0.0875 0.0796875
3 0.210156 0.603125 0.104687 0.09375
2 0.7375 0.828125 0.18125 0.165625
2 0.785156 0.971094 0.151562 0.0578125
0 0.367188 0.697656 0.05625 0.0453125
2 0.175781 0.407813 0.0890625 0.08125
2 0.9625 0.339844 0.075 0.160938
3 0.604688 0.541406 0.10625 0.101562
2 0.68125 0.321094 0.053125 0.0578125
0 0.433594 0.960156 0.0953125 0.0796875
3 0.2875 0.26875 0.071875 0.075
3 0.957031 0.179688 0.0859375 0.10625
3 0.519531 0.211719 0.0578125 0.0828125
0 0.478906 0.660937 0.0296875 0.03125
3 0.0671875 0.713281 0.128125 0.120312
2 0.703906 0.0875 0.135937 0.175
3 0.353125 0.507031 0.121875 0.126563
2 0.8875 0.578125 0.184375 0.20625
0 0.871094 0.30625 0.104687 0.10625
2 0.633594 0.453125 0.0515625 0.0625
2 0.8125 0.226562 0.103125 0.0875
2 0.750781 0.932031 0.117188 0.0734375
3 0.488281 0.300781 0.132812 0.0921875
3 0.589844 0.225 0.0921875 0.10625
0 0.807031 0.08125 0.0828125 0.075
0 0.392188 0.615625 0.065625 0.06875
2 0.847656 0.140625 0.132812 0.11875
2 0.178906 0.0554687 0.104687 0.0984375
2 0.0734375 0.26875 0.10625 0.10625
2 0.240625 0.355469 0.10625 0.117188
2 0.635938 0.65 0.06875 0.059375
0 0.229687 0.51875 0.065625 0.071875
3 0.417188 0.83125 0.08125 0.109375
0 0.497656 0.746094 0.0390625 0.0390625
2 0.876562 0.884375 0.1 0.125
2 0.735937 0.470313 0.10625 0.090625
2 0.696875 0.548437 0.0875 0.084375
3 0.319531 0.620313 0.0890625 0.1
0 0.429688 0.627344 0.034375 0.0328125
2 0.177344 0.166406 0.135937 0.151562
3 0.358594 0.195312 0.0703125 0.071875
2 0.778125 0.323438 0.11875 0.1125
3 0.530469 0.945312 0.0984375 0.0875
2 0.596094 0.102344 0.104687 0.142188
2 0.626562 0.945312 0.096875 0.10625
3 0.563281 0.442969 0.0890625 0.101562
2 0.289062 0.0867188 0.128125 0.173438
0 0.25 0.844531 0.3125 0.298438
2 0.492188 0.0921875 0.11875 0.128125
2 0.399219 0.0867188 0.0984375 0.132812
3 0.521094 0.841406 0.139062 0.129688
2 0.0875 0.479688 0.175 0.165625
2 0.954687 0.824219 0.084375 0.0921875
2 0.469531 0.434375 0.0734375 0.06875
2 0.692969 0.40625 0.0984375 0.09375
