2 0.0976562 0.938281 0.0453125 0.0546875
3 0.346094 0.796875 0.0890625 0.096875
0 0.729688 0.735937 0.103125 0.1
0 0.884375 0.0523437 0.10625 0.101562
2 0.121094 0.776563 0.0890625 0.06875
3 0.741406 0.842188 0.167187 0.1375
0 0.944531 0.978125 0.110937 0.04375
2 0.201562 0.78125 0.071875 0.096875
2 0.526563 0.942969 0.146875 0.114063
0 0.9125 0.553125 0.0625 0.053125
2 0.260938 0.0375 0.234375 0.075
2 0.789062 0.6 0.059375 0.059375
2 0.764063 0.0914062 0.13125 0.148438
0 0.842969 0.20625 0.0296875 0.034375
2 0.710938 0.602344 0.08125 0.0921875
0 0.850781 0.624219 0.0734375 0.0859375
2 0.239844 0.121094 0.179688 0.139062
3 0.454688 0.81875 0.065625 0.071875
0 0.924219 0.878125 0.142188 0.1625
1 0.234375 0.932031 0.0875 0.0859375
0 0.850781 0.721875 0.110937 0.109375
2 0.689062 0.500781 0.153125 0.179688
2 0.461719 0.726562 0.229687 0.159375
2 0.797656 0.510938 0.0734375 0.075
0 0.176563 0.589844 0.08125 0.101562
2 0.553125 0.0835937 0.221875 0.164062
0 0.616406 0.825 0.0984375 0.109375
3 0.270312 0.430469 0.1 0.101562
0 0.913281 0.652344 0.0609375 0.0734375
2 0.253125 0.29375 0.20625 0.19375
2 0.564844 0.447656 0.151562 0.135937
2 0.442187 0.575781 0.15625 0.129688
3 0.117188 0.282031 0.10625 0.120312
2 0.586719 0.596875 0.157813 0.16875
2 0.578906 0.282813 0.182812 0.184375
2 0.078125 0.114063 0.153125 0.190625
2 0.410156 0.439063 0.170312 0.15
2 0.694531 0.339063 0.120312 0.125
2 0.833594 0.359375 0.107813 0.10625
2 0.417188 0.292969 0.128125 0.145313
2 0.475 0.164844 0.159375 0.139062
