2 0.8625 0.946094 0.075 0.0734375
2 0.146875 0.546094 0.059375 0.0515625
0 0.967188 0.289062 0.065625 0.096875
0 0.688281 0.707812 0.0484375 0.053125
3 0.464063 0.153906 0.121875 0.139062
3 0.05 0.45625 0.1 0.109375
0 0.246875 0.353906 0.071875 0.0859375
3 0.516406 0.23125 0.0484375 0.040625
2 0.148438 0.964063 0.175 0.071875
3 0.0546875 0.8875 0.1 0.121875
3 0.352344 0.167969 0.0421875 0.0515625
3 0.864844 0.764844 0.0390625 0.0515625
0 0.7875 0.257812 0.078125 0.084375
2 0.934375 0.6625 0.090625 0.115625
0 0.310156 0.385938 0.0703125 0.0875
2 0.338281 0.919531 0.132812 0.157813
3 0.349219 0.265625 0.0828125 0.090625
3 0.435937 0.614844 0.075 0.0796875
0 0.958594 0.03125 0.0828125 0.0625
2 0.71875 0.645312 0.10625 0.103125
3 0.159375 0.486719 0.065625 0.0734375
3 0.653125 0.844531 0.109375 0.139062
2 0.492969 0.291406 0.0953125 0.0890625
0 0.109375 0.0601562 0.078125 0.0796875
0 0.239844 0.0359375 0.0671875 0.059375
3 0.0414063 0.10625 0.0828125 0.115625
3 0.0351562 0.766406 0.0703125 0.0703125
2 0.953906 0.966406 0.0890625 0.0671875
2 0.370313 0.489844 0.1125 0.101562
2 0.476562 0.936719 0.140625 0.123438
2 0.239844 0.258594 0.0765625 0.0765625
3 0.470313 0.833594 0.084375 0.0953125
2 0.926562 0.471094 0.11875 0.123438
3 0.682813 0.539062 0.125 0.125
3 0.140625 0.89375 0.09375 0.109375
2 0.692969 0.299219 0.167187 0.132812
2 0.732813 0.189844 0.084375 0.0796875
3 0.0460938 0.557031 0.0921875 0.110937
2 0.680469 0.940625 0.0703125 0.0625
2 0.738281 0.422656 0.204688 0.154687
3 0.48125 0.553125 0.065625 0.075
2 0.832031 0.109375 0.110937 0.146875
0 0.129688 0.246094 0.071875 0.0765625
2 0.589844 0.533594 0.0828125 0.101562
3 0.265625 0.492188 0.090625 0.09375
2 0.93125 0.134375 0.13125 0.178125
3 0.553125 0.846094 0.0875 0.107813
2 0.733594 0.75625 0.0765625 0.071875
2 0.492188 0.39375 0.134375 0.121875
2 0.146875 0.645312 0.134375 0.134375
2 0.954687 0.782031 0.090625 0.117188
0 0.247656 0.639844 0.0796875 0.0796875
2 0.750781 0.859375 0.0953125 0.11875
2 0.83125 0.859375 0.06875 0.0875
2 0.267188 0.814062 0.14375 0.14375
3 0.580469 0.636719 0.117188 0.107813
2 0.8375 0.646094 0.1375 0.176563
2 0.711719 0.0914062 0.129688 0.142188
2 0.589844 0.175781 0.0953125 0.114063
2 0.375781 0.382031 0.0828125 0.0859375
2 0.360938 0.071875 0.134375 0.13125
2 0.917188 0.882031 0.103125 0.110937
2 0.240625 0.146875 0.153125 0.134375
2 0.357812 0.692969 0.178125 0.173438
2 0.841406 0.342187 0.0921875 0.1125
2 0.15625 0.784375 0.125 0.115625
0 0.578906 0.758594 0.0890625 0.0890625
