0 0.725 0.890625 0.08125 0.08125
0 0.359375 0.0679687 0.0375 0.0390625
2 0.065625 0.9375 0.13125 0.125
0 0.836719 0.598437 0.0640625 0.059375
2 0.464844 0.517969 0.0921875 0.0828125
2 0.726562 0.890625 0.084375 0.08125
0 0.397656 0.283594 0.0828125 0.0703125
2 0.0507812 0.804688 0.101562 0.171875
2 0.203906 0.18125 0.0421875 0.046875
0 0.646094 0.0179687 0.0390625 0.0359375
0 0.707812 0.230469 0.090625 0.0765625
2 0.358594 0.944531 0.154687 0.104687
0 0.639844 0.636719 0.0703125 0.0609375
2 0.94375 0.794531 0.1125 0.139062
0 0.182812 0.6875 0.06875 0.071875
0 0.314844 0.697656 0.0671875 0.0609375
0 0.926562 0.244531 0.059375 0.0609375
0 0.235938 0.6125 0.071875 0.08125
0 0.680469 0.135156 0.0453125 0.0640625
0 0.710938 0.0390625 0.09375 0.078125
2 0.590625 0.9 0.1375 0.140625
2 0.23125 0.046875 0.08125 0.090625
0 0.644531 0.096875 0.0234375 0.03125
0 0.726562 0.144531 0.053125 0.0578125
0 0.340625 0.863281 0.09375 0.0953125
2 0.707031 0.550781 0.135937 0.126563
0 0.782031 0.666406 0.0453125 0.0515625
2 0.6375 0.767187 0.125 0.15
2 0.839844 0.785937 0.0828125 0.075
0 0.375 0.192969 0.06875 0.0640625
0 0.461719 0.911719 0.0703125 0.0734375
2 0.075 0.402344 0.146875 0.139062
0 0.354688 0.535156 0.078125 0.0953125
2 0.121875 0.142188 0.115625 0.1
2 0.890625 0.485938 0.10625 0.1
2 0.110156 0.615625 0.135937 0.128125
2 0.503125 0.761719 0.140625 0.160938
0 0.325781 0.334375 0.0828125 0.08125
0 0.302344 0.178125 0.0984375 0.103125
2 0.141406 0.272656 0.189063 0.151562
0 0.879687 0.210156 0.06875 0.0578125
0 0.221875 0.494531 0.084375 0.0828125
0 0.760156 0.090625 0.110937 0.1
