0 0.0570313 0.239844 0.0734375 0.142188
0 0.986719 0.635938 0.0265625 0.128125
0 0.946875 0.0375 0.10625 0.071875
0 0.0609375 0.107813 0.109375 0.15625
0 0.0539063 0.641406 0.107813 0.229687
0 0.961719 0.723437 0.0765625 0.08125
0 0.0367187 0.852344 0.0734375 0.135937
0 0.31875 0.95 0.175 0.096875
0 0.646875 0.075 0.10625 0.1375
0 0.339844 0.0390625 0.167187 0.078125
0 0.0492188 0.224219 0.0921875 0.173438
0 0.714063 0.797656 0.2125 0.201562
0 0.549219 0.86875 0.148438 0.153125
0 0.0453125 0.495313 0.090625 0.134375
0 0.164062 0.103906 0.15625 0.207813
0 0.747656 0.65625 0.170312 0.1625
0 0.513281 0.0585938 0.182812 0.117188
0 0.313281 0.578125 0.232812 0.215625
0 0.91875 0.414062 0.15 0.159375
0 0.8 0.517969 0.184375 0.148438
0 0.266406 0.732031 0.132812 0.135937
0 0.445312 0.947656 0.128125 0.104687
0 0.970312 0.838281 0.059375 0.104687
0 0.33125 0.857031 0.121875 0.126563
0 0.4125 0.303906 0.096875 0.0734375
0 0.166406 0.542188 0.176563 0.24375
0 0.653906 0.521875 0.148438 0.16875
0 0.4875 0.198437 0.175 0.20625
0 0.861719 0.80625 0.179688 0.203125
0 0.649219 0.205469 0.198437 0.170312
0 0.935156 0.101562 0.123438 0.134375
0 0.585938 0.65625 0.121875 0.1375
0 0.514844 0.517187 0.142188 0.140625
0 0.425 0.739062 0.196875 0.2375
0 0.329688 0.175 0.18125 0.23125
0 0.625 0.360938 0.2 0.171875
0 0.795313 0.0890625 0.184375 0.178125
0 0.79375 0.371094 0.1875 0.182812
0 0.898438 0.654688 0.146875 0.140625
0 0.175781 0.80625 0.135937 0.184375
0 0.166406 0.275 0.151562 0.165625
0 0.872656 0.942187 0.201562 0.115625
0 0.894531 0.254687 0.170312 0.165625
