0 0.360156 0.015625 0.0890625 0.03125
0 0.160938 0.50625 0.1 0.10625
0 0.228125 0.0390625 0.18125 0.078125
0 0.0179687 0.64375 0.0359375 0.059375
0 0.0171875 0.428906 0.034375 0.0921875
0 0.0171875 0.0679687 0.034375 0.0953125
0 0.025 0.571094 0.05 0.104687
0 0.0875 0.546094 0.028125 0.0296875
0 0.553906 0.128906 0.217187 0.217187
0 0.235156 0.214062 0.0609375 0.05625
0 0.971875 0.640625 0.05 0.05
0 0.0554687 0.809375 0.110937 0.21875
0 0.034375 0.246875 0.06875 0.096875
0 0.35625 0.253125 0.05 0.046875
0 0.084375 0.422656 0.075 0.0734375
0 0.278906 0.264844 0.117188 0.114063
0 0.0476562 0.164844 0.0953125 0.0953125
0 0.421094 0.2625 0.0859375 0.05625
0 0.210938 0.132031 0.1 0.0984375
0 0.142969 0.603125 0.0734375 0.075
0 0.4125 0.171875 0.09375 0.1
0 0.0960938 0.090625 0.123438 0.109375
0 0.317969 0.146875 0.0859375 0.084375
0 0.1375 0.840625 0.14375 0.140625
0 0.0734375 0.333594 0.121875 0.107813
