2 0.18125 0.35625 0.140625 0.134375
2 0.297656 0.95625 0.123438 0.084375
0 0.457031 0.828125 0.132812 0.14375
2 0.0234375 0.160938 0.046875 0.10625
1 0.0132813 0.71875 0.0265625 0.134375
1 0.701563 0.339844 0.115625 0.101562
1 0.182031 0.35625 0.135937 0.1375
1 0.441406 0.410156 0.0953125 0.120312
2 0.617969 0.796875 0.139062 0.14375
1 0.617969 0.796875 0.139062 0.1375
1 0.142969 0.976562 0.160938 0.046875
1 0.347656 0.830469 0.110937 0.151562
1 0.970312 0.55625 0.059375 0.115625
1 0.411719 0.957812 0.120312 0.084375
1 0.0265625 0.075 0.053125 0.1375
1 0.0421875 0.330469 0.084375 0.132812
2 0.886719 0.908594 0.107813 0.0921875
1 0.105469 0.0453125 0.189063 0.090625
2 0.555469 0.458594 0.107813 0.110937
2 0.274219 0.8375 0.0765625 0.15
2 0.646875 0.0773437 0.13125 0.117188
2 0.261719 0.0382813 0.160938 0.0765625
1 0.553906 0.459375 0.114063 0.109375
2 0.926562 0.215625 0.146875 0.153125
2 0.202344 0.546094 0.179688 0.151562
2 0.0429688 0.586719 0.0859375 0.157813
2 0.928125 0.725 0.14375 0.11875
2 0.441406 0.410156 0.0953125 0.117188
2 0.85 0.955469 0.125 0.0890625
1 0.882812 0.457812 0.146875 0.134375
1 0.778125 0.898438 0.096875 0.115625
1 0.458594 0.828125 0.135937 0.140625
2 0.102344 0.849219 0.170312 0.214062
2 0.21875 0.645312 0.14375 0.10625
2 0.510938 0.36875 0.090625 0.096875
2 0.205469 0.813281 0.0921875 0.145313
2 0.651563 0.286719 0.121875 0.170312
2 0.696875 0.458594 0.134375 0.101562
1 0.401563 0.104687 0.121875 0.115625
2 0.960938 0.832812 0.078125 0.125
2 0.464844 0.0445312 0.0609375 0.0671875
2 0.703125 0.339844 0.11875 0.107813
2 0.322656 0.5 0.126563 0.090625
2 0.744531 0.678125 0.201562 0.16875
0 0.3875 0.307031 0.078125 0.0828125
2 0.177344 0.240625 0.120312 0.10625
2 0.822656 0.0382813 0.110937 0.0765625
2 0.939844 0.0453125 0.107813 0.090625
2 0.534375 0.296094 0.171875 0.195312
1 0.925781 0.633594 0.101562 0.104687
2 0.821875 0.128906 0.1 0.0890625
2 0.560938 0.698438 0.15625 0.1625
2 0.699219 0.158594 0.101562 0.0953125
2 0.617188 0.545313 0.140625 0.121875
1 0.76875 0.789844 0.146875 0.107813
1 0.885156 0.316406 0.148438 0.139062
2 0.26875 0.7125 0.125 0.103125
1 0.625781 0.6375 0.0890625 0.084375
1 0.0875 0.498437 0.171875 0.165625
1 0.500781 0.14375 0.179688 0.175
2 0.327344 0.414844 0.123438 0.0921875
1 0.860156 0.819531 0.126563 0.123438
2 0.308594 0.147656 0.0921875 0.104687
2 0.379687 0.717188 0.1 0.1
1 0.511719 0.942969 0.154687 0.114063
2 0.217187 0.144531 0.15625 0.173438
2 0.304688 0.33125 0.125 0.10625
1 0.100781 0.141406 0.117188 0.117188
1 0.745313 0.547656 0.15 0.139062
2 0.229687 0.430469 0.096875 0.0984375
2 0.363281 0.590625 0.164062 0.171875
1 0.867969 0.580469 0.142188 0.135937
2 0.771094 0.403906 0.123438 0.148438
2 0.777344 0.240625 0.151562 0.140625
1 0.675781 0.905469 0.132812 0.151562
1 0.096875 0.684375 0.16875 0.153125
1 0.0648438 0.241406 0.129688 0.145313
2 0.480469 0.611719 0.120312 0.142188
1 0.575781 0.885938 0.148438 0.140625
