0 0.815625 0.123438 0.059375 0.075
3 0.9625 0.0453125 0.075 0.090625
0 0.139062 0.91875 0.065625 0.0625
0 0.6625 0.119531 0.065625 0.0796875
3 0.826563 0.372656 0.053125 0.0515625
2 0.04375 0.316406 0.0875 0.0921875
2 0.925 0.391406 0.065625 0.0640625
3 0.685938 0.857813 0.115625 0.11875
2 0.604688 0.654688 0.04375 0.05625
0 0.889063 0.975781 0.08125 0.0484375
2 0.935938 0.29375 0.04375 0.046875
3 0.845312 0.0351562 0.096875 0.0703125
2 0.916406 0.883594 0.154687 0.132812
0 0.771875 0.974219 0.0625 0.0515625
0 0.738281 0.433594 0.104687 0.0828125
3 0.963281 0.504687 0.0734375 0.10625
2 0.857813 0.741406 0.109375 0.110937
3 0.541406 0.953906 0.145313 0.0921875
0 0.196094 0.664062 0.0328125 0.0375
0 0.569531 0.753125 0.0796875 0.0875
2 0.0554687 0.560156 0.110937 0.129688
3 0.841406 0.604688 0.132812 0.125
2 0.390625 0.392969 0.128125 0.114063
2 0.171094 0.764844 0.0828125 0.0796875
3 0.869531 0.510156 0.110937 0.0984375
3 0.950781 0.622656 0.0921875 0.114063
2 0.508594 0.660156 0.120312 0.120312
3 0.940625 0.132031 0.115625 0.107813
0 0.335156 0.566406 0.0921875 0.0890625
2 0.207813 0.126563 0.15625 0.1375
0 0.310937 0.901563 0.059375 0.06875
2 0.555469 0.557031 0.0796875 0.0734375
2 0.149219 0.365625 0.0765625 0.075
2 0.260156 0.377344 0.129688 0.139062
2 0.0929687 0.217969 0.132812 0.145313
2 0.446875 0.188281 0.096875 0.104687
2 0.05625 0.444531 0.103125 0.0953125
2 0.560938 0.210156 0.125 0.123438
2 0.574219 0.864844 0.101562 0.104687
2 0.204688 0.25625 0.103125 0.096875
2 0.792188 0.25625 0.090625 0.096875
2 0.442187 0.546094 0.125 0.123438
2 0.346094 0.15625 0.110937 0.121875
