2 0.217969 0.296094 0.0828125 0.0609375
2 0.984375 0.321094 0.03125 0.139062
1 0.0585938 0.040625 0.117188 0.08125
2 0.76875 0.877344 0.109375 0.126563
2 0.110937 0.275 0.090625 0.071875
2 0.839844 0.0429688 0.120312 0.0859375
1 0.164062 0.407813 0.16875 0.259375
2 0.169531 0.403125 0.176563 0.265625
3 0.769531 0.878906 0.114063 0.123438
2 0.201562 0.553125 0.084375 0.065625
2 0.502344 0.973437 0.114063 0.053125
2 0.186719 0.685938 0.139062 0.20625
1 0.05 0.38125 0.1 0.25
2 0.707812 0.661719 0.1 0.0921875
2 0.620313 0.96875 0.125 0.0625
0 0.370313 0.824219 0.046875 0.0609375
3 0.936719 0.697656 0.0546875 0.0578125
0 0.966406 0.566406 0.0671875 0.0640625
2 0.0570313 0.154687 0.114063 0.178125
1 0.0890625 0.536719 0.140625 0.107813
2 0.94375 0.934375 0.1125 0.128125
2 0.429688 0.425 0.0875 0.1
2 0.958594 0.824219 0.0828125 0.126563
2 0.146875 0.163281 0.0875 0.114063
2 0.384375 0.934375 0.134375 0.128125
2 0.857031 0.801562 0.107813 0.115625
2 0.617969 0.25 0.139062 0.1125
2 0.430469 0.225781 0.145313 0.173438
2 0.90625 0.300781 0.14375 0.145313
2 0.150781 0.935938 0.132812 0.128125
2 0.258594 0.932031 0.126563 0.132812
2 0.910156 0.45 0.179688 0.165625
1 0.185937 0.0625 0.184375 0.125
2 0.574219 0.61875 0.185937 0.14375
2 0.841406 0.665625 0.132812 0.121875
1 0.0734375 0.657812 0.146875 0.19375
2 0.500781 0.35625 0.129688 0.14375
2 0.296094 0.198437 0.170312 0.228125
2 0.524219 0.497656 0.198437 0.170312
2 0.749219 0.565625 0.198437 0.175
2 0.633594 0.395312 0.151562 0.171875
2 0.675781 0.853906 0.117188 0.160938
2 0.548437 0.741406 0.24375 0.179688
2 0.745313 0.765625 0.1125 0.1125
2 0.114063 0.813281 0.18125 0.142188
2 0.51875 0.879687 0.228125 0.1625
2 0.844531 0.170312 0.157813 0.134375
2 0.760938 0.41875 0.146875 0.153125
2 0.327344 0.717969 0.185937 0.182812
0 0.565625 0.135156 0.1 0.123438
2 0.692969 0.148438 0.142188 0.128125
2 0.764844 0.269531 0.160938 0.164062
2 0.311719 0.410937 0.173438 0.196875
0 0.892187 0.578906 0.0875 0.0828125
2 0.327344 0.560938 0.170312 0.15
1 0.460938 0.0882813 0.209375 0.173438
