1 0.274219 0.45 0.0953125 0.078125
2 0.250781 0.932031 0.132812 0.132812
2 0.0242187 0.632031 0.0484375 0.129688
1 0.385938 0.858594 0.159375 0.126563
2 0.385938 0.858594 0.159375 0.126563
2 0.110937 0.9375 0.159375 0.121875
1 0.778906 0.186719 0.126563 0.145313
1 0.173438 0.271875 0.15 0.19375
1 0.46875 0.734375 0.146875 0.175
2 0.470313 0.732813 0.146875 0.175
2 0.93125 0.0203125 0.11875 0.040625
1 0.414844 0.960156 0.182812 0.0796875
2 0.248437 0.0382813 0.11875 0.0765625
2 0.954687 0.697656 0.090625 0.173438
2 0.642187 0.201562 0.159375 0.146875
1 0.665625 0.0765625 0.175 0.153125
2 0.351562 0.547656 0.08125 0.104687
1 0.0601562 0.263281 0.120312 0.220313
2 0.907031 0.946875 0.145313 0.10625
1 0.526563 0.0625 0.1375 0.125
2 0.132031 0.525 0.195312 0.16875
1 0.474219 0.348437 0.139062 0.20625
0 0.769531 0.433594 0.460938 0.629687
0 0.776563 0.119531 0.06875 0.0890625
2 0.775 0.932813 0.1375 0.134375
1 0.385938 0.0515625 0.19375 0.103125
2 0.257812 0.553906 0.103125 0.114063
2 0.591406 0.739844 0.126563 0.167187
0 0.815625 0.0726563 0.053125 0.0546875
2 0.135937 0.408594 0.16875 0.114063
2 0.327344 0.717969 0.189063 0.220313
2 0.566406 0.489062 0.117188 0.115625
2 0.91875 0.839063 0.15 0.13125
2 0.740625 0.810156 0.153125 0.151562
2 0.93125 0.0929687 0.1375 0.114063
2 0.403125 0.459375 0.0875 0.071875
1 0.520312 0.876562 0.146875 0.153125
1 0.321875 0.342969 0.209375 0.229687
2 0.14375 0.671875 0.221875 0.153125
1 0.644531 0.895312 0.129688 0.153125
1 0.235156 0.146094 0.123438 0.145313
2 0.136719 0.811719 0.239063 0.160938
2 0.4625 0.582031 0.140625 0.145313
1 0.505469 0.189063 0.142188 0.15
1 0.3625 0.160938 0.19375 0.184375
