0 0.177344 0.0515625 0.320312 0.103125
0 0.121094 0.370313 0.242188 0.234375
0 0.917969 0.0320312 0.0984375 0.0640625
0 0.169531 0.246094 0.0859375 0.0640625
0 0.515625 0.727344 0.69375 0.504687
0 0.850781 0.484375 0.132812 0.125
0 0.745313 0.345313 0.10625 0.1
0 0.621875 0.186719 0.3875 0.339063
0 0.570312 0.982813 0.075 0.034375
0 0.932031 0.475781 0.135937 0.214062
0 0.24375 0.540625 0.284375 0.309375
0 0.85625 0.60625 0.2875 0.271875
0 0.944531 0.121094 0.110937 0.123438
0 0.915625 0.228125 0.09375 0.090625
0 0.685156 0.452344 0.0765625 0.0734375
0 0.307031 0.152344 0.0703125 0.0578125
0 0.119531 0.81875 0.239063 0.278125
