2 0.920313 0.686719 0.096875 0.0921875
1 0.98125 0.55 0.0375 0.128125
1 0.0421875 0.6125 0.084375 0.1
2 0.255469 0.623438 0.189063 0.128125
2 0.919531 0.592188 0.120312 0.09375
2 0.535156 0.0492188 0.160938 0.0953125
1 0.91875 0.592188 0.121875 0.096875
2 0.108594 0.982813 0.129688 0.034375
2 0.365625 0.663281 0.0625 0.0765625
3 0.785156 0.964844 0.0921875 0.0703125
1 0.978125 0.4375 0.04375 0.128125
1 0.919531 0.686719 0.0984375 0.0953125
1 0.813281 0.528906 0.170312 0.160938
2 0.803906 0.407031 0.0890625 0.0984375
0 0.0289063 0.964063 0.0578125 0.071875
1 0.432813 0.689844 0.09375 0.120312
2 0.034375 0.0539063 0.06875 0.104687
2 0.607031 0.545313 0.151562 0.1625
2 0.255469 0.519531 0.160938 0.101562
2 0.928906 0.9375 0.142188 0.125
2 0.697656 0.522656 0.0734375 0.0984375
1 0.9125 0.3875 0.146875 0.146875
2 0.932813 0.777344 0.103125 0.0921875
2 0.040625 0.613281 0.08125 0.0984375
2 0.589844 0.965625 0.139062 0.06875
2 0.101562 0.0859375 0.084375 0.078125
2 0.696875 0.969531 0.096875 0.0609375
2 0.650781 0.653125 0.0953125 0.090625
2 0.967188 0.204688 0.065625 0.096875
1 0.0273438 0.53125 0.0546875 0.078125
2 0.728906 0.328125 0.0640625 0.059375
2 0.0921875 0.907031 0.10625 0.126563
2 0.421094 0.955469 0.151562 0.0890625
2 0.846875 0.751562 0.065625 0.065625
1 0.180469 0.235156 0.145313 0.135937
2 0.385156 0.882031 0.0609375 0.0703125
2 0.371094 0.442187 0.0578125 0.078125
2 0.517969 0.425 0.0578125 0.065625
2 0.590625 0.41875 0.125 0.115625
1 0.271875 0.188281 0.103125 0.117188
1 0.284375 0.735937 0.134375 0.121875
2 0.560938 0.816406 0.16875 0.126563
1 0.0828125 0.166406 0.0875 0.0859375
1 0.527344 0.589844 0.101562 0.107813
2 0.60625 0.228906 0.071875 0.101562
2 0.885156 0.1125 0.0796875 0.084375
2 0.298438 0.925781 0.1375 0.145313
2 0.178906 0.125 0.117188 0.10625
1 0.376563 0.782812 0.16875 0.159375
1 0.821875 0.667188 0.115625 0.11875
0 0.653125 0.739844 0.071875 0.0921875
2 0.588281 0.902344 0.0828125 0.0765625
2 0.425781 0.471094 0.120312 0.110937
3 0.66875 0.251563 0.06875 0.075
2 0.283594 0.28125 0.0671875 0.075
2 0.451562 0.139844 0.078125 0.104687
1 0.922656 0.502344 0.0984375 0.0953125
2 0.382031 0.14375 0.0734375 0.08125
2 0.716406 0.414844 0.101562 0.0984375
2 0.346094 0.0460938 0.120312 0.0921875
2 0.875 0.204688 0.084375 0.078125
2 0.746094 0.723437 0.117188 0.121875
2 0.64375 0.335156 0.09375 0.0921875
2 0.761719 0.0445312 0.110937 0.0890625
2 0.471094 0.880469 0.129688 0.129688
2 0.439844 0.0359375 0.0734375 0.071875
2 0.953125 0.11875 0.09375 0.121875
2 0.192188 0.947656 0.103125 0.0984375
2 0.546094 0.169531 0.145313 0.154687
2 0.453906 0.277344 0.101562 0.0890625
2 0.926562 0.285156 0.096875 0.0765625
2 0.184375 0.851562 0.15625 0.11875
2 0.657031 0.0484375 0.0984375 0.09375
2 0.766406 0.223438 0.129688 0.103125
1 0.542188 0.694531 0.165625 0.132812
2 0.551562 0.3125 0.1 0.1
2 0.778125 0.128125 0.11875 0.096875
2 0.0632813 0.709375 0.126563 0.134375
2 0.816406 0.308594 0.0921875 0.0828125
2 0.353906 0.241406 0.120312 0.110937
1 0.224219 0.43125 0.198437 0.15
1 0.0726563 0.349219 0.145313 0.110937
2 0.435156 0.572656 0.132812 0.110937
1 0.0578125 0.246875 0.115625 0.115625
2 0.676562 0.153125 0.109375 0.121875
2 0.160938 0.738281 0.11875 0.148438
1 0.202344 0.334375 0.123438 0.0875
2 0.4375 0.367188 0.121875 0.115625
2 0.690625 0.874219 0.1375 0.145313
1 0.107813 0.560938 0.1375 0.125
2 0.851562 0.859375 0.165625 0.146875
1 0.08125 0.457812 0.15 0.125
1 0.321094 0.363281 0.135937 0.132812
