2 0.503125 0.94375 0.078125 0.071875
3 0.152344 0.972656 0.0671875 0.0546875
3 0.221094 0.890625 0.0546875 0.065625
0 0.491406 0.2625 0.0546875 0.05625
2 0.948438 0.967969 0.096875 0.0609375
3 0.551562 0.958594 0.046875 0.0484375
0 0.675781 0.974219 0.0796875 0.0515625
0 0.479688 0.0664062 0.1125 0.0890625
2 0.241406 0.953906 0.0859375 0.0859375
2 0.750781 0.979688 0.0921875 0.040625
0 0.942187 0.3375 0.1125 0.09375
0 0.314063 0.445312 0.0625 0.059375
0 0.96875 0.04375 0.0625 0.084375
2 0.205469 0.644531 0.0828125 0.0765625
0 0.482812 0.161719 0.075 0.0671875
3 0.317187 0.947656 0.06875 0.0765625
0 0.95 0.694531 0.05 0.0546875
2 0.090625 0.680469 0.078125 0.0828125
0 0.478906 0.0851562 0.114063 0.0890625
0 0.358594 0.423438 0.0390625 0.0375
3 0.339844 0.517969 0.0453125 0.0515625
3 0.240625 0.953906 0.09375 0.0890625
2 0.0460938 0.820312 0.0765625 0.0625
0 0.539062 0.567969 0.1375 0.129688
0 0.54375 0.0421875 0.11875 0.084375
0 0.1625 0.0296875 0.121875 0.059375
3 0.271094 0.657031 0.0546875 0.0734375
2 0.167187 0.904688 0.075 0.096875
3 0.0820312 0.961719 0.0578125 0.0546875
0 0.646875 0.160938 0.109375 0.09375
0 0.7375 0.301562 0.053125 0.0625
2 0.0359375 0.640625 0.071875 0.08125
0 0.119531 0.0992187 0.151562 0.110937
2 0.607031 0.832031 0.0578125 0.0734375
0 0.323438 0.370313 0.040625 0.0375
0 0.946875 0.586719 0.059375 0.0734375
2 0.0960938 0.886719 0.0796875 0.0984375
2 0.122656 0.439063 0.0859375 0.08125
0 0.770312 0.150781 0.1125 0.107813
0 0.921094 0.21875 0.157813 0.140625
0 0.604688 0.349219 0.065625 0.0578125
2 0.400781 0.945312 0.0953125 0.09375
2 0.910156 0.864062 0.0640625 0.090625
2 0.304688 0.745313 0.05625 0.059375
0 0.408594 0.429688 0.0578125 0.05625
0 0.860937 0.332031 0.059375 0.0515625
2 0.0632813 0.75625 0.104687 0.090625
0 0.509375 0.347656 0.04375 0.0453125
2 0.204688 0.825 0.090625 0.078125
2 0.389062 0.749219 0.075 0.0671875
2 0.250781 0.488281 0.129688 0.123438
0 0.3875 0.0421875 0.115625 0.084375
0 0.649219 0.407031 0.126563 0.0984375
0 0.83125 0.283594 0.121875 0.0953125
2 0.570312 0.896094 0.0875 0.0921875
2 0.165625 0.727344 0.109375 0.117188
2 0.427344 0.671875 0.117188 0.128125
0 0.829687 0.0757812 0.109375 0.110937
2 0.284375 0.811719 0.06875 0.0828125
2 0.764844 0.807813 0.0921875 0.1
2 0.352344 0.610156 0.0546875 0.0546875
0 0.485938 0.520312 0.075 0.0625
3 0.621094 0.588281 0.0578125 0.0640625
2 0.299219 0.559375 0.101562 0.1
3 0.789062 0.708594 0.075 0.0796875
0 0.878125 0.63125 0.165625 0.184375
0 0.410937 0.175 0.140625 0.13125
2 0.840625 0.867969 0.096875 0.0859375
2 0.851562 0.783594 0.096875 0.101562
0 0.320312 0.140625 0.078125 0.08125
0 0.357031 0.26875 0.0734375 0.075
2 0.689062 0.650781 0.109375 0.101562
0 0.733594 0.602344 0.0859375 0.0859375
2 0.167187 0.552344 0.11875 0.120312
2 0.496094 0.729688 0.0671875 0.06875
2 0.572656 0.735156 0.0890625 0.0828125
2 0.675 0.817969 0.090625 0.101562
2 0.542969 0.807031 0.0640625 0.0796875
0 0.229687 0.16875 0.1 0.10625
2 0.334375 0.68125 0.08125 0.0875
2 0.36875 0.824219 0.1125 0.120312
2 0.472656 0.810156 0.0890625 0.0859375
2 0.742969 0.911719 0.129688 0.117188
2 0.592188 0.670313 0.115625 0.109375
2 0.707812 0.7375 0.109375 0.1
