3 0.960156 0.021875 0.0765625 0.04375
2 0.873438 0.642187 0.053125 0.0625
2 0.267188 0.244531 0.053125 0.0859375
3 0.188281 0.292188 0.0578125 0.053125
2 0.958594 0.021875 0.0765625 0.04375
2 0.421875 0.982031 0.065625 0.0359375
2 0.582812 0.0132813 0.065625 0.0265625
2 0.0835937 0.782812 0.0578125 0.046875
0 0.442187 0.333594 0.03125 0.0359375
0 0.153125 0.0140625 0.0375 0.025
2 0.278906 0.892187 0.0703125 0.08125
0 0.51875 0.0476562 0.046875 0.0421875
3 0.282813 0.976562 0.0875 0.046875
2 0.682031 0.975 0.0765625 0.05
2 0.208594 0.0273438 0.0765625 0.0546875
2 0.971094 0.827344 0.0578125 0.0453125
0 0.0609375 0.600781 0.121875 0.170312
0 0.0273438 0.292188 0.0390625 0.040625
2 0.796875 0.936719 0.053125 0.0546875
2 0.353906 0.960156 0.0765625 0.0796875
2 0.477344 0.344531 0.0390625 0.0390625
3 0.0789063 0.520312 0.0609375 0.053125
2 0.13125 0.278906 0.059375 0.0546875
2 0.978125 0.157031 0.04375 0.0765625
2 0.184375 0.455469 0.046875 0.0484375
3 0.660937 0.494531 0.0625 0.0578125
2 0.0375 0.19375 0.075 0.121875
0 0.117188 0.0578125 0.03125 0.03125
2 0.507031 0.110156 0.0703125 0.0671875
2 0.696875 0.291406 0.0625 0.0640625
2 0.974219 0.0820312 0.0515625 0.0859375
2 0.182031 0.15 0.101562 0.08125
2 0.589844 0.18125 0.0546875 0.059375
2 0.213281 0.703125 0.0921875 0.078125
2 0.40625 0.4625 0.0625 0.0625
2 0.327344 0.242969 0.0703125 0.0796875
3 0.632812 0.123438 0.059375 0.065625
2 0.304688 0.730469 0.075 0.0640625
2 0.528906 0.332031 0.0546875 0.0578125
2 0.195312 0.802344 0.10625 0.0921875
2 0.894531 0.229687 0.0640625 0.071875
2 0.433594 0.0367187 0.0515625 0.0640625
2 0.563281 0.119531 0.0546875 0.0765625
3 0.166406 0.609375 0.0640625 0.059375
2 0.963281 0.429688 0.0734375 0.10625
2 0.482031 0.976562 0.0578125 0.046875
2 0.197656 0.230469 0.0828125 0.0828125
2 0.798437 0.0351562 0.0875 0.0703125
2 0.175 0.354688 0.0625 0.090625
2 0.760938 0.974219 0.0875 0.0515625
2 0.601562 0.322656 0.08125 0.0890625
2 0.101562 0.146875 0.071875 0.075
2 0.70625 0.703906 0.059375 0.0703125
2 0.361719 0.0296875 0.0859375 0.059375
0 0.909375 0.555469 0.04375 0.0421875
2 0.529688 0.675781 0.06875 0.0640625
2 0.489844 0.913281 0.0421875 0.0578125
2 0.123438 0.217187 0.071875 0.071875
2 0.258594 0.455469 0.0703125 0.0578125
2 0.951563 0.513281 0.090625 0.0765625
2 0.117969 0.342187 0.0609375 0.075
2 0.464844 0.48125 0.0890625 0.0875
2 0.502344 0.53125 0.0515625 0.04375
2 0.960156 0.236719 0.0796875 0.104687
2 0.846875 0.160938 0.071875 0.078125
2 0.250781 0.367188 0.0984375 0.1
2 0.671875 0.349219 0.0625 0.0546875
2 0.466406 0.396094 0.0984375 0.0765625
2 0.666406 0.590625 0.0890625 0.103125
2 0.585938 0.476562 0.078125 0.065625
2 0.59375 0.959375 0.121875 0.08125
2 0.965625 0.877344 0.065625 0.0703125
2 0.208594 0.889063 0.0703125 0.078125
2 0.419531 0.535937 0.0609375 0.075
2 0.935938 0.615625 0.08125 0.075
2 0.290625 0.0921875 0.075 0.071875
2 0.330469 0.444531 0.0734375 0.0796875
2 0.600781 0.544531 0.0890625 0.0828125
2 0.344531 0.311719 0.0734375 0.0734375
3 0.0578125 0.39375 0.084375 0.0875
2 0.5375 0.192188 0.090625 0.084375
2 0.473437 0.59375 0.1 0.090625
2 0.882031 0.432813 0.0984375 0.0875
2 0.8375 0.261719 0.128125 0.110937
2 0.810156 0.871094 0.101562 0.0890625
2 0.913281 0.155469 0.0734375 0.0796875
2 0.722656 0.0375 0.0671875 0.075
2 0.953906 0.341406 0.0921875 0.104687
2 0.391406 0.664844 0.0546875 0.0640625
2 0.707031 0.520312 0.0796875 0.09375
2 0.208594 0.51875 0.104687 0.08125
2 0.882031 0.0695312 0.0828125 0.101562
2 0.539062 0.267969 0.075 0.0671875
2 0.321875 0.15 0.1 0.103125
2 0.690625 0.200781 0.096875 0.0890625
2 0.86875 0.353906 0.090625 0.0921875
2 0.703906 0.13125 0.0890625 0.071875
2 0.561719 0.857031 0.0890625 0.0890625
2 0.8875 0.955469 0.11875 0.0890625
2 0.408594 0.824219 0.0890625 0.0859375
2 0.780469 0.360156 0.104687 0.101562
2 0.807031 0.802344 0.0765625 0.0765625
2 0.55625 0.616406 0.078125 0.0828125
2 0.941406 0.745313 0.117188 0.171875
2 0.246094 0.621094 0.0984375 0.114063
2 0.316406 0.658594 0.0859375 0.0890625
2 0.505469 0.750781 0.0796875 0.104687
2 0.779688 0.2 0.1 0.103125
2 0.485938 0.840625 0.075 0.084375
2 0.897656 0.857813 0.0796875 0.115625
2 0.34375 0.547656 0.103125 0.123438
2 0.642187 0.0398437 0.096875 0.0796875
2 0.714063 0.785156 0.1125 0.107813
2 0.417969 0.15 0.101562 0.09375
2 0.686719 0.882812 0.151562 0.1375
2 0.803125 0.702344 0.1125 0.0890625
3 0.128906 0.689062 0.0734375 0.078125
2 0.792188 0.107813 0.09375 0.0875
2 0.642187 0.409375 0.121875 0.121875
2 0.421875 0.727344 0.1125 0.126563
2 0.4125 0.913281 0.115625 0.101562
2 0.594531 0.766406 0.114063 0.117188
2 0.626562 0.68125 0.1125 0.1125
2 0.303906 0.805469 0.0984375 0.0953125
2 0.792188 0.48125 0.11875 0.1125
2 0.417969 0.253906 0.117188 0.135937
2 0.791406 0.599219 0.154687 0.114063
