1 0.895312 0.371875 0.08125 0.075
2 0.308594 0.0757812 0.0734375 0.0796875
1 0.785156 0.451562 0.0890625 0.090625
2 0.226562 0.153906 0.04375 0.0515625
2 0.46875 0.352344 0.140625 0.0953125
2 0.785156 0.451562 0.0859375 0.0875
2 0.902344 0.546094 0.0671875 0.0578125
2 0.445312 0.389844 0.115625 0.110937
2 0.625 0.380469 0.071875 0.0734375
2 0.586719 0.0695312 0.0453125 0.0359375
2 0.964063 0.385156 0.071875 0.0828125
2 0.64375 0.0132813 0.08125 0.0265625
2 0.0414063 0.235156 0.0640625 0.0609375
1 0.292188 0.170312 0.109375 0.103125
2 0.065625 0.0648438 0.1 0.0890625
1 0.467187 0.353125 0.1375 0.096875
1 0.865625 0.452344 0.09375 0.0890625
2 0.895312 0.371094 0.08125 0.0734375
1 0.309375 0.0757812 0.071875 0.0828125
2 0.371094 0.376563 0.0546875 0.059375
2 0.866406 0.452344 0.0921875 0.0921875
1 0.410937 0.309375 0.046875 0.04375
2 0.480469 0.0382813 0.0859375 0.0765625
2 0.582031 0.315625 0.0453125 0.040625
2 0.391406 0.0867188 0.129688 0.132812
2 0.519531 0.279687 0.110937 0.109375
1 0.626562 0.380469 0.071875 0.0765625
2 0.436719 0.266406 0.0703125 0.0671875
2 0.971094 0.214062 0.0578125 0.090625
2 0.533594 0.195312 0.0609375 0.059375
2 0.971094 0.0640625 0.0546875 0.11875
2 0.453125 0.189844 0.109375 0.0859375
2 0.621875 0.126563 0.06875 0.071875
2 0.698438 0.121875 0.08125 0.08125
2 0.478906 0.116406 0.0671875 0.0671875
2 0.74375 0.208594 0.090625 0.0734375
2 0.43125 0.407813 0.09375 0.090625
2 0.975 0.309375 0.05 0.05
2 0.775781 0.145313 0.0859375 0.075
2 0.796875 0.357031 0.134375 0.110937
1 0.553906 0.119531 0.0921875 0.0859375
1 0.570312 0.36875 0.0625 0.059375
2 0.703906 0.0375 0.0890625 0.075
2 0.646094 0.301562 0.0953125 0.090625
2 0.695312 0.371875 0.071875 0.059375
2 0.699219 0.435937 0.0921875 0.075
1 0.232812 0.0835937 0.103125 0.101562
2 0.864062 0.157813 0.09375 0.06875
2 0.948438 0.471094 0.096875 0.0984375
0 0.780469 0.245312 0.0578125 0.0625
2 0.610156 0.229687 0.101562 0.090625
2 0.8875 0.0617188 0.140625 0.120312
2 0.932813 0.142969 0.065625 0.0640625
2 0.196094 0.238281 0.0671875 0.0828125
2 0.567187 0.034375 0.078125 0.06875
2 0.717969 0.2875 0.0765625 0.078125
2 0.866406 0.25 0.148438 0.121875
2 0.911719 0.305469 0.0796875 0.0703125
2 0.117969 0.15 0.139062 0.1375
2 0.832812 0.532812 0.09375 0.09375
2 0.35625 0.26875 0.10625 0.1375
2 0.585938 0.460938 0.15625 0.134375
2 0.26875 0.261719 0.09375 0.0953125
2 0.108594 0.282031 0.120312 0.120312
2 0.252344 0.340625 0.110937 0.103125
