3 0.957812 0.664844 0.0625 0.0609375
3 0.251563 0.44375 0.065625 0.0625
0 0.0125 0.360156 0.025 0.0546875
2 0.0210938 0.974219 0.0421875 0.0515625
0 0.301562 0.967969 0.0625 0.0546875
2 0.663281 0.392969 0.0671875 0.0640625
2 0.608594 0.960938 0.129688 0.071875
2 0.136719 0.979688 0.0765625 0.040625
3 0.18125 0.203125 0.115625 0.109375
3 0.953125 0.867188 0.090625 0.10625
3 0.841406 0.682813 0.0390625 0.04375
3 0.482812 0.860937 0.05 0.065625
2 0.3125 0.326562 0.040625 0.046875
3 0.101562 0.736719 0.075 0.0671875
3 0.189063 0.594531 0.065625 0.0703125
3 0.839844 0.975781 0.0890625 0.0484375
3 0.0195312 0.73125 0.0390625 0.065625
2 0.188281 0.594531 0.0671875 0.0703125
0 0.252344 0.040625 0.0921875 0.08125
3 0.985937 0.663281 0.028125 0.0984375
3 0.615625 0.920313 0.096875 0.1
2 0.555469 0.151562 0.0390625 0.059375
2 0.0601562 0.3375 0.0921875 0.084375
2 0.96875 0.770312 0.0625 0.1125
2 0.832812 0.185156 0.09375 0.0578125
3 0.642969 0.653125 0.0671875 0.08125
2 0.250781 0.44375 0.0640625 0.0625
3 0.0195312 0.488281 0.0390625 0.0953125
3 0.416406 0.903906 0.0453125 0.0421875
2 0.49375 0.101562 0.115625 0.115625
2 0.95625 0.961719 0.0875 0.0765625
3 0.110937 0.507812 0.059375 0.075
2 0.141406 0.972656 0.0890625 0.0546875
3 0.498437 0.980469 0.084375 0.0390625
3 0.984375 0.589844 0.03125 0.0453125
2 0.955469 0.871094 0.0890625 0.110937
3 0.0335938 0.594531 0.0671875 0.0671875
0 0.85625 0.0632813 0.05 0.0578125
3 0.95 0.667188 0.05 0.053125
3 0.8875 0.80625 0.05 0.046875
2 0.267188 0.234375 0.034375 0.03125
3 0.447656 0.725 0.0609375 0.05
2 0.23125 0.0976562 0.075 0.0671875
3 0.836719 0.680469 0.0390625 0.0546875
0 0.544531 0.839063 0.0484375 0.05
2 0.0414063 0.825 0.0796875 0.090625
2 0.442187 0.960156 0.0875 0.0796875
2 0.0554687 0.0375 0.101562 0.075
3 0.599219 0.554688 0.0640625 0.065625
3 0.0414063 0.664062 0.0828125 0.084375
2 0.361719 0.789844 0.0578125 0.0578125
2 0.224219 0.670313 0.0890625 0.0875
2 0.397656 0.0523437 0.0828125 0.0921875
3 0.792969 0.0945313 0.0828125 0.0890625
0 0.809375 0.0328125 0.04375 0.04375
3 0.602344 0.748438 0.0328125 0.040625
3 0.059375 0.133594 0.071875 0.0671875
2 0.109375 0.803906 0.0875 0.0765625
2 0.973437 0.475781 0.053125 0.0984375
2 0.435937 0.810938 0.0625 0.06875
3 0.873438 0.910156 0.0875 0.0953125
0 0.164844 0.659375 0.0328125 0.0375
2 0.746875 0.801562 0.1 0.109375
3 0.610937 0.491406 0.078125 0.0734375
3 0.827344 0.616406 0.0359375 0.0328125
3 0.025 0.285156 0.05 0.0890625
3 0.315625 0.742969 0.06875 0.0703125
3 0.88125 0.849219 0.0375 0.0359375
3 0.05625 0.521875 0.071875 0.084375
2 0.113281 0.414062 0.0734375 0.08125
2 0.940625 0.219531 0.05625 0.0671875
2 0.557031 0.233594 0.0453125 0.0484375
2 0.9625 0.0617188 0.075 0.0640625
3 0.659375 0.325 0.04375 0.040625
2 0.15625 0.905469 0.084375 0.0640625
2 0.180469 0.203906 0.114063 0.107813
3 0.232031 0.95625 0.0484375 0.046875
2 0.236719 0.302344 0.0765625 0.0796875
2 0.608594 0.14375 0.0734375 0.075
2 0.328906 0.0523437 0.0578125 0.0765625
2 0.267969 0.594531 0.0921875 0.0921875
3 0.11875 0.096875 0.06875 0.065625
2 0.0304688 0.910937 0.0609375 0.078125
2 0.257031 0.880469 0.114063 0.142188
2 0.410156 0.574219 0.0640625 0.0734375
2 0.685156 0.744531 0.0921875 0.0859375
2 0.219531 0.520312 0.0953125 0.078125
2 0.935156 0.130469 0.129688 0.0953125
2 0.349219 0.585938 0.0671875 0.078125
2 0.167969 0.834375 0.0921875 0.0875
2 0.0382813 0.410937 0.0765625 0.075
2 0.358594 0.858594 0.0828125 0.0859375
3 0.50625 0.791406 0.053125 0.0609375
3 0.105469 0.175 0.0546875 0.059375
3 0.917969 0.610156 0.0734375 0.0609375
2 0.701563 0.871875 0.10625 0.115625
2 0.342969 0.242969 0.0734375 0.0671875
2 0.2125 0.752344 0.1125 0.0828125
2 0.928906 0.369531 0.132812 0.117188
2 0.346094 0.391406 0.0703125 0.0734375
3 0.942187 0.548437 0.103125 0.06875
2 0.0945313 0.254687 0.0734375 0.08125
2 0.417969 0.213281 0.0703125 0.0859375
3 0.116406 0.580469 0.0890625 0.0796875
2 0.189844 0.130469 0.0546875 0.0609375
2 0.275 0.39375 0.0625 0.05625
2 0.4625 0.544531 0.10625 0.101562
3 0.160156 0.0273438 0.0546875 0.0546875
3 0.517187 0.385938 0.10625 0.078125
2 0.385156 0.314844 0.0734375 0.0796875
2 0.360938 0.153125 0.08125 0.0875
3 0.322656 0.657031 0.0515625 0.0578125
2 0.458594 0.314063 0.0859375 0.09375
2 0.485156 0.228125 0.0765625 0.075
2 0.322656 0.492188 0.0953125 0.096875
3 0.659375 0.579687 0.05 0.053125
2 0.721875 0.676562 0.1 0.0875
2 0.578906 0.65625 0.0796875 0.090625
3 0.0273438 0.213281 0.0546875 0.0546875
3 0.534375 0.728125 0.06875 0.065625
3 0.490625 0.464063 0.103125 0.08125
2 0.838281 0.25 0.160938 0.146875
2 0.489062 0.660156 0.10625 0.110937
3 0.909375 0.738281 0.078125 0.0765625
2 0.539844 0.582031 0.0953125 0.104687
3 0.389844 0.649219 0.0703125 0.0671875
2 0.602344 0.408594 0.0921875 0.0984375
2 0.899219 0.4625 0.110937 0.084375
2 0.180469 0.465625 0.0828125 0.0875
2 0.641406 0.216406 0.110937 0.0953125
2 0.59375 0.0507812 0.125 0.101562
2 0.584375 0.297656 0.09375 0.101562
2 0.202344 0.385156 0.0859375 0.0921875
2 0.40625 0.433594 0.084375 0.0953125
3 0.735937 0.588281 0.10625 0.107813
