3 0.9375 0.0164062 0.109375 0.0328125
0 0.025 0.84375 0.040625 0.046875
3 0.11875 0.778125 0.0625 0.065625
1 0.501562 0.952344 0.05625 0.0546875
0 0.078125 0.810938 0.028125 0.034375
0 0.0757812 0.924219 0.0640625 0.0515625
3 0.0117188 0.804688 0.0234375 0.05625
3 0.499219 0.952344 0.0578125 0.0546875
0 0.374219 0.875781 0.0359375 0.0234375
2 0.139062 0.144531 0.059375 0.0546875
0 0.279687 0.0203125 0.071875 0.040625
0 0.635938 0.460156 0.0375 0.0390625
3 0.439844 0.53125 0.0671875 0.059375
2 0.482812 0.832812 0.05 0.046875
0 0.192969 0.0648438 0.0296875 0.0328125
0 0.24375 0.059375 0.04375 0.034375
3 0.785156 0.0195312 0.0671875 0.0359375
3 0.342187 0.979688 0.065625 0.040625
0 0.0929687 0.698438 0.0453125 0.040625
2 0.979688 0.0828125 0.040625 0.084375
2 0.901563 0.692187 0.0875 0.08125
3 0.707812 0.819531 0.0875 0.110937
2 0.759375 0.410156 0.065625 0.0546875
2 0.275781 0.216406 0.0546875 0.0578125
2 0.573438 0.753125 0.078125 0.103125
2 0.590625 0.0210938 0.078125 0.0421875
3 0.69375 0.39375 0.065625 0.059375
3 0.34375 0.526563 0.0875 0.08125
2 0.0382813 0.470313 0.0734375 0.103125
3 0.702344 0.0257812 0.101562 0.0515625
2 0.0390625 0.723437 0.078125 0.1
1 0.51875 0.865625 0.028125 0.028125
3 0.892969 0.767187 0.0921875 0.078125
3 0.571094 0.908594 0.0796875 0.0921875
0 0.877344 0.146094 0.0703125 0.0609375
3 0.940625 0.185937 0.053125 0.05625
0 0.982813 0.936719 0.034375 0.0609375
3 0.436719 0.265625 0.0515625 0.05625
2 0.536719 0.170312 0.107813 0.109375
2 0.935156 0.578125 0.126563 0.1125
0 0.455469 0.780469 0.0453125 0.0390625
0 0.0578125 0.511719 0.04375 0.0578125
3 0.724219 0.326562 0.0859375 0.075
3 0.633594 0.539844 0.110937 0.104687
2 0.532031 0.433594 0.0796875 0.0953125
3 0.0851562 0.327344 0.0671875 0.0609375
3 0.603125 0.239063 0.06875 0.075
3 0.26875 0.132031 0.071875 0.0921875
2 0.758594 0.657031 0.0734375 0.0890625
3 0.725 0.979688 0.08125 0.040625
2 0.230469 0.342187 0.0734375 0.08125
0 0.10625 0.105469 0.04375 0.0453125
3 0.798437 0.0984375 0.06875 0.05
3 0.569531 0.0820312 0.0921875 0.0828125
3 0.150781 0.876562 0.0828125 0.08125
3 0.810156 0.342187 0.0765625 0.075
0 0.657031 0.88125 0.0328125 0.040625
3 0.23125 0.882031 0.059375 0.0546875
2 0.851562 0.610937 0.10625 0.1
3 0.714063 0.14375 0.078125 0.071875
3 0.595312 0.45625 0.046875 0.05
2 0.129688 0.642187 0.13125 0.1125
0 0.649219 0.0539063 0.0671875 0.0765625
3 0.233594 0.699219 0.0796875 0.0859375
2 0.133594 0.416406 0.0484375 0.0578125
3 0.863281 0.342969 0.0453125 0.0578125
3 0.84375 0.0335938 0.053125 0.0578125
3 0.557031 0.974219 0.0609375 0.0515625
0 0.890625 0.941406 0.059375 0.0734375
3 0.889844 0.441406 0.0734375 0.0734375
3 0.948438 0.488281 0.08125 0.0765625
2 0.91875 0.365625 0.0875 0.0875
3 0.785937 0.570312 0.046875 0.05
3 0.546875 0.334375 0.075 0.071875
3 0.291406 0.949219 0.0859375 0.0828125
2 0.728125 0.557813 0.071875 0.078125
3 0.605469 0.857813 0.0734375 0.08125
2 0.682813 0.625781 0.08125 0.0765625
3 0.975 0.714844 0.05 0.0578125
3 0.684375 0.216406 0.071875 0.0734375
3 0.384375 0.922656 0.071875 0.0734375
3 0.392969 0.329688 0.0546875 0.059375
2 0.183594 0.409375 0.0578125 0.06875
2 0.146875 0.551562 0.109375 0.10625
2 0.0453125 0.199219 0.090625 0.101562
0 0.04375 0.589844 0.053125 0.0609375
2 0.252344 0.611719 0.0796875 0.0703125
2 0.788281 0.167187 0.104687 0.1
3 0.859375 0.20625 0.065625 0.059375
3 0.461719 0.435937 0.0578125 0.05625
2 0.201562 0.129688 0.06875 0.0875
2 0.120312 0.249219 0.0875 0.104687
2 0.3625 0.0734375 0.1 0.1
3 0.753125 0.229687 0.053125 0.04375
2 0.1625 0.185156 0.06875 0.0546875
3 0.210938 0.948438 0.0625 0.059375
3 0.860937 0.842969 0.05 0.0515625
0 0.644531 0.307031 0.0734375 0.0734375
3 0.808594 0.722656 0.0828125 0.0765625
3 0.334375 0.789844 0.071875 0.0765625
3 0.653125 0.11875 0.059375 0.059375
3 0.526563 0.254687 0.0625 0.059375
3 0.4375 0.748438 0.05 0.046875
2 0.216406 0.247656 0.123438 0.117188
3 0.917188 0.065625 0.08125 0.071875
3 0.488281 0.580469 0.0546875 0.0703125
2 0.104687 0.478125 0.065625 0.06875
3 0.521875 0.686719 0.071875 0.0703125
2 0.313281 0.355469 0.0953125 0.0890625
3 0.386719 0.654688 0.0703125 0.0625
0 0.966406 0.798437 0.0546875 0.05625
3 0.469531 0.220313 0.0640625 0.071875
3 0.325 0.867188 0.05625 0.053125
3 0.392188 0.785156 0.040625 0.0390625
3 0.823438 0.8875 0.078125 0.06875
3 0.4125 0.832031 0.071875 0.0734375
3 0.420312 0.128125 0.090625 0.0875
2 0.375781 0.182812 0.0921875 0.08125
3 0.460938 0.652344 0.075 0.0703125
3 0.084375 0.867188 0.065625 0.075
3 0.761719 0.854688 0.0515625 0.05625
3 0.807031 0.958594 0.0984375 0.0828125
3 0.786719 0.780469 0.0796875 0.0796875
3 0.257812 0.814844 0.08125 0.0890625
3 0.658594 0.953906 0.0640625 0.0671875
3 0.742188 0.921875 0.065625 0.071875
2 0.375 0.439063 0.1125 0.1
2 0.267969 0.435156 0.0890625 0.0859375
2 0.347656 0.258594 0.123438 0.107813
0 0.114844 0.9625 0.0640625 0.065625
0 0.184375 0.805469 0.071875 0.0828125
3 0.616406 0.380469 0.0796875 0.0828125
3 0.660937 0.697656 0.078125 0.0640625
2 0.254687 0.527344 0.103125 0.104687
3 0.744531 0.479688 0.117188 0.09375
