2 0.614062 0.590625 0.040625 0.0375
0 0.264844 0.748438 0.0359375 0.0375
2 0.664062 0.266406 0.021875 0.0203125
3 0.096875 0.799219 0.053125 0.0390625
3 0.685938 0.3625 0.053125 0.053125
2 0.480469 0.515625 0.0765625 0.090625
2 0.594531 0.0757812 0.0765625 0.0796875
2 0.626562 0.239844 0.046875 0.0453125
2 0.5 0.461719 0.040625 0.0328125
3 0.0632813 0.695312 0.0359375 0.05
0 0.0359375 0.4625 0.034375 0.0375
0 0.955469 0.829687 0.0890625 0.121875
2 0.096875 0.796875 0.053125 0.0375
2 0.028125 0.6625 0.0375 0.04375
0 0.104687 0.990625 0.040625 0.01875
0 0.44375 0.917969 0.03125 0.0390625
3 0.595312 0.0742188 0.075 0.0796875
0 0.028125 0.0265625 0.05625 0.053125
2 0.6625 0.415625 0.05625 0.05
3 0.780469 0.278125 0.0203125 0.025
3 0.950781 0.758594 0.0359375 0.0296875
2 0.115625 0.417969 0.03125 0.0296875
2 0.135937 0.248437 0.065625 0.053125
0 0.374219 0.1375 0.0359375 0.034375
2 0.685938 0.3625 0.05625 0.053125
3 0.542969 0.0210938 0.0734375 0.0421875
0 0.886719 0.14375 0.0390625 0.040625
2 0.323438 0.942969 0.059375 0.0671875
3 0.638281 0.520312 0.0546875 0.05625
0 0.601562 0.614844 0.040625 0.0453125
2 0.444531 0.6625 0.0578125 0.065625
2 0.963281 0.479688 0.0640625 0.0875
3 0.982813 0.594531 0.034375 0.0796875
2 0.347656 0.338281 0.0453125 0.0390625
2 0.928906 0.95 0.120312 0.1
0 0.192188 0.715625 0.0375 0.0375
2 0.959375 0.863281 0.08125 0.132812
0 0.473437 0.367188 0.028125 0.03125
3 0.904688 0.467969 0.09375 0.110937
0 0.985156 0.363281 0.0296875 0.0359375
2 0.671094 0.963281 0.0546875 0.0515625
2 0.235938 0.0328125 0.075 0.065625
0 0.0125 0.845312 0.025 0.078125
2 0.639844 0.569531 0.0421875 0.0421875
3 0.5 0.460938 0.040625 0.034375
0 0.0257812 0.708594 0.0515625 0.0484375
3 0.953125 0.0210938 0.078125 0.0421875
2 0.560156 0.261719 0.0984375 0.0890625
3 0.630469 0.0226563 0.0859375 0.0453125
3 0.201562 0.352344 0.05625 0.0390625
2 0.300781 0.70625 0.0703125 0.078125
2 0.332812 0.767187 0.08125 0.0875
3 0.3625 0.528125 0.075 0.05625
3 0.919531 0.0898438 0.0296875 0.0296875
2 0.185156 0.6125 0.0359375 0.04375
2 0.829687 0.710938 0.0625 0.046875
2 0.0359375 0.764063 0.0375 0.04375
0 0.565625 0.413281 0.034375 0.0328125
3 0.442969 0.440625 0.0546875 0.0625
2 0.360938 0.977344 0.046875 0.0421875
3 0.385938 0.0203125 0.08125 0.040625
2 0.539062 0.971875 0.08125 0.05625
2 0.736719 0.220313 0.0765625 0.0625
2 0.133594 0.671094 0.0796875 0.0859375
0 0.424219 0.866406 0.0484375 0.0515625
2 0.529688 0.867969 0.1 0.0921875
2 0.1125 0.744531 0.1 0.0828125
0 0.346094 0.655469 0.0359375 0.0390625
2 0.867969 0.028125 0.0859375 0.05625
2 0.420312 0.234375 0.040625 0.040625
0 0.347656 0.602344 0.0640625 0.0734375
3 0.182031 0.971875 0.0671875 0.053125
2 0.615625 0.898438 0.10625 0.128125
2 0.180469 0.765625 0.0671875 0.059375
3 0.529688 0.535937 0.040625 0.053125
0 0.0601562 0.634375 0.0359375 0.040625
2 0.761719 0.584375 0.0796875 0.05
3 0.3 0.415625 0.05625 0.05
0 0.0390625 0.975781 0.059375 0.0453125
0 0.0421875 0.796875 0.04375 0.040625
3 0.982813 0.422656 0.034375 0.0546875
3 0.977344 0.084375 0.0453125 0.1
2 0.0296875 0.225781 0.059375 0.0546875
3 0.424219 0.50625 0.0453125 0.065625
0 0.242188 0.724219 0.0375 0.0546875
0 0.604688 0.966406 0.059375 0.0453125
2 0.485938 0.227344 0.08125 0.0609375
0 0.0828125 0.0414063 0.065625 0.0578125
2 0.552344 0.45 0.0640625 0.0625
3 0.489062 0.728125 0.05625 0.04375
0 0.173438 0.29375 0.05625 0.053125
2 0.0226563 0.335156 0.0453125 0.0796875
3 0.946875 0.232812 0.090625 0.090625
0 0.954687 0.8125 0.090625 0.08125
2 0.772656 0.0335938 0.0703125 0.0671875
2 0.128906 0.9125 0.0671875 0.075
2 0.1375 0.332031 0.0875 0.0890625
2 0.0648438 0.485156 0.0546875 0.0484375
2 0.0539063 0.271094 0.0859375 0.0703125
3 0.576563 0.547656 0.059375 0.0703125
3 0.427344 0.725781 0.0609375 0.0578125
3 0.81875 0.564844 0.03125 0.0390625
2 0.911719 0.299219 0.0546875 0.0515625
3 0.880469 0.792969 0.0484375 0.0515625
2 0.703125 0.850781 0.05625 0.0609375
2 0.214062 0.664844 0.078125 0.0703125
2 0.642187 0.20625 0.05625 0.053125
3 0.542188 0.619531 0.084375 0.0953125
3 0.395312 0.370313 0.075 0.071875
0 0.257031 0.349219 0.0390625 0.0484375
0 0.267188 0.951563 0.071875 0.08125
2 0.160156 0.171094 0.0796875 0.0859375
2 0.580469 0.752344 0.0578125 0.0578125
2 0.49375 0.801562 0.075 0.103125
2 0.696875 0.903125 0.053125 0.053125
2 0.202344 0.917188 0.0390625 0.046875
3 0.727344 0.292969 0.0921875 0.0828125
0 0.583594 0.192969 0.0453125 0.0453125
2 0.160156 0.0476562 0.0671875 0.0734375
2 0.880469 0.209375 0.0578125 0.053125
3 0.3 0.0421875 0.065625 0.078125
2 0.750781 0.526563 0.107813 0.084375
3 0.525781 0.351562 0.0640625 0.06875
2 0.804688 0.2 0.065625 0.075
0 0.0515625 0.55 0.059375 0.06875
3 0.466406 0.641406 0.0359375 0.0359375
3 0.390625 0.68125 0.05 0.05625
2 0.663281 0.149219 0.0546875 0.0484375
2 0.253125 0.620313 0.0875 0.078125
2 0.0210938 0.415625 0.0421875 0.053125
3 0.815625 0.774219 0.08125 0.0828125
2 0.782812 0.932813 0.140625 0.134375
3 0.919531 0.376563 0.0734375 0.075
2 0.149219 0.821094 0.0640625 0.0609375
2 0.0398437 0.100781 0.0796875 0.0796875
2 0.200781 0.414062 0.0953125 0.075
0 0.253125 0.825 0.05 0.05625
3 0.5125 0.0890625 0.05 0.05
3 0.500781 0.159375 0.101562 0.090625
2 0.11875 0.203906 0.0625 0.0484375
3 0.602344 0.675 0.0671875 0.075
2 0.146875 0.121875 0.084375 0.065625
3 0.370313 0.847656 0.059375 0.0671875
2 0.390625 0.944531 0.065625 0.0671875
2 0.847656 0.653906 0.101562 0.101562
2 0.745313 0.725 0.084375 0.09375
2 0.653906 0.805469 0.0640625 0.0703125
2 0.0703125 0.346094 0.053125 0.0515625
3 0.50625 0.686719 0.06875 0.0578125
3 0.441406 0.1125 0.0515625 0.0625
3 0.348437 0.464063 0.134375 0.140625
2 0.763281 0.645312 0.0671875 0.075
3 0.751562 0.358594 0.059375 0.0484375
2 0.463281 0.0429688 0.0859375 0.0859375
2 0.792969 0.8625 0.0640625 0.06875
0 0.277344 0.859375 0.0546875 0.05625
2 0.577344 0.14375 0.0765625 0.078125
3 0.0585938 0.892187 0.0859375 0.08125
2 0.94375 0.683594 0.096875 0.110937
2 0.692187 0.630469 0.090625 0.0796875
3 0.405469 0.59375 0.0609375 0.075
2 0.830469 0.353906 0.0953125 0.0796875
3 0.670313 0.717969 0.078125 0.0828125
2 0.261719 0.103125 0.0953125 0.078125
2 0.791406 0.4375 0.126563 0.109375
2 0.171094 0.511719 0.139062 0.126563
3 0.428125 0.79375 0.065625 0.078125
3 0.833594 0.090625 0.0953125 0.090625
3 0.457812 0.31875 0.06875 0.065625
2 0.253906 0.186719 0.129688 0.117188
2 0.377344 0.280469 0.0796875 0.0734375
2 0.886719 0.567187 0.154687 0.115625
2 0.739844 0.13125 0.0765625 0.075
0 0.403906 0.176563 0.0578125 0.05
3 0.60625 0.339063 0.1 0.096875
2 0.863281 0.871875 0.0796875 0.084375
2 0.300781 0.238281 0.0859375 0.0953125
2 0.846094 0.278125 0.0921875 0.078125
3 0.617188 0.460938 0.071875 0.065625
0 0.495313 0.282813 0.05625 0.0625
2 0.372656 0.0804688 0.0890625 0.0921875
2 0.690625 0.0570313 0.090625 0.0984375
