3 0.0859375 0.096875 0.05 0.0375
0 0.360938 0.0164062 0.053125 0.0328125
3 0.853125 0.972656 0.071875 0.0546875
2 0.015625 0.739062 0.03125 0.1
3 0.76875 0.970312 0.046875 0.053125
2 0.146094 0.355469 0.0984375 0.0984375
2 0.0289063 0.974219 0.0546875 0.0515625
3 0.116406 0.0203125 0.0546875 0.040625
2 0.05 0.490625 0.096875 0.121875
3 0.974219 0.465625 0.0484375 0.071875
3 0.566406 0.021875 0.0609375 0.04375
2 0.9875 0.242969 0.025 0.107813
0 0.225 0.407031 0.05625 0.0609375
3 0.46875 0.463281 0.075 0.0921875
2 0.957031 0.967188 0.0859375 0.065625
3 0.523438 0.928125 0.065625 0.06875
3 0.0679687 0.342187 0.0578125 0.053125
2 0.469531 0.4625 0.0734375 0.090625
3 0.402344 0.369531 0.0765625 0.0609375
3 0.721094 0.319531 0.0640625 0.0609375
2 0.117969 0.964063 0.0671875 0.0625
3 0.576563 0.169531 0.05 0.0515625
3 0.954687 0.327344 0.05625 0.0546875
3 0.238281 0.558594 0.0390625 0.0453125
3 0.801562 0.89375 0.078125 0.084375
2 0.0179687 0.558594 0.0359375 0.0734375
0 0.371094 0.765625 0.0515625 0.05
2 0.930469 0.630469 0.104687 0.101562
0 0.959375 0.666406 0.03125 0.0328125
3 0.566406 0.207031 0.0484375 0.0421875
0 0.964844 0.886719 0.0703125 0.0828125
0 0.702344 0.805469 0.0671875 0.0640625
2 0.657812 0.977344 0.05625 0.0453125
2 0.792969 0.625781 0.123438 0.114063
0 0.940625 0.795313 0.0625 0.0625
0 0.0265625 0.290625 0.053125 0.078125
0 0.235156 0.0554687 0.0671875 0.0484375
3 0.609375 0.0703125 0.040625 0.046875
3 0.635156 0.0414063 0.0390625 0.0515625
3 0.145313 0.357812 0.096875 0.1
2 0.616406 0.875781 0.0484375 0.0453125
0 0.2125 0.974219 0.046875 0.0484375
2 0.496875 0.0398437 0.1 0.0796875
2 0.025 0.882031 0.05 0.0609375
2 0.0367187 0.474219 0.0734375 0.107813
2 0.982031 0.0578125 0.0328125 0.08125
2 0.244531 0.670313 0.0765625 0.08125
0 0.0171875 0.179688 0.034375 0.040625
3 0.580469 0.940625 0.0546875 0.05625
2 0.196094 0.698438 0.0515625 0.053125
0 0.0476562 0.229687 0.0578125 0.04375
3 0.414062 0.470313 0.040625 0.05
3 0.36875 0.551562 0.04375 0.040625
2 0.161719 0.255469 0.107813 0.0859375
2 0.496875 0.657812 0.134375 0.08125
2 0.0773437 0.517969 0.0921875 0.0921875
2 0.775 0.152344 0.08125 0.0828125
3 0.595312 0.128125 0.065625 0.0625
2 0.475 0.226562 0.1125 0.121875
3 0.826563 0.823438 0.05625 0.0625
2 0.541406 0.730469 0.0765625 0.0703125
3 0.610156 0.770312 0.0453125 0.05625
2 0.0703125 0.835156 0.06875 0.0609375
3 0.851562 0.760156 0.06875 0.0671875
3 0.707031 0.107031 0.0703125 0.0703125
2 0.046875 0.594531 0.053125 0.0515625
3 0.620313 0.345313 0.053125 0.053125
2 0.330469 0.465625 0.0953125 0.071875
3 0.3875 0.615625 0.05 0.05
2 0.389844 0.242969 0.0859375 0.0828125
2 0.526563 0.579687 0.109375 0.08125
2 0.29375 0.525 0.09375 0.09375
2 0.411719 0.165625 0.0984375 0.075
3 0.429688 0.815625 0.065625 0.075
2 0.88125 0.146094 0.103125 0.0890625
2 0.310156 0.625781 0.104687 0.0921875
2 0.348437 0.708594 0.10625 0.0828125
2 0.104687 0.800781 0.065625 0.0578125
3 0.464844 0.742969 0.0671875 0.0734375
2 0.89375 0.296094 0.06875 0.0671875
2 0.688281 0.621094 0.0921875 0.0796875
2 0.915625 0.410937 0.121875 0.103125
2 0.119531 0.428906 0.0609375 0.0484375
3 0.146094 0.740625 0.0609375 0.071875
3 0.149219 0.113281 0.0578125 0.0515625
2 0.0664062 0.738281 0.0828125 0.0859375
2 0.371875 0.311719 0.125 0.0953125
2 0.744531 0.539062 0.0859375 0.09375
2 0.0617188 0.907031 0.0859375 0.0859375
3 0.645312 0.269531 0.053125 0.0546875
3 0.721094 0.683594 0.0640625 0.0515625
3 0.860156 0.350781 0.0671875 0.0609375
2 0.33125 0.825 0.121875 0.13125
3 0.090625 0.271875 0.06875 0.059375
2 0.454688 0.103906 0.14375 0.101562
2 0.960938 0.546875 0.078125 0.103125
2 0.0992187 0.171094 0.135937 0.110937
2 0.927344 0.053125 0.0765625 0.084375
0 0.761719 0.760156 0.0890625 0.0765625
2 0.935156 0.214844 0.114063 0.0984375
0 0.545313 0.328125 0.05 0.046875
3 0.4375 0.553906 0.0625 0.0640625
2 0.182031 0.825781 0.110937 0.101562
2 0.81875 0.532031 0.08125 0.101562
3 0.897656 0.907031 0.0984375 0.0984375
2 0.803906 0.0546875 0.110937 0.10625
0 0.163281 0.0578125 0.0640625 0.0625
2 0.890625 0.532812 0.071875 0.08125
2 0.0320312 0.660937 0.0640625 0.096875
3 0.6 0.663281 0.0625 0.0671875
2 0.617969 0.578906 0.0703125 0.0828125
3 0.670313 0.185937 0.065625 0.06875
2 0.2625 0.769531 0.096875 0.107813
2 0.822656 0.260938 0.0984375 0.103125
3 0.296094 0.3875 0.0984375 0.0875
2 0.835156 0.457812 0.0765625 0.0625
2 0.169531 0.4875 0.139062 0.1375
2 0.647656 0.49375 0.0890625 0.103125
3 0.230469 0.103906 0.0734375 0.0671875
3 0.217187 0.176563 0.078125 0.078125
3 0.741406 0.24375 0.0796875 0.090625
2 0.557031 0.492969 0.0921875 0.0890625
3 0.313281 0.0703125 0.0796875 0.0875
2 0.117969 0.63125 0.120312 0.115625
2 0.964063 0.132031 0.071875 0.0765625
