3 0.0203125 0.233594 0.040625 0.0765625
2 0.00859375 0.542969 0.0171875 0.0953125
2 0.672656 0.464063 0.0359375 0.046875
2 0.142969 0.441406 0.0578125 0.0546875
0 0.195312 0.0171875 0.0625 0.034375
2 0.660937 0.174219 0.034375 0.0515625
3 0.639844 0.745313 0.0703125 0.071875
2 0.325781 0.696875 0.0328125 0.034375
2 0.267188 0.989062 0.065625 0.021875
2 0.500781 0.985937 0.0515625 0.028125
2 0.853125 0.348437 0.05 0.05
3 0.96875 0.578906 0.0625 0.0546875
2 0.00859375 0.0460938 0.0171875 0.0703125
0 0.213281 0.446875 0.0421875 0.04375
2 0.639844 0.745313 0.0734375 0.071875
2 0.0929687 0.979688 0.0515625 0.0375
3 0.664844 0.953125 0.0828125 0.084375
2 0.628906 0.983594 0.0953125 0.0328125
0 0.0851562 0.865625 0.0578125 0.05625
0 0.379687 0.183594 0.059375 0.0609375
2 0.901563 0.735156 0.059375 0.0734375
0 0.2 0.0664062 0.04375 0.0484375
3 0.901563 0.0398437 0.03125 0.0328125
2 0.021875 0.721094 0.04375 0.0671875
2 0.242188 0.0898438 0.046875 0.0578125
2 0.7375 0.0234375 0.09375 0.046875
2 0.0203125 0.460938 0.040625 0.06875
2 0.114844 0.0171875 0.0484375 0.034375
3 0.786719 0.622656 0.0546875 0.0609375
2 0.294531 0.920313 0.0734375 0.065625
2 0.635156 0.260156 0.0390625 0.0453125
2 0.870313 0.761719 0.0625 0.0578125
2 0.126563 0.599219 0.10625 0.0734375
2 0.342187 0.846875 0.04375 0.05
2 0.55625 0.659375 0.084375 0.08125
0 0.170312 0.0359375 0.040625 0.040625
0 0.25625 0.21875 0.053125 0.053125
3 0.3875 0.453906 0.09375 0.0890625
2 0.2625 0.0195312 0.05625 0.0390625
2 0.705469 0.096875 0.0453125 0.0375
2 0.380469 0.704687 0.0421875 0.053125
2 0.979688 0.1625 0.0375 0.0625
0 0.464844 0.5 0.0515625 0.05
0 0.053125 0.346875 0.04375 0.04375
2 0.795313 0.411719 0.084375 0.0734375
0 0.405469 0.953906 0.0609375 0.0609375
2 0.972656 0.0570313 0.0546875 0.104687
2 0.857031 0.549219 0.145313 0.120312
0 0.364844 0.39375 0.0640625 0.05625
2 0.0398437 0.152344 0.0765625 0.0703125
0 0.40625 0.588281 0.06875 0.0515625
2 0.639063 0.544531 0.059375 0.0515625
3 0.921094 0.1625 0.0359375 0.0375
0 0.185937 0.835938 0.03125 0.03125
3 0.326562 0.629687 0.0375 0.0375
2 0.227344 0.1625 0.0578125 0.0625
2 0.0328125 0.935938 0.065625 0.09375
2 0.294531 0.133594 0.101562 0.0828125
2 0.114063 0.665625 0.11875 0.0875
2 0.376563 0.260938 0.053125 0.04375
2 0.257812 0.60625 0.096875 0.096875
3 0.053125 0.392188 0.065625 0.05
2 0.749219 0.0796875 0.0359375 0.0375
2 0.0820312 0.499219 0.114063 0.0921875
2 0.190625 0.769531 0.090625 0.0796875
2 0.816406 0.98125 0.0546875 0.0375
2 0.0835937 0.727344 0.0609375 0.0546875
2 0.866406 0.290625 0.0828125 0.071875
2 0.1625 0.340625 0.04375 0.05
2 0.840625 0.628906 0.0625 0.0640625
2 0.325781 0.05 0.135937 0.09375
2 0.846094 0.0359375 0.0859375 0.071875
2 0.110156 0.2375 0.0546875 0.05625
3 0.408594 0.644531 0.0703125 0.0671875
2 0.71875 0.532031 0.071875 0.0703125
2 0.214844 0.691406 0.0953125 0.0828125
2 0.578906 0.135156 0.0453125 0.0515625
2 0.147656 0.542188 0.0953125 0.084375
2 0.241406 0.298438 0.0890625 0.084375
3 0.417969 0.113281 0.0453125 0.0390625
2 0.040625 0.566406 0.0625 0.0640625
2 0.875781 0.852344 0.107813 0.117188
2 0.867969 0.478125 0.0671875 0.05625
2 0.559375 0.875 0.0625 0.071875
2 0.946875 0.235938 0.071875 0.06875
2 0.071875 0.0703125 0.1125 0.096875
0 0.385156 0.778906 0.0515625 0.0609375
0 0.575 0.715625 0.053125 0.05
2 0.275 0.744531 0.06875 0.0765625
2 0.217969 0.876562 0.0515625 0.053125
2 0.957812 0.839844 0.08125 0.0859375
2 0.955469 0.382031 0.0703125 0.0640625
3 0.534375 0.532031 0.053125 0.0546875
2 0.711719 0.610156 0.0828125 0.0765625
2 0.767969 0.305469 0.0984375 0.0796875
2 0.524219 0.115625 0.0484375 0.05625
2 0.855469 0.210156 0.0484375 0.0609375
2 0.959375 0.513281 0.08125 0.0828125
2 0.921875 0.941406 0.121875 0.110937
2 0.907031 0.435156 0.107813 0.0984375
2 0.959375 0.74375 0.08125 0.115625
2 0.91875 0.670313 0.090625 0.078125
2 0.7 0.182031 0.075 0.0859375
2 0.796875 0.8625 0.078125 0.08125
2 0.188281 0.240625 0.0984375 0.1125
2 0.141406 0.160156 0.0734375 0.0765625
3 0.620313 0.059375 0.078125 0.071875
0 0.494531 0.289062 0.304688 0.284375
2 0.682813 0.267969 0.053125 0.0515625
2 0.03125 0.642969 0.0625 0.0984375
2 0.179688 0.967969 0.084375 0.0640625
2 0.816406 0.699219 0.120312 0.0890625
3 0.874219 0.113281 0.0828125 0.0828125
2 0.671094 0.661719 0.0671875 0.0703125
2 0.78125 0.228125 0.096875 0.0875
2 0.773438 0.76875 0.1125 0.096875
2 0.827344 0.932813 0.0734375 0.05625
2 0.694531 0.874219 0.117188 0.123438
