1 0.717969 0.015625 0.120312 0.03125
1 0.728125 0.336719 0.084375 0.0859375
1 0.967188 0.125781 0.065625 0.157813
2 0.353125 0.0203125 0.059375 0.040625
2 0.728125 0.3375 0.08125 0.090625
2 0.69375 0.438281 0.065625 0.0703125
2 0.879687 0.982813 0.121875 0.034375
2 0.655469 0.384375 0.0640625 0.0625
3 0.272656 0.166406 0.0890625 0.0890625
1 0.959375 0.0382813 0.08125 0.0765625
1 0.655469 0.384375 0.0703125 0.0625
0 0.592969 0.978125 0.123438 0.04375
2 0.975781 0.925 0.0453125 0.125
2 0.970312 0.514063 0.059375 0.14375
0 0.0570313 0.958594 0.0859375 0.0828125
3 0.278906 0.248437 0.0546875 0.06875
2 0.350781 0.246875 0.101562 0.103125
2 0.766406 0.9625 0.0515625 0.06875
2 0.450781 0.251563 0.0984375 0.1
2 0.398438 0.341406 0.09375 0.0984375
2 0.25 0.353906 0.053125 0.0671875
2 0.795313 0.201562 0.13125 0.175
2 0.964063 0.826563 0.071875 0.1
0 0.034375 0.589063 0.06875 0.15625
3 0.367969 0.0828125 0.0828125 0.08125
2 0.692969 0.444531 0.0546875 0.0546875
0 0.717969 0.894531 0.0546875 0.0546875
2 0.966406 0.732813 0.0671875 0.115625
0 0.6125 0.776563 0.209375 0.209375
2 0.278906 0.0703125 0.0828125 0.096875
2 0.45625 0.613281 0.13125 0.0921875
1 0.729688 0.0703125 0.140625 0.121875
2 0.721875 0.832812 0.065625 0.090625
2 0.657812 0.692969 0.096875 0.0890625
0 0.323438 0.864844 0.2125 0.167187
2 0.667188 0.615625 0.084375 0.075
3 0.376563 0.523438 0.0875 0.08125
2 0.394531 0.161719 0.132812 0.0890625
0 0.126563 0.142969 0.21875 0.176563
2 0.464844 0.499219 0.107813 0.148438
0 0.144531 0.947656 0.142188 0.104687
2 0.632031 0.0835937 0.0703125 0.0765625
2 0.317187 0.341406 0.06875 0.0671875
2 0.945312 0.621094 0.109375 0.135937
2 0.561719 0.394531 0.0828125 0.0828125
0 0.474219 0.953125 0.179688 0.09375
0 0.0734375 0.871875 0.103125 0.1
2 0.65625 0.304688 0.0625 0.065625
0 0.0398437 0.719531 0.0796875 0.132812
2 0.894531 0.440625 0.0921875 0.096875
0 0.280469 0.741406 0.192188 0.239063
0 0.313281 0.961719 0.145313 0.0765625
2 0.523438 0.19375 0.096875 0.103125
1 0.930469 0.375781 0.139062 0.192188
2 0.676562 0.508594 0.115625 0.135937
2 0.794531 0.834375 0.0953125 0.096875
2 0.907812 0.726562 0.065625 0.084375
2 0.569531 0.525 0.117188 0.18125
2 0.515625 0.342187 0.140625 0.146875
2 0.707812 0.197656 0.096875 0.164062
2 0.829687 0.346094 0.078125 0.0828125
0 0.641406 0.9125 0.117188 0.09375
0 0.139844 0.794531 0.135937 0.167187
2 0.916406 0.929688 0.0859375 0.09375
1 0.878125 0.228906 0.16875 0.182812
2 0.352344 0.432031 0.120312 0.0921875
2 0.619531 0.192188 0.117188 0.15625
0 0.120312 0.458594 0.240625 0.164062
2 0.835938 0.728125 0.096875 0.1125
0 0.124219 0.297656 0.248437 0.232812
2 0.889063 0.838281 0.115625 0.104687
0 0.496094 0.842969 0.151562 0.179688
2 0.530469 0.0828125 0.120312 0.109375
2 0.853125 0.635156 0.13125 0.0984375
2 0.746875 0.710156 0.1 0.145313
1 0.864844 0.075 0.179688 0.15
2 0.778125 0.430469 0.16875 0.198437
2 0.81875 0.916406 0.10625 0.0859375
0 0.432031 0.69375 0.154687 0.153125
2 0.857031 0.530469 0.170312 0.126563
0 0.189063 0.608594 0.25 0.189063
