2 0.976562 0.41875 0.046875 0.103125
0 0.0328125 0.2 0.065625 0.15
2 0.634375 0.154687 0.06875 0.059375
1 0.964844 0.585156 0.0703125 0.151562
1 0.969531 0.736719 0.0609375 0.132812
1 0.969531 0.570312 0.0609375 0.115625
1 0.792188 0.09375 0.115625 0.08125
1 0.501562 0.983594 0.125 0.0328125
1 0.892969 0.104687 0.0984375 0.090625
1 0.942187 0.938281 0.115625 0.123438
2 0.942187 0.938281 0.115625 0.120312
0 0.10625 0.589844 0.0625 0.0671875
1 0.767187 0.414062 0.09375 0.0875
2 0.892187 0.103906 0.103125 0.0921875
0 0.582812 0.0671875 0.259375 0.134375
0 0.110937 0.1625 0.221875 0.234375
1 0.975781 0.421094 0.0453125 0.104687
2 0.975 0.845312 0.05 0.075
0 0.103906 0.365625 0.204688 0.259375
1 0.484375 0.707812 0.14375 0.159375
0 0.0765625 0.629687 0.121875 0.140625
2 0.964063 0.0539063 0.071875 0.107813
2 0.642969 0.422656 0.0890625 0.0953125
1 0.85625 0.0382813 0.140625 0.0765625
2 0.870313 0.678125 0.134375 0.10625
1 0.777344 0.108594 0.145313 0.110937
1 0.925781 0.782812 0.101562 0.09375
1 0.771875 0.885156 0.134375 0.114063
0 0.686719 0.339063 0.0921875 0.090625
2 0.535156 0.14375 0.0859375 0.084375
0 0.834375 0.277344 0.33125 0.317187
2 0.36875 0.953125 0.171875 0.09375
2 0.8875 0.888281 0.125 0.142188
2 0.621875 0.260156 0.078125 0.0796875
2 0.926562 0.409375 0.096875 0.1
2 0.521875 0.49375 0.1125 0.08125
1 0.854688 0.75 0.084375 0.084375
1 0.794531 0.490625 0.0859375 0.06875
1 0.633594 0.692187 0.204688 0.215625
2 0.895312 0.498437 0.11875 0.103125
1 0.832812 0.961719 0.103125 0.0765625
2 0.508594 0.575781 0.145313 0.107813
2 0.523438 0.410156 0.184375 0.126563
1 0.63125 0.935938 0.11875 0.128125
1 0.785937 0.767969 0.153125 0.145313
1 0.666406 0.850781 0.0890625 0.0953125
1 0.73125 0.950781 0.109375 0.0984375
2 0.679688 0.499219 0.153125 0.176563
1 0.571875 0.816406 0.15625 0.132812
2 0.550781 0.307813 0.179688 0.146875
2 0.884375 0.582812 0.103125 0.103125
1 0.509375 0.910156 0.146875 0.151562
2 0.779688 0.570312 0.10625 0.1125
