3 0.225781 0.879687 0.104687 0.15625
2 0.105469 0.0609375 0.139062 0.115625
0 0.732031 0.983594 0.0765625 0.0328125
2 0.969531 0.33125 0.0609375 0.121875
2 0.95 0.735937 0.0625 0.059375
3 0.925 0.983594 0.096875 0.0328125
3 0.0203125 0.0703125 0.040625 0.11875
3 0.544531 0.336719 0.0703125 0.0734375
3 0.819531 0.275 0.0484375 0.05625
3 0.104687 0.0609375 0.1375 0.1125
0 0.379687 0.880469 0.1125 0.126563
2 0.196094 0.979688 0.0984375 0.040625
0 0.135156 0.285156 0.101562 0.0953125
2 0.527344 0.601562 0.126563 0.125
2 0.454688 0.0851562 0.075 0.0953125
2 0.853125 0.141406 0.109375 0.107813
2 0.966406 0.45 0.0671875 0.134375
2 0.0382813 0.629687 0.0765625 0.14375
2 0.935938 0.816406 0.11875 0.101562
3 0.125 0.759375 0.153125 0.121875
0 0.857031 0.742969 0.0890625 0.0796875
3 0.319531 0.423438 0.129688 0.11875
0 0.582031 0.183594 0.123438 0.123438
2 0.751562 0.552344 0.109375 0.0890625
2 0.877344 0.0453125 0.204688 0.090625
2 0.340625 0.663281 0.075 0.107813
2 0.0828125 0.964844 0.134375 0.0703125
2 0.300781 0.9125 0.0734375 0.090625
0 0.113281 0.341406 0.0828125 0.0640625
3 0.647656 0.230469 0.0671875 0.0640625
2 0.944531 0.160938 0.110937 0.215625
3 0.957812 0.672656 0.084375 0.126563
2 0.426562 0.795313 0.10625 0.09375
0 0.189063 0.144531 0.0875 0.0859375
2 0.0320312 0.757031 0.0640625 0.145313
2 0.403125 0.195312 0.121875 0.1
2 0.671094 0.502344 0.135937 0.117188
0 0.38125 0.961719 0.10625 0.0734375
2 0.0359375 0.88125 0.071875 0.109375
2 0.895312 0.419531 0.1125 0.0953125
0 0.0578125 0.378125 0.096875 0.084375
2 0.346875 0.0664062 0.134375 0.123438
3 0.967188 0.557031 0.065625 0.104687
0 0.210156 0.239063 0.0734375 0.08125
2 0.664062 0.410937 0.125 0.096875
0 0.886719 0.68125 0.0671875 0.071875
2 0.652344 0.653906 0.145313 0.167187
2 0.638281 0.857813 0.148438 0.121875
2 0.870313 0.610937 0.09375 0.0875
2 0.661719 0.3125 0.167187 0.159375
2 0.130469 0.653125 0.120312 0.128125
3 0.3 0.274219 0.13125 0.164062
3 0.954687 0.913281 0.090625 0.114063
2 0.61875 0.104687 0.1375 0.140625
3 0.647656 0.957031 0.117188 0.0859375
2 0.44375 0.671094 0.14375 0.157813
2 0.640625 0.76875 0.15 0.090625
2 0.435937 0.316406 0.165625 0.164062
2 0.889063 0.321875 0.109375 0.109375
3 0.882812 0.515625 0.128125 0.109375
2 0.5125 0.903906 0.171875 0.185937
2 0.0976562 0.524219 0.170312 0.151562
2 0.260938 0.629687 0.16875 0.203125
2 0.782812 0.66875 0.121875 0.153125
3 0.742969 0.886719 0.101562 0.145313
2 0.298438 0.780469 0.13125 0.126563
0 0.123438 0.185156 0.121875 0.139062
2 0.528125 0.449219 0.175 0.185937
2 0.789062 0.364062 0.115625 0.1375
3 0.846875 0.910156 0.11875 0.135937
2 0.178906 0.432031 0.154687 0.135937
0 0.391406 0.550781 0.101562 0.117188
2 0.124219 0.883594 0.117188 0.139062
0 0.765625 0.225781 0.125 0.114063
0 0.75 0.107031 0.134375 0.145313
0 0.785156 0.8 0.126563 0.1125
