0 0.46875 0.071875 0.046875 0.05
2 0.273438 0.100781 0.1 0.0765625
2 0.785156 0.605469 0.101562 0.0953125
2 0.1125 0.624219 0.0625 0.0578125
2 0.988281 0.866406 0.0234375 0.0796875
3 0.785937 0.603125 0.1 0.096875
2 0.685156 0.0679687 0.0609375 0.0890625
3 0.300781 0.0328125 0.107813 0.065625
2 0.0664062 0.782812 0.0984375 0.090625
3 0.273438 0.1 0.1 0.078125
1 0.926562 0.538281 0.146875 0.135937
0 0.460156 0.215625 0.0734375 0.078125
3 0.899219 0.0765625 0.114063 0.090625
2 0.917969 0.01875 0.135937 0.0375
0 0.455469 0.134375 0.0640625 0.078125
3 0.971094 0.939844 0.0546875 0.0640625
0 0.510938 0.110156 0.04375 0.0578125
0 0.425781 0.065625 0.0390625 0.04375
3 0.514844 0.0335938 0.148438 0.0671875
2 0.533594 0.78125 0.104687 0.090625
0 0.769531 0.0695312 0.0921875 0.0953125
0 0.804688 0.0234375 0.1125 0.046875
3 0.0679687 0.783594 0.101562 0.0921875
2 0.264062 0.858594 0.06875 0.0609375
2 0.901563 0.0726563 0.11875 0.0984375
3 0.84375 0.71875 0.153125 0.15
2 0.04375 0.351562 0.046875 0.040625
2 0.065625 0.476562 0.121875 0.10625
2 0.717969 0.736719 0.0609375 0.0703125
3 0.116406 0.965625 0.104687 0.06875
0 0.516406 0.192969 0.0546875 0.0765625
3 0.498437 0.502344 0.078125 0.0734375
2 0.0398437 0.6125 0.0796875 0.14375
0 0.551562 0.295312 0.078125 0.075
2 0.0539063 0.890625 0.101562 0.146875
2 0.0898438 0.688281 0.129688 0.101562
2 0.108594 0.376563 0.0828125 0.071875
3 0.114063 0.0539063 0.11875 0.104687
0 0.5625 0.102344 0.084375 0.0953125
0 0.059375 0.142969 0.08125 0.0953125
2 0.236719 0.621875 0.0890625 0.075
2 0.95625 0.140625 0.0875 0.1125
3 0.771094 0.2 0.114063 0.109375
3 0.383594 0.151562 0.0953125 0.09375
3 0.572656 0.214062 0.0703125 0.071875
3 0.492969 0.847656 0.0953125 0.101562
2 0.43125 0.369531 0.109375 0.101562
0 0.6375 0.05625 0.0875 0.1125
3 0.457031 0.286719 0.0859375 0.0765625
0 0.0367187 0.260938 0.0734375 0.159375
3 0.0328125 0.0421875 0.0625 0.084375
2 0.721875 0.464063 0.084375 0.09375
2 0.567969 0.942187 0.167187 0.115625
3 0.71875 0.830469 0.103125 0.110937
2 0.848437 0.307813 0.134375 0.084375
0 0.359375 0.0710938 0.071875 0.0953125
3 0.954687 0.246094 0.090625 0.120312
2 0.259375 0.186719 0.15 0.117188
0 0.363281 0.233594 0.0796875 0.0796875
2 0.938281 0.850781 0.104687 0.0984375
0 0.563281 0.511719 0.0796875 0.0859375
2 0.892187 0.9375 0.103125 0.1
2 0.671094 0.659375 0.0984375 0.084375
2 0.836719 0.394531 0.182812 0.126563
2 0.557031 0.708594 0.0828125 0.0859375
2 0.146875 0.178906 0.1 0.104687
2 0.215625 0.285156 0.125 0.135937
0 0.653125 0.190625 0.1 0.096875
0 0.494531 0.33125 0.0671875 0.06875
2 0.85625 0.215625 0.134375 0.1125
2 0.641406 0.434375 0.101562 0.128125
3 0.179688 0.43125 0.121875 0.115625
2 0.677344 0.565625 0.157813 0.128125
2 0.36875 0.8375 0.109375 0.1125
2 0.354688 0.930469 0.134375 0.117188
2 0.230469 0.94375 0.154687 0.1125
2 0.622656 0.853906 0.101562 0.0859375
2 0.575 0.616406 0.096875 0.110937
2 0.446094 0.722656 0.142188 0.123438
2 0.95625 0.761719 0.0875 0.120312
2 0.953906 0.423438 0.0921875 0.128125
2 0.157813 0.839844 0.128125 0.151562
2 0.454688 0.603906 0.15625 0.132812
2 0.780469 0.915625 0.120312 0.1125
2 0.400781 0.48125 0.157813 0.146875
2 0.299219 0.760938 0.167187 0.171875
2 0.539062 0.410937 0.128125 0.153125
2 0.829687 0.508594 0.15 0.123438
2 0.30625 0.344531 0.146875 0.157813
2 0.825 0.838281 0.109375 0.110937
2 0.260156 0.521094 0.167187 0.157813
2 0.189844 0.716406 0.0953125 0.107813
2 0.639844 0.757812 0.117188 0.125
2 0.654688 0.308594 0.14375 0.145313
2 0.1 0.269531 0.121875 0.145313
