0 0.507812 0.885938 0.0625 0.065625
2 0.0234375 0.371094 0.046875 0.126563
2 0.896875 0.439844 0.075 0.0671875
2 0.292969 0.971094 0.120312 0.0578125
2 0.732813 0.855469 0.059375 0.0640625
2 0.0265625 0.230469 0.053125 0.101562
2 0.0921875 0.0796875 0.09375 0.1
0 0.0171875 0.764844 0.034375 0.0859375
2 0.967188 0.442969 0.0625 0.0671875
2 0.782031 0.124219 0.129688 0.107813
1 0.09375 0.0804688 0.096875 0.0984375
2 0.224219 0.0171875 0.0640625 0.034375
2 0.694531 0.9625 0.0609375 0.075
3 0.00859375 0.5 0.0171875 0.075
0 0.190625 0.575781 0.075 0.0796875
2 0.970312 0.936719 0.059375 0.110937
1 0.603125 0.214062 0.134375 0.10625
2 0.203125 0.971875 0.11875 0.05625
2 0.367969 0.585156 0.157813 0.170312
2 0.567969 0.508594 0.0609375 0.0609375
2 0.53125 0.282813 0.10625 0.128125
2 0.659375 0.0671875 0.084375 0.071875
2 0.053125 0.177344 0.05 0.0578125
2 0.432031 0.232031 0.129688 0.135937
3 0.471094 0.336719 0.0921875 0.0921875
2 0.151562 0.175 0.11875 0.121875
1 0.177344 0.0539063 0.135937 0.107813
2 0.250781 0.242969 0.120312 0.135937
0 0.510938 0.01875 0.06875 0.0375
2 0.149219 0.91875 0.114063 0.109375
2 0.5125 0.423438 0.159375 0.146875
2 0.113281 0.85 0.101562 0.1
2 0.322656 0.750781 0.0765625 0.0859375
2 0.319531 0.398438 0.0640625 0.065625
1 0.571875 0.134375 0.115625 0.090625
2 0.875 0.957812 0.134375 0.084375
2 0.163281 0.484375 0.0859375 0.090625
2 0.891406 0.0335938 0.135937 0.0671875
2 0.710156 0.525781 0.0890625 0.0953125
2 0.848437 0.846094 0.05625 0.0484375
0 0.08125 0.464063 0.084375 0.075
0 0.170312 0.29375 0.053125 0.053125
2 0.629687 0.317969 0.134375 0.151562
2 0.339063 0.953125 0.075 0.06875
2 0.80625 0.9 0.090625 0.103125
2 0.339844 0.465625 0.123438 0.1
2 0.965625 0.545313 0.06875 0.11875
2 0.071875 0.533594 0.103125 0.0859375
0 0.427344 0.417188 0.0546875 0.06875
2 0.865625 0.638281 0.09375 0.0859375
2 0.59375 0.0367187 0.084375 0.0734375
2 0.372656 0.700781 0.0640625 0.0828125
0 0.0445312 0.801562 0.0578125 0.0625
0 0.56875 0.692187 0.059375 0.046875
2 0.103906 0.255469 0.0953125 0.0828125
2 0.764844 0.653906 0.0984375 0.0890625
2 0.842969 0.305469 0.0859375 0.0953125
2 0.241406 0.928906 0.0640625 0.0703125
2 0.439063 0.880469 0.071875 0.0765625
2 0.141406 0.715625 0.114063 0.0875
2 0.100781 0.588281 0.110937 0.0859375
2 0.246875 0.721094 0.078125 0.0703125
2 0.953125 0.658594 0.09375 0.123438
2 0.0921875 0.9625 0.109375 0.075
0 0.379687 0.365625 0.0875 0.075
2 0.0515625 0.31875 0.103125 0.103125
2 0.765625 0.215625 0.128125 0.10625
2 0.426562 0.491406 0.075 0.0734375
2 0.353125 0.284375 0.109375 0.1125
2 0.484375 0.955469 0.0625 0.0796875
2 0.771875 0.04375 0.121875 0.0875
2 0.832812 0.727344 0.0875 0.0765625
0 0.523438 0.0875 0.065625 0.08125
2 0.323438 0.190625 0.0875 0.08125
2 0.575781 0.624219 0.120312 0.123438
2 0.896094 0.803125 0.120312 0.10625
2 0.867188 0.203125 0.121875 0.125
2 0.14375 0.652344 0.1 0.0828125
0 0.553906 0.753125 0.0953125 0.10625
2 0.375781 0.828125 0.0921875 0.09375
0 0.796875 0.603125 0.06875 0.06875
0 0.970312 0.0421875 0.05625 0.084375
2 0.452344 0.0695312 0.123438 0.139062
0 0.730469 0.584375 0.0515625 0.053125
2 0.65 0.884375 0.11875 0.0875
2 0.0382813 0.885938 0.0765625 0.1
2 0.629687 0.565625 0.10625 0.115625
2 0.805469 0.500781 0.120312 0.129688
2 0.302344 0.650781 0.101562 0.110937
2 0.307813 0.0734375 0.14375 0.146875
2 0.89375 0.534375 0.1 0.1
2 0.121875 0.377344 0.115625 0.117188
2 0.671094 0.157031 0.0953125 0.117188
2 0.509375 0.560938 0.103125 0.103125
2 0.934375 0.3375 0.128125 0.128125
2 0.749219 0.741406 0.0671875 0.0765625
2 0.178906 0.786719 0.0859375 0.0890625
2 0.05625 0.696094 0.10625 0.135937
2 0.217969 0.6625 0.0859375 0.0875
2 0.665625 0.778125 0.16875 0.16875
2 0.229687 0.402344 0.134375 0.135937
2 0.592188 0.942969 0.159375 0.114063
2 0.949219 0.217187 0.0984375 0.115625
2 0.742188 0.416406 0.153125 0.117188
2 0.89375 0.10625 0.115625 0.090625
0 0.939062 0.750781 0.115625 0.0984375
2 0.745313 0.314844 0.115625 0.104687
2 0.251563 0.522656 0.121875 0.129688
2 0.450781 0.635938 0.142188 0.128125
2 0.319531 0.885156 0.110937 0.104687
2 0.376563 0.133594 0.109375 0.0984375
2 0.264844 0.803125 0.135937 0.14375
2 0.446094 0.764063 0.173438 0.165625
