3 0.367969 0.570312 0.107813 0.109375
0 0.0460938 0.975781 0.0578125 0.0453125
2 0.8375 0.703125 0.109375 0.103125
0 0.753125 0.0335938 0.059375 0.0671875
0 0.819531 0.245312 0.0546875 0.046875
0 0.707812 0.021875 0.059375 0.04375
3 0.0140625 0.440625 0.028125 0.075
3 0.971875 0.616406 0.05625 0.0984375
0 0.502344 0.0640625 0.0640625 0.090625
0 0.485156 0.0625 0.0953125 0.09375
0 0.985937 0.146094 0.028125 0.0609375
3 0.18125 0.0382813 0.0875 0.0765625
3 0.979688 0.0601562 0.040625 0.0609375
3 0.600781 0.288281 0.0484375 0.0578125
3 0.571875 0.476562 0.046875 0.059375
3 0.838281 0.701563 0.104687 0.1
3 0.958594 0.532812 0.0828125 0.109375
2 0.60625 0.191406 0.075 0.0703125
0 0.619531 0.261719 0.0515625 0.0515625
0 0.465625 0.05625 0.084375 0.0875
2 0.296094 0.49375 0.0859375 0.084375
0 0.867188 0.203906 0.09375 0.114063
0 0.109375 0.669531 0.071875 0.0671875
2 0.0414063 0.621094 0.0828125 0.110937
0 0.090625 0.4875 0.09375 0.10625
3 0.966406 0.425781 0.0671875 0.110937
2 0.978125 0.832031 0.04375 0.129688
2 0.926562 0.949219 0.096875 0.0890625
0 0.0320312 0.503125 0.0640625 0.1
3 0.0304688 0.735156 0.0609375 0.110937
0 0.0578125 0.551562 0.071875 0.059375
2 0.0945313 0.746875 0.0796875 0.0875
3 0.941406 0.705469 0.110937 0.107813
3 0.0375 0.223438 0.075 0.11875
2 0.352344 0.059375 0.117188 0.11875
3 0.460156 0.782812 0.114063 0.1125
2 0.145313 0.947656 0.084375 0.0671875
2 0.782812 0.400781 0.11875 0.145313
0 0.0984375 0.590625 0.078125 0.08125
0 0.54375 0.563281 0.096875 0.107813
3 0.0320312 0.114063 0.0640625 0.109375
3 0.119531 0.0976562 0.120312 0.107813
3 0.520312 0.182031 0.053125 0.0640625
2 0.960156 0.223438 0.0796875 0.1
2 0.278906 0.774219 0.0921875 0.0828125
2 0.264062 0.0460938 0.084375 0.0921875
2 0.777344 0.204688 0.0921875 0.078125
3 0.460938 0.557813 0.0875 0.0875
2 0.367188 0.866406 0.078125 0.120312
0 0.344531 0.197656 0.0734375 0.101562
2 0.046875 0.355469 0.09375 0.129688
2 0.489062 0.463281 0.121875 0.110937
2 0.841406 0.605469 0.114063 0.101562
3 0.615625 0.664844 0.115625 0.142188
2 0.195312 0.622656 0.134375 0.151562
0 0.389844 0.7625 0.0765625 0.08125
3 0.859375 0.515625 0.115625 0.096875
3 0.883594 0.411719 0.0921875 0.107813
0 0.888281 0.0835937 0.101562 0.0953125
2 0.425781 0.146094 0.129688 0.142188
2 0.517969 0.672656 0.0765625 0.110937
3 0.79375 0.110937 0.0875 0.10625
2 0.251563 0.210938 0.121875 0.15
2 0.594531 0.396875 0.0890625 0.096875
2 0.703906 0.126563 0.0984375 0.128125
2 0.816406 0.935938 0.123438 0.125
2 0.260156 0.952344 0.151562 0.0953125
3 0.158594 0.553906 0.0671875 0.0703125
3 0.450781 0.273438 0.0890625 0.10625
0 0.826563 0.29375 0.078125 0.065625
2 0.407031 0.379687 0.0921875 0.10625
2 0.35625 0.2875 0.096875 0.084375
3 0.534375 0.280469 0.090625 0.114063
2 0.320312 0.376563 0.09375 0.11875
2 0.580469 0.910937 0.126563 0.121875
2 0.676562 0.805469 0.109375 0.126563
2 0.684375 0.394531 0.096875 0.0984375
3 0.714063 0.28125 0.134375 0.1125
2 0.457812 0.909375 0.1125 0.1375
2 0.3125 0.661719 0.125 0.139062
2 0.901563 0.83125 0.125 0.14375
3 0.745313 0.564844 0.115625 0.114063
2 0.664844 0.497656 0.139062 0.126563
3 0.607813 0.0757812 0.16875 0.148438
2 0.134375 0.869531 0.121875 0.114063
2 0.142188 0.215625 0.115625 0.134375
2 0.785937 0.810938 0.10625 0.1125
3 0.189844 0.475 0.107813 0.1125
2 0.417188 0.669531 0.09375 0.104687
2 0.49375 0.367188 0.09375 0.090625
3 0.930469 0.313281 0.126563 0.110937
2 0.692187 0.934375 0.11875 0.128125
2 0.135156 0.360938 0.104687 0.13125
2 0.570312 0.792188 0.10625 0.128125
2 0.273438 0.860937 0.115625 0.1125
2 0.727344 0.688281 0.117188 0.123438
2 0.0460938 0.84375 0.0921875 0.128125
2 0.173438 0.757812 0.11875 0.125
2 0.23125 0.366406 0.096875 0.110937
