2 0.171094 0.46875 0.0484375 0.046875
0 0.115625 0.28125 0.090625 0.075
0 0.0929687 0.471875 0.0734375 0.08125
0 0.972656 0.902344 0.0546875 0.157813
0 0.528125 0.358594 0.078125 0.0890625
0 0.110937 0.823438 0.134375 0.146875
0 0.2625 0.427344 0.053125 0.0578125
0 0.896875 0.969531 0.128125 0.0609375
0 0.957812 0.513281 0.084375 0.223438
0 0.880469 0.635938 0.139062 0.109375
0 0.665625 0.0445312 0.234375 0.0890625
0 0.05625 0.41875 0.1125 0.228125
0 0.644531 0.344531 0.148438 0.135937
0 0.115625 0.814062 0.115625 0.115625
0 0.960938 0.332812 0.078125 0.178125
0 0.707031 0.380469 0.157813 0.157813
0 0.749219 0.485156 0.0640625 0.0671875
0 0.499219 0.45 0.123438 0.1125
0 0.950781 0.0539063 0.0984375 0.107813
0 0.910156 0.749219 0.176563 0.160938
0 0.582031 0.283594 0.0578125 0.0671875
0 0.190625 0.221875 0.1125 0.121875
0 0.904688 0.897656 0.121875 0.142188
0 0.546094 0.532812 0.0734375 0.059375
0 0.624219 0.44375 0.101562 0.075
0 0.36875 0.63125 0.096875 0.1
0 0.146094 0.389062 0.0984375 0.103125
0 0.807813 0.266406 0.0875 0.0796875
0 0.578125 0.117969 0.128125 0.126563
0 0.822656 0.516406 0.114063 0.129688
0 0.4125 0.451562 0.0625 0.078125
0 0.905469 0.495313 0.0796875 0.096875
0 0.310937 0.264062 0.121875 0.109375
0 0.565625 0.660937 0.18125 0.23125
0 0.546094 0.883594 0.135937 0.182812
0 0.342187 0.44375 0.075 0.071875
0 0.267188 0.114063 0.25625 0.215625
0 0.108594 0.129688 0.0984375 0.115625
0 0.139062 0.641406 0.265625 0.298438
0 0.813281 0.858594 0.142188 0.198437
0 0.464844 0.0960938 0.132812 0.120312
0 0.754687 0.139844 0.13125 0.189063
0 0.425 0.182812 0.125 0.11875
0 0.905469 0.279687 0.0828125 0.103125
0 0.642969 0.515625 0.126563 0.096875
0 0.720312 0.582812 0.10625 0.115625
0 0.659375 0.910937 0.11875 0.121875
0 0.329688 0.925781 0.146875 0.126563
0 0.664844 0.771094 0.157813 0.160938
0 0.528125 0.241406 0.0875 0.0984375
0 0.4625 0.305469 0.128125 0.145313
0 0.742188 0.955469 0.084375 0.0796875
0 0.308594 0.826563 0.173438 0.153125
0 0.364844 0.345313 0.135937 0.14375
0 0.866406 0.401563 0.151562 0.11875
0 0.764063 0.709375 0.125 0.140625
0 0.274219 0.546094 0.148438 0.117188
0 0.642969 0.21875 0.123438 0.1
0 0.439063 0.708594 0.146875 0.185937
0 0.245312 0.341406 0.10625 0.107813
0 0.19375 0.903906 0.11875 0.157813
