1 0.7375 0.1375 0.19375 0.159375
2 0.0585938 0.667188 0.117188 0.15
1 0.775 0.241406 0.103125 0.110937
2 0.775781 0.241406 0.104687 0.114063
2 0.710938 0.697656 0.078125 0.0828125
0 0.970312 0.579687 0.05625 0.125
2 0.0382813 0.0757812 0.0765625 0.0859375
0 0.96875 0.1125 0.0625 0.125
3 0.650781 0.924219 0.0671875 0.0671875
2 0.276563 0.685938 0.125 0.14375
2 0.0375 0.3375 0.075 0.121875
2 0.472656 0.25 0.0921875 0.115625
0 0.211719 0.115625 0.0828125 0.096875
3 0.951563 0.025 0.084375 0.05
2 0.674219 0.965625 0.148438 0.065625
1 0.059375 0.667188 0.11875 0.146875
0 0.486719 0.742969 0.0546875 0.0484375
2 0.301562 0.939062 0.1125 0.115625
2 0.0609375 0.198437 0.121875 0.20625
2 0.129688 0.0890625 0.096875 0.1125
2 0.728906 0.0390625 0.145313 0.075
0 0.484375 0.55 0.084375 0.09375
3 0.363281 0.247656 0.0796875 0.0734375
2 0.871094 0.964844 0.110937 0.0703125
2 0.280469 0.135156 0.0796875 0.0765625
2 0.941406 0.174219 0.0703125 0.0640625
2 0.399219 0.55 0.0984375 0.1
2 0.454688 0.811719 0.075 0.0859375
1 0.167969 0.671875 0.120312 0.128125
2 0.880469 0.374219 0.104687 0.139062
2 0.350781 0.807031 0.142188 0.129688
2 0.065625 0.510938 0.13125 0.19375
2 0.876562 0.254687 0.1125 0.109375
2 0.617969 0.06875 0.0890625 0.13125
2 0.623438 0.817187 0.115625 0.1125
2 0.660156 0.250781 0.126563 0.179688
2 0.559375 0.241406 0.103125 0.142188
2 0.600781 0.559375 0.0671875 0.0625
3 0.122656 0.3625 0.0859375 0.090625
0 0.536719 0.04375 0.129688 0.0875
2 0.964844 0.359375 0.0703125 0.10625
2 0.102344 0.775 0.145313 0.1125
0 0.914844 0.501562 0.0984375 0.1125
2 0.760156 0.357812 0.148438 0.13125
2 0.858594 0.846094 0.0953125 0.0953125
2 0.857813 0.153906 0.08125 0.0953125
2 0.402344 0.928906 0.132812 0.132812
3 0.539844 0.361719 0.0828125 0.0828125
2 0.850781 0.56875 0.0890625 0.10625
0 0.167187 0.253906 0.096875 0.110937
0 0.805469 0.433594 0.0953125 0.0984375
2 0.948438 0.864062 0.103125 0.1875
2 0.517187 0.11875 0.121875 0.1125
0 0.765625 0.925781 0.115625 0.104687
2 0.588281 0.673437 0.189063 0.240625
0 0.124219 0.903125 0.129688 0.140625
0 0.267188 0.267969 0.121875 0.123438
2 0.207031 0.346094 0.0953125 0.0953125
2 0.853906 0.053125 0.123438 0.10625
2 0.282813 0.542969 0.14375 0.157813
2 0.157031 0.532812 0.129688 0.146875
2 0.407031 0.353906 0.160938 0.151562
0 0.191406 0.823438 0.0859375 0.09375
2 0.400781 0.677344 0.151562 0.160938
2 0.725 0.551562 0.1875 0.215625
0 0.386719 0.1375 0.142188 0.121875
0 0.75 0.80625 0.13125 0.15
2 0.885938 0.707031 0.2125 0.207813
