3 0.120312 0.342187 0.0375 0.04375
3 0.364844 0.430469 0.0921875 0.0890625
2 0.479688 0.303125 0.084375 0.084375
2 0.458594 0.819531 0.0671875 0.0640625
0 0.728906 0.899219 0.0453125 0.0484375
2 0.608594 0.538281 0.110937 0.107813
0 0.821094 0.544531 0.0515625 0.0515625
3 0.459375 0.819531 0.06875 0.0640625
0 0.604688 0.342969 0.053125 0.0546875
2 0.955469 0.70625 0.0890625 0.08125
3 0.0828125 0.464844 0.065625 0.0578125
3 0.722656 0.555469 0.0765625 0.0703125
0 0.0265625 0.810938 0.053125 0.103125
2 0.619531 0.0234375 0.114063 0.046875
2 0.2125 0.2125 0.109375 0.140625
3 0.480469 0.301562 0.0859375 0.084375
3 0.658594 0.616406 0.142188 0.142188
0 0.090625 0.328125 0.0625 0.075
0 0.225 0.320312 0.0625 0.059375
2 0.658594 0.617969 0.142188 0.142188
3 0.671875 0.48125 0.084375 0.075
3 0.667188 0.860156 0.059375 0.0578125
0 0.185937 0.954687 0.0625 0.0625
2 0.864844 0.278125 0.0609375 0.0625
2 0.554688 0.0765625 0.053125 0.059375
3 0.607813 0.538281 0.109375 0.110937
0 0.800781 0.978125 0.0890625 0.04375
2 0.364844 0.43125 0.0921875 0.0875
3 0.2125 0.903125 0.05 0.05
2 0.716406 0.936719 0.0296875 0.0390625
0 0.325 0.91875 0.096875 0.109375
3 0.0171875 0.253906 0.034375 0.0859375
0 0.585938 0.965625 0.059375 0.06875
3 0.26875 0.980469 0.078125 0.0390625
3 0.121094 0.3375 0.0296875 0.034375
0 0.922656 0.8875 0.151562 0.209375
2 0.811719 0.605469 0.0890625 0.101562
3 0.0625 0.639063 0.075 0.071875
2 0.860156 0.160938 0.0921875 0.08125
3 0.684375 0.71875 0.065625 0.059375
0 0.0390625 0.34375 0.071875 0.075
0 0.7625 0.840625 0.06875 0.08125
2 0.973437 0.135937 0.053125 0.10625
3 0.190625 0.35625 0.090625 0.084375
2 0.508594 0.903906 0.0984375 0.0921875
0 0.432031 0.664062 0.0484375 0.04375
2 0.877344 0.541406 0.0984375 0.101562
0 0.071875 0.825781 0.078125 0.0609375
3 0.605469 0.435156 0.0671875 0.0734375
3 0.832812 0.432813 0.109375 0.09375
3 0.589844 0.675 0.0671875 0.0625
3 0.540625 0.263281 0.090625 0.104687
2 0.125 0.954687 0.059375 0.071875
3 0.109375 0.716406 0.075 0.0765625
2 0.478906 0.0484375 0.114063 0.096875
3 0.128906 0.1875 0.0796875 0.109375
2 0.776563 0.495313 0.090625 0.075
2 0.217187 0.604688 0.053125 0.05625
0 0.0632813 0.559375 0.0703125 0.078125
3 0.0578125 0.753125 0.065625 0.065625
3 0.160938 0.0453125 0.1375 0.090625
0 0.388281 0.828906 0.0703125 0.0546875
2 0.355469 0.560938 0.0609375 0.065625
0 0.0226563 0.598437 0.0453125 0.078125
0 0.0304688 0.717188 0.0578125 0.075
3 0.1875 0.760938 0.059375 0.05625
0 0.757031 0.589063 0.0578125 0.0875
3 0.496875 0.654688 0.04375 0.04375
0 0.488281 0.540625 0.0953125 0.090625
0 0.796875 0.376563 0.065625 0.06875
2 0.502344 0.752344 0.0953125 0.104687
2 0.0476562 0.0460938 0.0921875 0.0921875
2 0.398438 0.884375 0.053125 0.053125
0 0.158594 0.674219 0.0796875 0.0765625
2 0.277344 0.125781 0.0859375 0.107813
0 0.415625 0.9625 0.059375 0.059375
2 0.558594 0.829687 0.0609375 0.053125
2 0.944531 0.492188 0.104687 0.103125
2 0.926562 0.21875 0.115625 0.10625
2 0.388281 0.776563 0.0671875 0.0625
3 0.739844 0.424219 0.0765625 0.0796875
3 0.892969 0.651563 0.0921875 0.084375
0 0.2875 0.519531 0.05 0.0484375
0 0.25 0.93125 0.0625 0.059375
3 0.632812 0.776563 0.05 0.05625
3 0.310937 0.623438 0.05625 0.053125
0 0.667969 0.928125 0.0734375 0.05625
3 0.10625 0.586719 0.0625 0.0640625
0 0.157031 0.491406 0.0765625 0.0796875
3 0.376563 0.298438 0.08125 0.08125
2 0.958594 0.053125 0.0828125 0.090625
3 0.478125 0.170312 0.090625 0.1
2 0.9625 0.589063 0.075 0.08125
3 0.046875 0.15625 0.09375 0.1125
0 0.599219 0.869531 0.0796875 0.0796875
2 0.407813 0.500781 0.103125 0.101562
3 0.785937 0.752344 0.065625 0.0671875
0 0.319531 0.76875 0.0921875 0.109375
0 0.448438 0.113281 0.065625 0.0703125
0 0.578125 0.755469 0.08125 0.104687
3 0.265625 0.420312 0.1125 0.11875
2 0.492969 0.439063 0.114063 0.109375
2 0.803906 0.214844 0.110937 0.101562
0 0.6375 0.2625 0.1 0.09375
2 0.648438 0.105469 0.11875 0.142188
0 0.172656 0.836719 0.114063 0.107813
3 0.13125 0.414844 0.090625 0.0921875
0 0.572656 0.169531 0.117188 0.120312
2 0.865625 0.794531 0.075 0.0703125
2 0.253906 0.684375 0.123438 0.115625
2 0.905469 0.361719 0.139062 0.135937
0 0.20625 0.53125 0.096875 0.096875
2 0.321094 0.0515625 0.114063 0.090625
2 0.423438 0.367188 0.121875 0.10625
3 0.297656 0.242188 0.0765625 0.090625
2 0.682813 0.371094 0.121875 0.114063
2 0.364844 0.165625 0.129688 0.1375
0 0.292969 0.325 0.0859375 0.090625
2 0.752344 0.278906 0.160938 0.132812
0 0.692969 0.778125 0.0765625 0.0625
2 0.0585938 0.923437 0.117188 0.15
