1 0.946094 0.179688 0.107813 0.121875
3 0.967188 0.782031 0.0625 0.114063
2 0.146094 0.0210938 0.120312 0.0421875
3 0.755469 0.961719 0.139062 0.0765625
0 0.134375 0.364844 0.05 0.0578125
2 0.808594 0.196875 0.0765625 0.121875
2 0.757812 0.959375 0.1375 0.071875
1 0.357031 0.513281 0.104687 0.114063
2 0.0289063 0.0875 0.0578125 0.171875
2 0.0359375 0.775781 0.071875 0.117188
0 0.751562 0.0429688 0.125 0.0828125
2 0.588281 0.0328125 0.145313 0.065625
1 0.357031 0.627344 0.101562 0.110937
2 0.977344 0.335156 0.0453125 0.104687
2 0.630469 0.966406 0.123438 0.0609375
3 0.363281 0.957031 0.142188 0.0859375
2 0.957031 0.0546875 0.0859375 0.109375
2 0.947656 0.465625 0.104687 0.171875
2 0.485938 0.78125 0.0875 0.090625
2 0.914062 0.385156 0.1125 0.114063
2 0.463281 0.0617188 0.154687 0.123438
1 0.367969 0.416406 0.126563 0.114063
3 0.942969 0.865625 0.114063 0.11875
2 0.871875 0.202344 0.084375 0.120312
2 0.292969 0.301562 0.0609375 0.059375
2 0.261719 0.0375 0.114063 0.075
2 0.248437 0.954687 0.10625 0.090625
0 0.546875 0.792188 0.06875 0.084375
2 0.0414063 0.590625 0.0828125 0.15625
2 0.0414063 0.902344 0.0828125 0.114063
2 0.166406 0.772656 0.135937 0.148438
3 0.684375 0.405469 0.153125 0.145313
0 0.702344 0.278906 0.0953125 0.0984375
2 0.39375 0.307031 0.1375 0.126563
2 0.933594 0.275 0.0796875 0.078125
2 0.253906 0.384375 0.167187 0.165625
1 0.510938 0.707031 0.078125 0.0859375
2 0.570312 0.480469 0.115625 0.129688
2 0.815625 0.423438 0.109375 0.1125
3 0.400781 0.84375 0.120312 0.140625
3 0.778906 0.897656 0.0796875 0.0734375
0 0.0375 0.473437 0.075 0.115625
2 0.0710938 0.307031 0.139062 0.167187
2 0.521875 0.283594 0.103125 0.101562
0 0.839844 0.529688 0.0703125 0.08125
2 0.117188 0.120312 0.134375 0.1625
2 0.428125 0.700781 0.121875 0.135937
2 0.419531 0.195312 0.132812 0.128125
2 0.210156 0.153906 0.107813 0.117188
2 0.923437 0.647656 0.14375 0.195312
2 0.675781 0.0859375 0.148438 0.13125
2 0.678906 0.767187 0.0984375 0.103125
2 0.297656 0.724219 0.151562 0.117188
2 0.178906 0.267969 0.0984375 0.117188
2 0.539062 0.155469 0.15 0.154687
2 0.220313 0.583594 0.2 0.204688
2 0.602344 0.708594 0.129688 0.145313
2 0.0796875 0.690625 0.14375 0.134375
2 0.652344 0.870313 0.185937 0.15625
2 0.11875 0.476562 0.140625 0.159375
2 0.144531 0.915625 0.135937 0.14375
2 0.460156 0.585938 0.157813 0.178125
2 0.282813 0.846094 0.13125 0.157813
0 0.517969 0.932813 0.123438 0.134375
2 0.297656 0.192969 0.132812 0.167187
2 0.725 0.649219 0.159375 0.151562
2 0.810156 0.819531 0.164062 0.151562
2 0.855469 0.69375 0.142188 0.153125
2 0.75 0.519531 0.159375 0.123438
2 0.497656 0.367188 0.104687 0.103125
2 0.816406 0.310156 0.157813 0.117188
0 0.584375 0.59375 0.134375 0.125
2 0.617188 0.29375 0.109375 0.11875
2 0.469531 0.463281 0.120312 0.114063
2 0.642969 0.192188 0.0921875 0.09375
