3 0.526563 0.935938 0.09375 0.0875
2 0.166406 0.764063 0.0703125 0.065625
2 0.525781 0.936719 0.0890625 0.0859375
3 0.615625 0.874219 0.03125 0.0296875
3 0.334375 0.0960938 0.134375 0.110937
3 0.165625 0.765625 0.06875 0.065625
2 0.153125 0.966406 0.0625 0.0546875
3 0.965625 0.9625 0.065625 0.075
2 0.614062 0.874219 0.03125 0.0328125
3 0.960938 0.776563 0.075 0.125
0 0.682031 0.935156 0.0671875 0.0546875
3 0.332031 0.108594 0.123438 0.0828125
3 0.720312 0.979688 0.1 0.040625
0 0.822656 0.814844 0.0765625 0.0859375
0 0.947656 0.028125 0.0734375 0.05625
3 0.576563 0.633594 0.059375 0.0546875
3 0.0203125 0.735156 0.040625 0.0421875
0 0.344531 0.317969 0.0578125 0.0640625
0 0.046875 0.36875 0.08125 0.075
2 0.428125 0.54375 0.059375 0.059375
2 0.789844 0.93125 0.0484375 0.05
3 0.973437 0.475781 0.053125 0.101562
3 0.972656 0.380469 0.0546875 0.104687
3 0.0273438 0.110937 0.0546875 0.1375
0 0.232812 0.390625 0.075 0.0875
0 0.421875 0.146875 0.075 0.075
0 0.499219 0.05625 0.0953125 0.103125
0 0.114844 0.369531 0.0734375 0.0640625
3 0.342187 0.05 0.1375 0.09375
0 0.250781 0.665625 0.0734375 0.084375
0 0.275781 0.2 0.0640625 0.071875
0 0.659375 0.059375 0.06875 0.06875
0 0.100781 0.43125 0.0859375 0.071875
3 0.70625 0.0210938 0.053125 0.0421875
3 0.572656 0.233594 0.0515625 0.0609375
2 0.942969 0.707031 0.0484375 0.0578125
0 0.469531 0.409375 0.0796875 0.09375
0 0.378125 0.196875 0.078125 0.075
0 0.0226563 0.6875 0.0453125 0.059375
0 0.232031 0.04375 0.0953125 0.0875
3 0.04375 0.96875 0.08125 0.0625
3 0.467969 0.746094 0.0890625 0.0859375
0 0.133594 0.59375 0.0671875 0.059375
3 0.951563 0.105469 0.084375 0.0765625
2 0.053125 0.588281 0.090625 0.0765625
3 0.882031 0.0273438 0.0515625 0.0546875
0 0.628125 0.313281 0.0875 0.0953125
2 0.921094 0.86875 0.123438 0.1375
3 0.194531 0.632812 0.0484375 0.05625
3 0.592969 0.547656 0.0609375 0.0578125
3 0.674219 0.155469 0.0703125 0.0640625
3 0.485938 0.678906 0.071875 0.0703125
3 0.601562 0.0304688 0.053125 0.0609375
3 0.216406 0.521094 0.0890625 0.0953125
2 0.735156 0.296875 0.0734375 0.059375
3 0.09375 0.214844 0.0875 0.0921875
2 0.540625 0.852344 0.08125 0.0953125
0 0.138281 0.720312 0.0765625 0.0625
2 0.433594 0.878125 0.0765625 0.1
3 0.539844 0.385156 0.0765625 0.0796875
3 0.789062 0.0445312 0.08125 0.0828125
0 0.764063 0.4375 0.075 0.084375
0 0.321875 0.379687 0.10625 0.075
3 0.825781 0.404687 0.104687 0.10625
3 0.227344 0.124219 0.0953125 0.0953125
3 0.746094 0.807031 0.0859375 0.0828125
0 0.148438 0.667188 0.05625 0.05625
3 0.589063 0.0992187 0.08125 0.0765625
3 0.770312 0.125781 0.0625 0.0640625
3 0.469531 0.182031 0.0671875 0.0765625
2 0.0507812 0.494531 0.0984375 0.110937
3 0.723437 0.884375 0.1125 0.10625
3 0.935156 0.215625 0.0984375 0.090625
3 0.759375 0.222656 0.08125 0.0890625
3 0.278906 0.285937 0.101562 0.125
3 0.453125 0.290625 0.153125 0.153125
3 0.572656 0.167969 0.0984375 0.0828125
2 0.339844 0.926562 0.126563 0.1375
3 0.117969 0.0648438 0.126563 0.129688
