2 0.714844 0.676562 0.154687 0.165625
3 0.982031 0.151562 0.0359375 0.084375
3 0.0101562 0.132031 0.0203125 0.0703125
2 0.872656 0.4375 0.145313 0.103125
3 0.240625 0.328906 0.0875 0.101562
2 0.671875 0.966406 0.16875 0.0671875
2 0.899219 0.984375 0.110937 0.03125
3 0.0382813 0.529688 0.0765625 0.1375
3 0.0351562 0.414062 0.0703125 0.09375
2 0.323438 0.292969 0.121875 0.123438
3 0.252344 0.23125 0.0703125 0.065625
3 0.321094 0.294531 0.120312 0.123438
3 0.465625 0.0390625 0.1375 0.078125
2 0.159375 0.592969 0.1 0.0890625
3 0.976562 0.0710938 0.046875 0.0953125
3 0.202344 0.528906 0.120312 0.110937
2 0.0882813 0.463281 0.110937 0.101562
3 0.11875 0.025 0.13125 0.05
3 0.932031 0.742188 0.0640625 0.059375
3 0.714844 0.678125 0.154687 0.165625
3 0.552344 0.467187 0.0859375 0.0875
2 0.533594 0.534375 0.0453125 0.05
2 0.605469 0.928125 0.0734375 0.1
3 0.225781 0.0515625 0.101562 0.1
3 0.785156 0.116406 0.0984375 0.0890625
3 0.653125 0.0710938 0.084375 0.0984375
2 0.167969 0.385156 0.104687 0.0765625
3 0.425781 0.727344 0.145313 0.139062
3 0.25625 0.154687 0.103125 0.103125
3 0.489844 0.3625 0.120312 0.15625
3 0.229687 0.817187 0.08125 0.08125
3 0.19375 0.446094 0.096875 0.0765625
3 0.764844 0.391406 0.0578125 0.0765625
3 0.0273438 0.230469 0.0546875 0.0921875
2 0.857031 0.517969 0.135937 0.101562
3 0.378906 0.592188 0.114063 0.13125
2 0.872656 0.355469 0.145313 0.101562
3 0.435937 0.21875 0.0625 0.065625
3 0.708594 0.194531 0.0578125 0.0765625
2 0.0828125 0.932031 0.140625 0.129688
2 0.270312 0.658594 0.09375 0.0609375
3 0.96875 0.485938 0.0625 0.078125
2 0.451562 0.632812 0.075 0.08125
3 0.403125 0.476562 0.05625 0.0625
3 0.885156 0.0460938 0.126563 0.0921875
3 0.321875 0.514844 0.109375 0.0796875
2 0.878906 0.264844 0.120312 0.0859375
3 0.580469 0.282031 0.101562 0.0765625
2 0.107813 0.621094 0.103125 0.117188
3 0.970312 0.4125 0.059375 0.10625
2 0.146094 0.282813 0.160938 0.134375
3 0.392969 0.952344 0.123438 0.0921875
2 0.725781 0.0335938 0.0921875 0.0671875
3 0.408594 0.407813 0.0609375 0.075
3 0.796094 0.0328125 0.0609375 0.065625
3 0.110937 0.773438 0.16875 0.178125
3 0.780469 0.196875 0.0828125 0.078125
2 0.610156 0.8375 0.0734375 0.078125
3 0.127344 0.090625 0.0890625 0.096875
0 0.23125 0.957812 0.13125 0.084375
3 0.2625 0.732031 0.13125 0.114063
2 0.892969 0.171094 0.142188 0.117188
3 0.0421875 0.0632813 0.084375 0.123438
3 0.285937 0.596094 0.0875 0.0890625
2 0.842969 0.607031 0.126563 0.101562
0 0.426562 0.869531 0.1125 0.104687
3 0.632031 0.719531 0.104687 0.154687
2 0.940625 0.653125 0.11875 0.146875
2 0.685938 0.901563 0.09375 0.0875
3 0.6875 0.290625 0.103125 0.103125
2 0.785156 0.299219 0.0953125 0.101562
3 0.0710938 0.167187 0.0890625 0.071875
0 0.319531 0.847656 0.139062 0.182812
3 0.0664062 0.342969 0.104687 0.101562
2 0.522656 0.189063 0.126563 0.140625
3 0.195312 0.885938 0.090625 0.096875
3 0.470313 0.503906 0.09375 0.0953125
2 0.934375 0.93125 0.13125 0.128125
3 0.586719 0.370313 0.0953125 0.1
3 0.171875 0.161719 0.078125 0.0984375
2 0.939844 0.828906 0.120312 0.117188
2 0.625 0.197656 0.11875 0.120312
3 0.673437 0.4125 0.128125 0.1375
3 0.307813 0.432031 0.140625 0.139062
0 0.407813 0.303125 0.103125 0.1375
3 0.514844 0.807813 0.167187 0.190625
2 0.549219 0.627344 0.135937 0.135937
2 0.536719 0.08125 0.160938 0.10625
0 0.535156 0.953906 0.114063 0.0921875
3 0.828906 0.732813 0.110937 0.140625
2 0.794531 0.940625 0.129688 0.1125
2 0.832031 0.857813 0.123438 0.10625
2 0.707812 0.824219 0.125 0.110937
0 0.727344 0.513281 0.120312 0.151562
0 0.6125 0.553906 0.109375 0.114063
2 0.344531 0.182031 0.110937 0.114063
