3 0.653906 0.91875 0.0921875 0.10625
3 0.0140625 0.610937 0.028125 0.096875
0 0.442187 0.916406 0.11875 0.0984375
2 0.8125 0.265625 0.103125 0.109375
0 0.01875 0.909375 0.0375 0.04375
3 0.710938 0.0445312 0.10625 0.0890625
2 0.710938 0.0445312 0.109375 0.0890625
3 0.813281 0.266406 0.107813 0.110937
3 0.978125 0.964063 0.04375 0.071875
3 0.8625 0.691406 0.084375 0.0703125
3 0.865625 0.646094 0.1125 0.110937
2 0.864844 0.647656 0.126563 0.120312
3 0.974219 0.492188 0.0515625 0.10625
3 0.979688 0.0664062 0.040625 0.126563
3 0.888281 0.467969 0.135937 0.0984375
0 0.129688 0.932031 0.0875 0.104687
0 0.201562 0.703906 0.046875 0.0515625
3 0.103906 0.985937 0.0890625 0.028125
2 0.655469 0.917969 0.0921875 0.107813
3 0.071875 0.789062 0.078125 0.075
0 0.6375 0.590625 0.075 0.065625
2 0.278125 0.133594 0.121875 0.107813
0 0.432031 0.616406 0.0921875 0.0953125
2 0.898438 0.125 0.125 0.121875
3 0.971094 0.1875 0.0578125 0.121875
2 0.870313 0.551562 0.125 0.0875
3 0.89375 0.386719 0.084375 0.0734375
3 0.247656 0.971094 0.145313 0.0578125
0 0.472656 0.889844 0.0953125 0.0796875
3 0.553125 0.958594 0.096875 0.0828125
0 0.0539063 0.94375 0.0703125 0.0875
3 0.192969 0.626562 0.0578125 0.0625
2 0.159375 0.233594 0.0625 0.0765625
2 0.910937 0.0390625 0.13125 0.078125
3 0.854688 0.700781 0.05625 0.0546875
2 0.0375 0.71875 0.065625 0.06875
3 0.339844 0.726562 0.107813 0.115625
3 0.970312 0.288281 0.059375 0.0828125
2 0.241406 0.0445312 0.107813 0.0890625
2 0.0429688 0.0351562 0.0859375 0.0703125
2 0.783594 0.748438 0.145313 0.15625
2 0.353125 0.0585938 0.13125 0.117188
2 0.610937 0.139844 0.1125 0.0796875
2 0.805469 0.367188 0.107813 0.109375
0 0.653906 0.645312 0.0984375 0.090625
0 0.485156 0.819531 0.0796875 0.0890625
2 0.939844 0.801562 0.120312 0.109375
0 0.425 0.70625 0.0625 0.0875
3 0.896875 0.297656 0.071875 0.0890625
3 0.964844 0.384375 0.0703125 0.121875
0 0.43125 0.926562 0.09375 0.084375
0 0.1875 0.910156 0.071875 0.0921875
2 0.102344 0.645312 0.160938 0.15
0 0.960938 0.588281 0.078125 0.0953125
3 0.828125 0.953906 0.1125 0.0890625
3 0.0523437 0.860156 0.0640625 0.0671875
0 0.567969 0.874219 0.0828125 0.0765625
3 0.599219 0.224219 0.126563 0.107813
3 0.892187 0.215625 0.065625 0.071875
3 0.946875 0.6875 0.10625 0.121875
3 0.713281 0.203906 0.107813 0.104687
2 0.134375 0.0625 0.134375 0.125
2 0.309375 0.327344 0.14375 0.135937
2 0.160156 0.440625 0.0953125 0.115625
3 0.802344 0.075 0.117188 0.121875
0 0.0828125 0.46875 0.0625 0.05625
2 0.708594 0.304688 0.114063 0.11875
3 0.585938 0.322656 0.109375 0.101562
2 0.0515625 0.109375 0.103125 0.115625
0 0.620313 0.523438 0.05 0.0625
0 0.214844 0.335938 0.0890625 0.103125
3 0.835156 0.86875 0.120312 0.096875
0 0.667969 0.711719 0.0890625 0.0671875
3 0.739062 0.925781 0.06875 0.0765625
2 0.678125 0.800781 0.125 0.126563
3 0.258594 0.566406 0.114063 0.0984375
2 0.709375 0.444531 0.11875 0.157813
2 0.0679687 0.210938 0.132812 0.125
3 0.171094 0.795313 0.101562 0.1125
0 0.378906 0.867969 0.0859375 0.0796875
0 0.282031 0.896094 0.120312 0.107813
2 0.599219 0.434375 0.120312 0.11875
2 0.36875 0.236719 0.109375 0.114063
3 0.766406 0.582812 0.0921875 0.096875
2 0.239063 0.238281 0.109375 0.101562
2 0.470313 0.0648438 0.109375 0.0921875
2 0.464844 0.148438 0.148438 0.10625
2 0.433594 0.34375 0.114063 0.109375
2 0.482031 0.252344 0.126563 0.110937
0 0.535937 0.774219 0.1125 0.123438
3 0.08125 0.336719 0.159375 0.148438
2 0.265625 0.453125 0.13125 0.146875
0 0.81875 0.186719 0.096875 0.0765625
0 0.626562 0.06875 0.10625 0.090625
2 0.396094 0.464844 0.148438 0.151562
