2 0.790625 0.96875 0.09375 0.0625
3 0.0140625 0.358594 0.028125 0.126563
3 0.771094 0.480469 0.104687 0.0890625
2 0.0484375 0.682031 0.096875 0.210938
3 0.972656 0.385156 0.0546875 0.107813
2 0.315625 0.211719 0.103125 0.0953125
0 0.5 0.364062 0.109375 0.08125
2 0.242188 0.0703125 0.115625 0.140625
3 0.976562 0.471094 0.046875 0.0828125
3 0.978906 0.282031 0.0421875 0.107813
2 0.770312 0.478906 0.103125 0.0890625
2 0.60625 0.0921875 0.1125 0.096875
2 0.0359375 0.0484375 0.071875 0.096875
2 0.978906 0.179688 0.0421875 0.103125
2 0.197656 0.3 0.107813 0.090625
3 0.053125 0.154687 0.10625 0.125
0 0.951563 0.935938 0.09375 0.06875
2 0.504687 0.979688 0.1 0.040625
0 0.630469 0.0273438 0.107813 0.0546875
3 0.726562 0.0671875 0.125 0.13125
3 0.839063 0.0617188 0.11875 0.123438
2 0.500781 0.246094 0.117188 0.107813
2 0.0289063 0.867188 0.0578125 0.1375
3 0.316406 0.2125 0.107813 0.09375
2 0.124219 0.0453125 0.157813 0.090625
0 0.153906 0.174219 0.0984375 0.0609375
0 0.415625 0.0585938 0.096875 0.0921875
3 0.886719 0.964844 0.117188 0.0703125
0 0.0664062 0.596875 0.0484375 0.06875
2 0.0671875 0.398438 0.071875 0.071875
2 0.796094 0.910156 0.0796875 0.0703125
3 0.8 0.724219 0.08125 0.0703125
3 0.528125 0.155469 0.109375 0.107813
2 0.126563 0.6625 0.08125 0.065625
0 0.728906 0.855469 0.0640625 0.0671875
2 0.414844 0.871875 0.139062 0.178125
2 0.320312 0.0335938 0.10625 0.0671875
2 0.090625 0.917188 0.15625 0.15625
0 0.21875 0.817187 0.078125 0.078125
2 0.189063 0.966406 0.11875 0.0671875
2 0.704687 0.29375 0.0875 0.090625
2 0.120312 0.760156 0.075 0.0828125
0 0.333594 0.127344 0.0828125 0.0859375
2 0.615625 0.171094 0.071875 0.0671875
3 0.826563 0.652344 0.0875 0.0765625
2 0.582031 0.50625 0.0953125 0.084375
3 0.596094 0.400781 0.0890625 0.104687
2 0.269531 0.401563 0.0953125 0.1125
2 0.209375 0.220313 0.115625 0.090625
3 0.880469 0.445312 0.117188 0.103125
3 0.404687 0.232031 0.075 0.0609375
2 0.422656 0.141406 0.129688 0.120312
3 0.821875 0.1875 0.109375 0.096875
2 0.617969 0.7625 0.129688 0.140625
3 0.526563 0.727344 0.08125 0.0859375
3 0.0789063 0.284375 0.120312 0.140625
3 0.332031 0.7375 0.101562 0.115625
3 0.711719 0.184375 0.110937 0.115625
3 0.91875 0.75625 0.125 0.10625
2 0.492188 0.424219 0.11875 0.120312
3 0.283594 0.288281 0.0671875 0.0859375
2 0.905469 0.342187 0.104687 0.10625
3 0.239844 0.607031 0.0765625 0.0765625
3 0.715625 0.683594 0.115625 0.0984375
0 0.145313 0.120312 0.09375 0.084375
2 0.15625 0.485156 0.115625 0.0984375
2 0.380469 0.31875 0.170312 0.15
2 0.141406 0.584375 0.126563 0.115625
2 0.597656 0.926562 0.120312 0.14375
3 0.61875 0.591406 0.128125 0.132812
3 0.257812 0.513281 0.1 0.107813
2 0.933594 0.0820312 0.132812 0.164062
2 0.1625 0.389062 0.121875 0.10625
2 0.921875 0.229687 0.125 0.125
2 0.939844 0.6625 0.120312 0.121875
2 0.917188 0.863281 0.134375 0.114063
2 0.340625 0.617969 0.1375 0.114063
3 0.228906 0.704687 0.120312 0.1125
2 0.688281 0.375 0.120312 0.096875
3 0.954687 0.557031 0.090625 0.110937
2 0.471094 0.532812 0.139062 0.1125
0 0.309375 0.917188 0.134375 0.1625
2 0.213281 0.891406 0.0921875 0.0921875
3 0.697656 0.935938 0.110937 0.128125
2 0.347656 0.529688 0.0921875 0.071875
2 0.0515625 0.489062 0.103125 0.15
2 0.8 0.285156 0.128125 0.114063
2 0.664844 0.464844 0.120312 0.110937
2 0.364062 0.4375 0.134375 0.121875
2 0.511719 0.907031 0.0859375 0.104687
3 0.607031 0.277344 0.132812 0.135937
2 0.865625 0.54375 0.09375 0.109375
2 0.792188 0.390625 0.103125 0.1
2 0.761719 0.578906 0.164062 0.139062
2 0.790625 0.808594 0.14375 0.142188
3 0.54375 0.642187 0.109375 0.1
2 0.435156 0.725 0.126563 0.1625
0 0.507812 0.80625 0.115625 0.096875
