2 0.0726563 0.304688 0.145313 0.121875
2 0.592188 0.940625 0.078125 0.075
2 0.967969 0.650781 0.0546875 0.0734375
2 0.449219 0.975781 0.0859375 0.0484375
3 0.925 0.653906 0.046875 0.0765625
2 0.622656 0.103125 0.0890625 0.096875
2 0.0742188 0.040625 0.104687 0.08125
2 0.685156 0.0507812 0.142188 0.101562
2 0.0429688 0.175 0.0859375 0.20625
1 0.0726563 0.305469 0.145313 0.123438
2 0.35625 0.975 0.121875 0.05
2 0.696875 0.936719 0.153125 0.126563
2 0.974219 0.346875 0.0484375 0.090625
2 0.552344 0.49375 0.179688 0.1625
0 0.580469 0.702344 0.0359375 0.0328125
2 0.553125 0.364062 0.11875 0.125
2 0.0476562 0.417969 0.0953125 0.148438
0 0.351562 0.583594 0.08125 0.0609375
2 0.482812 0.0640625 0.134375 0.1
1 0.325781 0.149219 0.126563 0.107813
0 0.0296875 0.7125 0.059375 0.090625
1 0.551562 0.364062 0.115625 0.125
2 0.808594 0.964063 0.114063 0.071875
0 0.776563 0.897656 0.0875 0.0765625
2 0.299219 0.242969 0.107813 0.117188
1 0.69375 0.492188 0.15625 0.19375
2 0.310937 0.932813 0.11875 0.125
1 0.926562 0.529688 0.146875 0.171875
2 0.2875 0.053125 0.1875 0.10625
2 0.152344 0.553906 0.154687 0.129688
2 0.475781 0.930469 0.114063 0.110937
1 0.882031 0.428125 0.214062 0.15
2 0.0382813 0.949219 0.0765625 0.101562
2 0.0421875 0.554688 0.084375 0.18125
3 0.222656 0.334375 0.0953125 0.1125
2 0.567187 0.953125 0.134375 0.09375
1 0.411719 0.240625 0.142188 0.146875
2 0.440625 0.367969 0.11875 0.139062
2 0.797656 0.507812 0.0796875 0.08125
2 0.521875 0.149219 0.1625 0.139062
0 0.961719 0.901563 0.0765625 0.115625
0 0.892187 0.953906 0.109375 0.0734375
2 0.190625 0.90625 0.13125 0.13125
2 0.161719 0.425781 0.160938 0.148438
2 0.328125 0.923437 0.159375 0.140625
2 0.632812 0.283594 0.1625 0.217187
2 0.367188 0.473437 0.115625 0.11875
2 0.969531 0.202344 0.0609375 0.142188
1 0.516406 0.2625 0.0890625 0.1
2 0.59375 0.632031 0.08125 0.0921875
2 0.389062 0.791406 0.09375 0.120312
2 0.1625 0.780469 0.115625 0.104687
1 0.16875 0.134375 0.175 0.19375
2 0.0898438 0.878906 0.120312 0.167187
2 0.477344 0.634375 0.164062 0.1625
2 0.661719 0.809375 0.126563 0.175
2 0.246875 0.648438 0.165625 0.196875
2 0.720312 0.624219 0.153125 0.182812
0 0.4375 0.860937 0.0875 0.09375
2 0.871875 0.185156 0.121875 0.120312
2 0.774219 0.775 0.142188 0.153125
2 0.849219 0.621094 0.126563 0.157813
2 0.364844 0.671094 0.126563 0.132812
2 0.878125 0.858594 0.140625 0.132812
2 0.939062 0.775 0.121875 0.13125
2 0.286719 0.800781 0.126563 0.148438
2 0.328125 0.355469 0.11875 0.135937
1 0.903125 0.310937 0.13125 0.134375
2 0.778125 0.290625 0.16875 0.234375
2 0.539062 0.8125 0.15625 0.20625
2 0.119531 0.667188 0.107813 0.115625
0 0.257031 0.490625 0.0984375 0.090625
