1 0.794531 0.0757812 0.164062 0.151562
0 0.875781 0.96875 0.0953125 0.0625
2 0.1625 0.56875 0.10625 0.13125
2 0.675781 0.429688 0.104687 0.11875
2 0.0179687 0.9125 0.0359375 0.11875
2 0.789844 0.242188 0.126563 0.1125
1 0.789844 0.242188 0.123438 0.10625
2 0.970312 0.216406 0.059375 0.132812
1 0.695312 0.0773437 0.103125 0.0953125
2 0.977344 0.960156 0.0421875 0.0734375
2 0.129688 0.765625 0.16875 0.184375
2 0.972656 0.0492188 0.0546875 0.0984375
2 0.792188 0.957031 0.1 0.0828125
1 0.159375 0.566406 0.10625 0.132812
2 0.196875 0.0335938 0.1125 0.0671875
0 0.034375 0.507812 0.06875 0.065625
2 0.717188 0.965625 0.096875 0.06875
1 0.590625 0.574219 0.046875 0.0765625
1 0.782812 0.152344 0.071875 0.0765625
2 0.940625 0.792188 0.1125 0.115625
2 0.86875 0.657812 0.115625 0.10625
2 0.828906 0.557813 0.151562 0.153125
1 0.197656 0.660937 0.0921875 0.08125
2 0.905469 0.3125 0.107813 0.103125
2 0.777344 0.464063 0.110937 0.1125
3 0.929688 0.575 0.06875 0.071875
2 0.338281 0.945312 0.164062 0.109375
0 0.11875 0.64375 0.065625 0.065625
2 0.613281 0.0476562 0.0953125 0.0953125
2 0.96875 0.375 0.0625 0.1
1 0.90625 0.0445312 0.09375 0.0890625
1 0.647656 0.675781 0.120312 0.142188
1 0.853125 0.752344 0.109375 0.104687
2 0.914844 0.134375 0.114063 0.109375
2 0.0296875 0.046875 0.059375 0.09375
1 0.552344 0.564844 0.107813 0.104687
3 0.898438 0.228125 0.090625 0.071875
2 0.314063 0.046875 0.153125 0.09375
2 0.367969 0.366406 0.157813 0.157813
2 0.460938 0.467969 0.090625 0.0984375
2 0.878906 0.40625 0.120312 0.128125
2 0.277344 0.153125 0.173438 0.184375
2 0.410156 0.119531 0.117188 0.126563
2 0.0421875 0.627344 0.084375 0.104687
2 0.605469 0.145313 0.101562 0.103125
2 0.517187 0.857031 0.096875 0.0796875
2 0.046875 0.835938 0.09375 0.096875
2 0.0390625 0.1625 0.078125 0.159375
2 0.953906 0.692187 0.0921875 0.121875
2 0.673437 0.552344 0.15 0.142188
2 0.06875 0.936719 0.115625 0.126563
2 0.178125 0.952344 0.1625 0.0953125
2 0.774219 0.355469 0.157813 0.142188
2 0.495313 0.0570313 0.159375 0.114063
2 0.632031 0.939062 0.126563 0.109375
2 0.741406 0.745313 0.129688 0.1
2 0.757031 0.64375 0.120312 0.115625
2 0.564062 0.458594 0.140625 0.126563
1 0.123438 0.195312 0.09375 0.090625
1 0.596875 0.255469 0.13125 0.142188
2 0.203906 0.233594 0.0921875 0.0890625
2 0.0796875 0.564844 0.090625 0.0890625
2 0.08125 0.403906 0.146875 0.164062
2 0.372656 0.644531 0.167187 0.135937
1 0.339844 0.735937 0.117188 0.103125
2 0.489062 0.222656 0.11875 0.123438
2 0.385938 0.2375 0.115625 0.115625
2 0.199219 0.332031 0.126563 0.123438
2 0.628125 0.830469 0.1 0.117188
2 0.1125 0.0703125 0.134375 0.140625
2 0.934375 0.915625 0.109375 0.140625
2 0.1 0.282813 0.13125 0.115625
2 0.153125 0.892969 0.096875 0.0828125
2 0.725 0.8375 0.109375 0.103125
2 0.5 0.932813 0.159375 0.134375
2 0.534375 0.661719 0.153125 0.117188
2 0.258594 0.767187 0.120312 0.134375
1 0.267188 0.649219 0.08125 0.0859375
2 0.2625 0.428906 0.1625 0.135937
2 0.528125 0.758594 0.159375 0.151562
1 0.483594 0.339063 0.117188 0.121875
1 0.592188 0.353125 0.1125 0.09375
2 0.367188 0.535156 0.096875 0.104687
2 0.836719 0.871875 0.139062 0.146875
1 0.69375 0.26875 0.096875 0.1125
2 0.453906 0.567969 0.104687 0.117188
2 0.259375 0.554688 0.140625 0.13125
1 0.703125 0.167969 0.1125 0.104687
2 0.210938 0.853125 0.11875 0.125
2 0.355469 0.83125 0.151562 0.14375
