0 230.32327 763.24164 230.41272 763.3314
1 230.40353 763.1385 230.5048 763.24335
2 230.33128 763.17 230.41536 763.25037
3 230.27512 763.12354 230.37958 763.2234
4 230.3385 763.0477 230.46954 763.1782
5 230.45671 763.1276 230.54298 763.22064
6 230.47975 763.0758 230.5723 763.1754
7 230.6043 763.0959 230.70135 763.1902
8 230.64435 762.9268 230.79277 763.0751
9 230.56242 762.9969 230.69218 763.1231
10 230.56233 762.9029 230.67967 763.0221
11 230.4614 762.9153 230.62332 763.06934
12 230.18736 763.1049 230.2663 763.1803
13 230.26169 763.04626 230.3615 763.14233
14 230.33029 762.9912 230.43217 763.089
15 230.09288 762.93506 230.21413 763.0569
16 230.05603 762.8635 230.18323 762.98303
17 230.1971 762.98114 230.29875 763.0856
18 230.25237 762.959 230.31944 763.02686
19 230.16954 762.8628 230.30783 762.9953
20 230.27834 762.8922 230.3979 763.0147
21 230.36005 762.84326 230.48871 762.97156
22 230.50238 762.8839 230.58669 762.965
23 230.43913 762.76483 230.57814 762.90125
24 230.51973 762.6949 230.65834 762.8325
25 230.49557 762.6157 230.61664 762.73773
26 230.56818 762.549 230.69295 762.67194
27 230.65076 762.4792 230.79366 762.62006
28 230.74753 762.4612 230.85492 762.57007
29 230.7797 762.5043 230.92238 762.6481
30 230.83496 762.6058 230.96806 762.73236
31 230.83563 762.6837 230.99405 762.83673
32 230.74286 762.7647 230.88353 762.9003
33 230.65674 762.66833 230.83571 762.83594
34 230.59831 762.72076 230.66484 762.7901
35 230.56909 762.79645 230.69699 762.91895
36 230.16708 762.8227 230.25397 762.90955
37 230.19841 762.7245 230.3335 762.8685
38 230.30089 762.6832 230.48518 762.86115
39 230.28052 762.6743 230.39957 762.79
40 230.37099 762.57965 230.51646 762.7197
41 230.40651 762.6546 230.55719 762.8006
42 230.52188 762.48364 230.64629 762.60693
43 230.59384 762.4075 230.73581 762.5455
44 230.68549 762.36865 230.81967 762.5015
45 229.9929 762.7548 230.1406 762.90106
46 230.06866 762.7026 230.19931 762.83527
47 229.98244 762.6602 230.13849 762.8008
48 229.9385 762.6319 230.0731 762.75604
49 230.0317 762.6003 230.14644 762.7203
50 230.05708 762.5301 230.16167 762.6371
51 230.1084 762.57043 230.22812 762.6946
52 230.15446 762.6432 230.2916 762.7796
53 230.21928 762.58875 230.35162 762.72076
54 230.15689 762.4578 230.32678 762.6263
55 230.27347 762.4679 230.44609 762.6437
56 230.38708 762.4193 230.5638 762.5947
57 230.33757 762.36017 230.49713 762.5102
58 230.4027 762.25134 230.58061 762.44025
59 230.5244 762.3171 230.67613 762.47034
60 230.50177 762.20996 230.65184 762.3621
61 230.60709 762.25824 230.7542 762.40967
62 230.59685 762.2103 230.717 762.32587
63 230.19975 763.13324 230.30771 763.23785
64 230.16992 763.2046 230.22052 763.2602
65 230.15178 763.05774 230.21332 763.11816
66 230.12682 763.101 230.17747 763.15204
67 229.89061 762.711 230.03596 762.87427
68 229.86758 762.65076 229.97574 762.7561
69 230.47426 762.4705 230.57127 762.5703
70 230.51062 762.59656 230.58879 762.67737
71 230.65993 762.20386 230.79955 762.36365
72 230.75504 762.3614 230.85669 762.4668
73 230.8006 762.4158 230.91995 762.54504
74 230.68129 762.5397 230.87521 762.7237
75 230.76973 762.6947 230.86476 762.7873
76 230.88356 762.5431 231.0125 762.68207
77 230.84454 762.5617 231.26686 762.9878
78 230.7562 762.8275 231.06226 763.1341
