0 -41.902782 48.69501 -41.826424 48.76798
1 -41.781635 48.7087 -41.704144 48.789585
2 -41.860226 48.758423 -41.7766 48.823376
3 -41.87621 48.810226 -41.79966 48.87546
4 -41.792114 48.80383 -41.684265 48.920727
5 -41.697205 48.71008 -41.59756 48.814816
6 -41.626083 48.79829 -41.492405 48.933098
7 -41.839264 48.889427 -41.758 48.96956
8 -41.843327 48.96061 -41.748108 49.052433
9 -41.7795 48.99446 -41.73444 49.051968
10 -41.82679 49.049286 -41.721867 49.15025
11 -41.747906 48.88482 -41.663433 48.95571
12 -41.73872 48.95671 -41.638885 49.044666
13 -41.599052 48.635513 -41.51882 48.703857
14 -41.580673 48.701797 -41.473484 48.791447
15 -41.47989 48.690777 -41.37138 48.78967
16 -41.51813 48.795 -41.42254 48.88946
17 -41.652122 48.945362 -41.550873 49.043217
18 -41.5495 48.94778 -41.43232 49.071182
19 -41.54388 48.87881 -41.467705 48.95046
20 -41.4226 48.960056 -41.277885 49.086094
21 -41.447617 48.864777 -41.336376 48.973755
22 -41.330284 48.862106 -41.207634 48.98306
23 -41.294918 48.77848 -41.19942 48.881332
24 -41.19399 48.772224 -41.072758 48.896854
25 -41.011967 48.65774 -40.908928 48.75456
26 -41.001892 48.750042 -40.90111 48.85365
27 -41.13366 48.85086 -41.0194 48.944756
28 -41.0208 48.825893 -40.892025 48.935436
29 -41.22389 48.8566 -41.135647 48.926735
30 -41.219845 48.94174 -41.092953 49.065235
31 -41.11293 48.94194 -40.995655 49.061478
32 -41.009876 48.91961 -40.885437 49.03047
33 -41.40168 49.059235 -41.309574 49.14738
34 -41.384304 49.22532 -41.246857 49.382
35 -41.29897 49.14226 -41.20809 49.23993
36 -41.308765 49.050434 -41.201294 49.169216
37 -41.20496 49.039795 -41.085045 49.15518
38 -41.108414 49.042442 -41.013767 49.139355
39 -41.011963 49.019547 -40.895256 49.13965
40 -41.199738 49.137516 -41.07954 49.245834
41 -41.10932 49.12046 -41.010242 49.221237
42 -41.199375 49.23915 -41.07541 49.373867
43 -41.002373 49.21942 -40.889244 49.3416
44 -41.10311 49.23002 -40.983482 49.361526
45 -41.48626 49.137577 -41.36568 49.244007
46 -41.50072 49.044945 -41.37364 49.16071
47 -41.61975 49.054405 -41.480698 49.19968
48 -41.709843 49.116005 -41.600113 49.2461
49 -41.686096 49.221416 -41.56486 49.33699
50 -41.796974 49.23875 -41.668762 49.362434
51 -41.673473 49.31871 -41.582222 49.423542
52 -41.603733 49.14378 -41.511063 49.226833
53 -41.60195 49.234573 -41.507965 49.349495
54 -41.50079 49.2443 -41.363815 49.397686
55 -41.393307 49.221687 -41.241627 49.387516
56 -41.584415 48.416336 -41.283203 48.62872
57 -41.397514 48.53302 -41.177113 48.790764
58 -41.922318 48.84218 -41.867455 48.92307
59 -41.916103 48.902897 -41.86972 48.956066
60 -41.77763 49.119102 -41.700516 49.2064
61 -41.825596 49.30639 -41.707096 49.439034
62 -41.75069 49.334255 -41.656986 49.447197
63 -41.60484 49.298553 -41.421753 49.43524
64 -41.31491 49.20722 -41.241188 49.284332
65 -40.928593 49.204296 -40.820847 49.343163
66 -41.02791 49.1092 -40.95381 49.198006
67 -40.94324 49.094883 -40.839733 49.21763
68 -40.940216 49.011913 -40.87102 49.102604
69 -41.15776 48.51374 -40.7473 48.94344
