0 -122.77014 413.0117 -122.60373 413.17288
1 -122.68948 413.10324 -122.564644 413.2248
2 -122.6173 413.13507 -122.50536 413.2501
3 -122.61663 413.00647 -122.457054 413.16702
4 -122.72484 412.9324 -122.58018 413.07104
5 -122.60944 412.96185 -122.49628 413.07288
6 -122.65538 412.8873 -122.52865 413.0088
7 -122.58814 412.8487 -122.443405 412.98453
8 -122.52127 412.91446 -122.377266 413.05652
9 -122.463486 413.00635 -122.36788 413.1008
10 -122.50184 413.04575 -122.34671 413.19507
11 -122.539 413.1366 -122.39805 413.2789
12 -122.40766 413.18918 -122.2617 413.33575
13 -122.4878 413.24475 -122.39066 413.33957
14 -122.437035 413.1054 -122.3107 413.23465
15 -122.31744 413.1597 -122.19218 413.28632
16 -122.36343 413.11765 -122.26937 413.21463
17 -122.24003 413.1058 -122.1172 413.23114
18 -122.14872 413.06967 -122.01306 413.21173
19 -122.344925 412.9787 -122.19838 413.12372
20 -122.305756 413.0623 -122.19294 413.17917
21 -122.23075 413.00153 -122.10487 413.12665
22 -122.16202 412.93344 -122.00116 413.08908
23 -122.357414 412.88403 -122.23278 413.0048
24 -122.2786 412.93353 -122.158264 413.05212
25 -122.429726 412.90463 -122.29158 413.0387
26 -122.49497 412.8138 -122.3471 412.95837
27 -122.55765 412.69833 -122.395935 412.86414
28 -122.49051 412.56024 -122.34322 412.70636
29 -122.432236 412.66373 -122.329605 412.76596
30 -122.446045 412.72522 -122.31543 412.8576
31 -122.39908 412.78323 -122.27769 412.91376
32 -122.318 412.8037 -122.23936 412.8884
33 -122.27902 412.82004 -122.142456 412.96396
34 -122.1849 412.86383 -122.067726 412.981
35 -122.20184 412.7894 -122.075485 412.9103
36 -122.29081 412.72385 -122.15561 412.85437
37 -122.34828 412.63837 -122.21657 412.7798
38 -122.406685 412.6147 -122.30668 412.70654
39 -122.381355 412.49423 -122.260864 412.6155
40 -122.40563 412.43542 -122.295906 412.54807
41 -122.35344 412.3854 -122.25452 412.48395
42 -122.31675 412.4396 -122.226204 412.53265
43 -122.28397 412.38235 -122.186134 412.47827
44 -122.15749 412.35745 -121.97637 412.54904
45 -122.27053 412.45715 -122.13365 412.60254
46 -122.31711 412.55875 -122.17573 412.69778
47 -122.12937 412.55756 -122.00525 412.6844
48 -122.22356 412.51993 -122.080536 412.67673
49 -122.16462 412.65112 -122.04783 412.7613
50 -122.17403 412.7314 -122.06124 412.84283
51 -122.23761 412.6657 -122.10942 412.78946
52 -122.03598 412.8547 -121.86604 413.0262
53 -122.10541 412.7959 -121.94469 412.95816
54 -122.077965 412.73105 -121.928474 412.87317
55 -122.00728 412.7998 -121.87068 412.93445
56 -122.02393 412.69266 -121.91559 412.79926
57 -122.081856 412.6065 -121.95779 412.7436
58 -122.0471 412.49338 -121.90254 412.6432
59 -122.10096 412.4787 -122.01483 412.57333
60 -122.06379 412.4409 -121.96847 412.53195
61 -121.875786 412.56287 -121.742805 412.69098
62 -121.92355 412.63397 -121.816315 412.73984
63 -121.85336 412.68436 -121.75273 412.78943
64 -121.947334 412.67374 -121.78187 412.84232
65 -121.99641 412.57614 -121.836815 412.7431
66 -121.66224 412.68658 -121.49459 412.8575
67 -121.593506 412.7868 -121.45097 412.934
68 -121.63909 412.8662 -121.51505 412.9885
69 -121.690384 412.9222 -121.565125 413.04147
70 -121.71362 412.98843 -121.60438 413.0905
71 -121.70177 412.79666 -121.57394 412.91983
72 -121.80594 412.77304 -121.66823 412.91577
73 -121.74618 412.86624 -121.640396 412.9689
74 -121.80949 412.8884 -121.654945 413.03925
75 -121.770744 412.99606 -121.6375 413.12115
76 -121.90245 412.94778 -121.74129 413.09848
77 -121.84409 413.00653 -121.68188 413.16913
78 -121.79232 413.0998 -121.66716 413.2228
79 -121.96912 413.01257 -121.82068 413.15015
80 -122.0337 413.04926 -121.87818 413.18344
81 -121.96743 413.09885 -121.85635 413.21844
82 -122.07083 413.1018 -121.938934 413.2199
83 -121.91371 413.1597 -121.80243 413.27078
84 -121.87686 413.22757 -121.78306 413.31924
85 -121.90735 413.25327 -121.76254 413.4064
86 -121.964195 413.22244 -121.82565 413.3478
87 -122.09895 413.1376 -121.95151 413.29282
88 -122.03436 413.19522 -121.89965 413.34467
89 -121.98821 413.2974 -121.865364 413.41443
90 -122.17927 413.18127 -122.030594 413.3251
91 -122.279976 413.21298 -122.18481 413.31805
92 -122.33656 413.26266 -122.22962 413.37253
93 -122.29675 413.33325 -122.19862 413.43253
94 -122.24346 413.364 -122.12794 413.4875
95 -122.09963 413.4013 -121.9151 413.57944
96 -122.159454 413.258 -122.00952 413.41995
97 -122.239204 413.24356 -122.11079 413.37994
98 -122.09336 413.30768 -121.97624 413.4351
99 -122.029495 413.35416 -121.88295 413.49915
100 -122.43326 413.3015 -122.34732 413.38165
101 -122.37071 413.32465 -122.256035 413.43506
102 -122.67926 412.80847 -122.56099 412.9347
103 -122.57679 412.68118 -122.477295 412.7791
104 -122.321686 412.23904 -122.17203 412.40402
105 -122.22346 412.3023 -122.01866 412.5017
106 -121.72099 412.63904 -121.5653 412.78873
107 -121.863335 412.78506 -121.79889 412.84793
108 -121.73005 413.04947 -121.61428 413.1699
109 -121.94545 413.35245 -121.80768 413.49335
