0 732.0226 506.19946 732.231 506.39743
1 731.88074 506.2533 732.04016 506.4135
2 731.6861 506.2882 731.861 506.457
3 731.7602 506.1505 731.938 506.35672
4 732.1693 506.08188 732.28217 506.21222
5 732.06537 505.99805 732.2063 506.1673
6 731.991 506.08752 732.12195 506.2161
7 731.9098 506.16962 732.0368 506.28232
8 731.80896 506.0333 731.98236 506.20358
9 731.9473 505.99927 732.07635 506.13568
10 731.6379 506.19986 731.791 506.34915
11 731.57477 506.12976 731.72687 506.27487
12 731.7246 506.10168 731.83026 506.20734
13 731.521 506.03662 731.67834 506.18
14 731.66943 505.97803 731.8464 506.14053
15 731.81024 505.93326 731.9122 506.0418
16 731.8954 505.98444 731.987 506.07837
17 731.8508 505.8219 732.024 505.983
18 731.84973 505.761 731.98584 505.88345
19 731.79065 505.69022 731.9219 505.81677
20 731.82654 505.81717 731.90326 505.89426
21 731.7004 505.81665 731.8501 505.971
22 731.6123 505.89053 731.76904 506.03796
23 731.554 505.9357 731.6636 506.04605
24 731.4802 506.1182 731.59357 506.22998
25 731.46857 505.97662 731.5616 506.06738
26 731.53485 505.85123 731.6513 505.96417
27 731.9038 506.36926 731.98016 506.45264
28 731.98975 506.29608 732.13043 506.438
29 732.13184 506.1402 732.30524 506.33884
30 731.77484 506.38635 731.90955 506.52228
31 731.627 506.3849 731.7967 506.558
32 731.8291 506.176 731.87585 506.2246
33 732.13116 506.174 732.20734 506.24393
34 732.13226 506.02713 732.1871 506.08313
35 731.6808 506.0607 731.7253 506.1107
36 731.96466 505.74847 732.1556 505.96658
37 732.1654 505.93375 732.21765 505.98285
38 732.0317 505.78198 732.104 505.85315
39 731.50006 506.06284 731.5717 506.13644
40 731.4107 506.0309 731.44867 506.07037
41 731.3588 506.12228 731.4147 506.17813
42 731.3794 506.14804 731.477 506.24368
43 731.1844 506.11252 731.5952 506.52487
44 731.33093 506.29758 731.4482 506.41406
