0 710.1371 91.19091 710.3084 91.36126
1 710.24677 91.27768 710.34973 91.37728
2 710.1255 91.35575 710.29846 91.53253
3 710.05383 91.18887 710.189 91.32695
4 710.1113 91.321686 710.2004 91.40504
5 710.01746 91.50096 710.14105 91.63361
6 709.78503 91.41537 710.0058 91.62325
7 709.936 91.18215 710.07214 91.319275
8 710.0316 91.25352 710.1362 91.34334
9 709.7003 91.174576 709.937 91.40646
10 709.6595 91.051094 709.7803 91.189
11 709.7504 91.07086 709.8777 91.21288
12 709.4712 91.39243 709.60803 91.532135
13 709.5753 91.453514 709.69916 91.57299
14 709.60486 91.52845 709.7359 91.65041
15 709.5651 91.56291 709.664 91.658455
16 709.67786 91.632286 709.8299 91.788574
17 709.60425 91.737976 709.79364 91.89262
18 709.4743 91.48738 709.6042 91.59823
19 709.3941 91.44015 709.5133 91.5512
20 709.38513 91.511345 709.49445 91.6078
21 709.3318 91.531364 709.42377 91.63533
22 709.2209 91.55476 709.3574 91.684166
23 709.21277 91.65427 709.3312 91.77414
24 709.307 91.64985 709.44006 91.78195
25 709.41693 91.59294 709.491 91.66037
26 709.4958 91.581505 709.5804 91.6661
27 709.51135 91.62991 709.66797 91.75072
28 709.46204 91.70032 709.63965 91.835045
29 709.42596 91.78131 709.5861 91.918076
30 709.3613 91.82032 709.4836 91.93879
31 709.4146 91.72573 709.50977 91.81849
32 709.3081 91.754944 709.41815 91.87262
33 709.43994 91.65009 709.5438 91.75115
34 710.0284 91.39665 710.1738 91.544014
35 709.94244 91.32684 710.0983 91.49315
36 709.82544 91.293175 709.96106 91.43979
37 709.6856 91.22834 709.8333 91.40033
38 709.6384 91.16002 709.756 91.26944
39 709.6022 91.04474 709.702 91.13931
40 709.70764 91.47038 709.83954 91.60939
41 709.801 91.58091 709.91565 91.72084
42 709.67914 91.61188 709.7602 91.70157
43 709.5901 91.842926 709.6901 91.94298
44 709.52106 91.880455 709.613 91.97478
45 709.4391 91.286804 709.48865 91.33642
46 709.4534 91.26242 709.495 91.29732
47 709.5059 91.004295 709.5592 91.06087
48 709.4403 90.93063 709.48816 90.96656
