0 249.60312 -126.875244 249.75423 -126.729256
1 249.60643 -126.96634 249.73848 -126.83854
2 249.71707 -126.834015 249.87354 -126.68313
3 249.79173 -126.78918 249.90796 -126.67164
4 249.59967 -126.771935 249.76903 -126.5967
5 249.52312 -126.78967 249.6965 -126.616585
6 249.52444 -126.69992 249.61063 -126.61286
7 249.66515 -126.66872 249.79709 -126.53617
8 249.73155 -126.64934 249.87573 -126.50107
9 249.90868 -126.75243 250.04486 -126.617584
10 249.85617 -126.693306 249.97803 -126.57394
11 249.83078 -126.6344 249.93553 -126.53053
12 249.91936 -126.63942 250.06122 -126.49815
13 249.84944 -126.54189 250.0077 -126.385376
14 249.3968 -126.65944 249.55234 -126.50669
15 249.49484 -126.634995 249.64111 -126.48418
16 249.5966 -126.604256 249.67767 -126.521416
17 249.55725 -126.542 249.6936 -126.411064
18 249.6192 -126.56698 249.77351 -126.4065
19 249.71376 -126.551094 249.89008 -126.372574
20 249.8537 -126.433304 249.97327 -126.309784
21 249.78282 -126.47184 249.91518 -126.33875
22 249.73865 -126.41018 249.88359 -126.269196
23 249.60172 -126.4432 249.77284 -126.26972
24 249.36897 -126.58524 249.52705 -126.43318
25 249.38544 -126.50996 249.48259 -126.41339
26 249.46632 -126.49636 249.61293 -126.35239
27 249.5452 -126.469955 249.64923 -126.36256
28 249.44397 -126.4039 249.59853 -126.2539
29 249.36386 -126.44365 249.48538 -126.32022
30 249.27493 -126.48523 249.44002 -126.32527
31 249.26967 -126.40203 249.42462 -126.248695
32 249.25163 -126.31374 249.38641 -126.18497
33 249.15036 -126.3595 249.28462 -126.22274
34 249.1338 -126.27685 249.25395 -126.1567
35 249.20558 -126.24443 249.34465 -126.10875
36 249.1977 -126.16862 249.34787 -126.02635
37 249.33685 -126.07122 249.50404 -125.908714
38 249.41866 -126.15154 249.54135 -126.02371
39 249.48582 -126.11138 249.6195 -125.97125
40 249.59229 -126.11769 249.68532 -126.0226
41 249.61336 -126.0637 249.76082 -125.90568
42 249.72775 -126.09633 249.81813 -126.006966
43 249.71353 -126.177284 249.79823 -126.094345
44 249.66197 -126.14295 249.74545 -126.05785
45 249.6289 -126.189285 249.71024 -126.10576
46 249.55792 -126.22605 249.67526 -126.111496
47 249.60957 -126.285194 249.70673 -126.191414
48 249.6315 -126.349205 249.79404 -126.19136
49 249.72534 -126.32325 249.8968 -126.15663
50 249.69998 -126.24772 249.7888 -126.15773
51 249.75732 -126.22055 249.88972 -126.08287
52 249.76926 -126.14204 249.88097 -126.03208
53 249.8113 -126.073494 249.91061 -125.972565
54 249.86385 -126.125244 249.97272 -126.01711
55 249.83148 -126.21103 249.98485 -126.05985
56 249.92888 -126.1891 250.0201 -126.09406
57 249.92574 -126.100044 250.05078 -125.97176
58 249.99971 -126.073906 250.11206 -125.95715
59 249.87453 -126.28556 250.02472 -126.13772
60 249.97426 -126.24924 250.11258 -126.11003
61 250.02026 -126.178444 250.1463 -126.05022
62 250.09508 -126.14574 250.19772 -126.03884
63 250.09013 -126.2438 250.22287 -126.11575
64 250.1541 -126.21523 250.26729 -126.09838
65 250.0263 -126.34012 250.15698 -126.21281
66 249.95747 -126.4253 250.11327 -126.26071
67 250.09184 -126.594215 250.24512 -126.44387
68 250.16666 -126.49522 250.31989 -126.33831
69 250.26546 -126.46731 250.37596 -126.35242
70 250.09659 -126.46333 250.20801 -126.35588
71 250.11322 -126.512955 250.19518 -126.433784
72 250.09283 -126.396034 250.19327 -126.298096
73 250.15154 -126.379364 250.26942 -126.26441
74 250.20999 -126.42061 250.3117 -126.323006
75 250.22417 -126.357445 250.31609 -126.26216
76 250.21246 -126.28806 250.33388 -126.165474
77 250.138 -126.31431 250.25467 -126.19999
78 250.30888 -126.40379 250.42314 -126.28894
79 249.66167 -126.93182 249.78877 -126.80281
80 249.49638 -126.88278 249.63844 -126.72869
81 249.47028 -126.78902 249.60614 -126.65388
82 249.42706 -126.7389 249.55843 -126.60856
83 249.2632 -126.53697 249.37527 -126.41992
84 249.1942 -126.43555 249.2942 -126.3288
85 249.33864 -126.28899 249.63446 -125.99712
86 249.0915 -126.22499 249.23521 -126.09301
87 249.269 -126.09514 249.36061 -126.00234
88 249.50348 -126.04444 249.60661 -125.94733
89 249.59349 -125.97859 249.66399 -125.90752
90 249.67615 -125.806564 249.8115 -125.66624
91 249.86133 -125.878174 249.92294 -125.814064
92 249.91068 -125.852905 249.9919 -125.773
93 250.28636 -126.3371 250.37631 -126.24451
