0 44.62803 -38.728947 44.742477 -38.609325
1 44.40819 -38.69642 44.486908 -38.626316
2 44.39765 -38.63972 44.4632 -38.575893
3 44.473366 -38.654087 44.588078 -38.532486
4 44.398968 -38.516113 44.51572 -38.423473
5 44.668262 -38.49335 44.813206 -38.369076
6 44.75663 -38.423454 44.8979 -38.29252
7 44.778034 -38.521378 44.9462 -38.418083
8 44.761837 -38.61737 44.876442 -38.48669
9 44.884808 -38.622448 44.979935 -38.51641
10 44.92342 -38.52864 45.065308 -38.41776
11 44.9661 -38.61615 45.079647 -38.508343
12 44.94096 -38.713722 45.064045 -38.612457
13 45.027676 -38.706627 45.112904 -38.586952
14 45.100655 -38.69821 45.170826 -38.609097
15 45.18987 -38.78341 45.299004 -38.694366
16 45.30203 -38.802937 45.398903 -38.733044
17 45.179054 -38.715874 45.273247 -38.626846
18 45.251778 -38.716496 45.324123 -38.635536
19 45.146862 -38.632465 45.273197 -38.526226
20 45.24526 -38.635605 45.346336 -38.528786
21 45.322186 -38.64469 45.406605 -38.560844
22 45.13505 -38.56065 45.24551 -38.471436
23 45.22379 -38.55736 45.32393 -38.467556
24 45.26476 -38.47834 45.357716 -38.38883
25 45.1887 -38.482048 45.258404 -38.40144
26 45.090096 -38.48763 45.253483 -38.39601
27 44.93729 -38.43776 45.055122 -38.331985
28 45.05439 -38.41913 45.18391 -38.318314
29 45.19586 -38.418667 45.327 -38.335182
30 45.231438 -38.36211 45.352745 -38.25458
31 45.148674 -38.356743 45.212097 -38.2893
32 45.07455 -38.347286 45.151455 -38.27612
33 44.992496 -38.339294 45.09458 -38.229744
34 45.052643 -38.274097 45.173084 -38.17318
35 45.136383 -38.277523 45.235806 -38.158577
36 45.18826 -38.20325 45.3047 -38.108055
37 45.216366 -38.285095 45.338245 -38.17814
38 44.91212 -38.34483 45.016636 -38.21677
39 44.823162 -38.32024 44.936176 -38.231342
40 44.816708 -38.367344 44.895195 -38.29402
41 44.72107 -38.284363 44.809868 -38.186954
42 44.63574 -38.175064 44.736202 -38.048187
43 44.582535 -38.177677 44.638344 -38.113834
44 44.746098 -38.17946 44.862568 -38.05438
45 44.63472 -38.084343 44.74323 -37.99019
46 44.71913 -38.077583 44.779774 -38.006607
47 44.74226 -38.001797 44.84017 -37.89929
48 44.779633 -38.07189 44.863403 -37.973194
49 44.848 -38.083942 44.922325 -37.97804
50 44.824703 -37.954334 44.92703 -37.83306
51 44.906006 -37.951603 44.998753 -37.84393
52 44.93133 -38.019783 45.047993 -37.903122
53 44.92365 -38.103447 45.027565 -38.0047
54 45.03972 -38.103798 45.15581 -38.011246
55 45.024357 -38.011505 45.14039 -37.88973
56 45.011505 -37.944107 45.097977 -37.874283
57 45.10496 -37.972164 45.201805 -37.843166
58 45.190937 -37.987453 45.274555 -37.89982
59 44.817955 -38.25591 44.91288 -38.181076
60 44.85912 -38.17782 44.982204 -38.076553
61 44.893867 -38.251827 44.96423 -38.17113
62 44.95894 -38.25376 45.058487 -38.15364
63 44.984943 -38.182182 45.091026 -38.06691
64 45.072384 -38.188843 45.158768 -38.094997
65 45.147415 -38.110245 45.277855 -37.98268
66 44.37325 -38.2477 44.463406 -38.169598
67 44.618935 -38.011703 44.68591 -37.956783
68 44.527798 -38.04943 44.651047 -37.92216
69 44.444004 -38.06526 44.53334 -37.948944
70 44.380764 -38.052544 44.477436 -37.924866
71 44.317646 -38.035736 44.393124 -37.955666
72 44.463596 -37.97612 44.541218 -37.90941
73 44.65317 -38.3471 44.74246 -38.250923
74 44.64577 -38.2684 44.73708 -38.191444
75 44.615143 -38.417713 44.703995 -38.32484
76 44.533356 -38.40381 44.61981 -38.32424
77 44.50416 -38.328888 44.592506 -38.22504
78 44.424835 -38.325176 44.538883 -38.178978
79 44.38055 -38.189537 44.44871 -38.130566
80 44.4573 -38.21093 44.556656 -38.102386
81 44.52658 -38.154793 44.59015 -38.09123
82 44.531048 -38.213726 44.587917 -38.15169
83 44.560783 -38.27414 44.65244 -38.194542
84 44.580776 -38.340702 44.656425 -38.259308
85 44.51942 -38.795124 44.6368 -38.68292
86 44.48977 -38.90108 44.595093 -38.801502
87 44.542934 -38.621162 44.590485 -38.570744
88 44.56651 -38.65317 44.6195 -38.590996
89 44.75421 -38.739544 44.787464 -38.703995
90 45.045692 -38.828587 45.088806 -38.787193
91 44.47926 -38.55356 44.580757 -38.458378
92 44.329823 -38.14021 44.434074 -37.98945
93 44.462856 -38.132908 44.56013 -38.064915
94 44.695385 -38.030155 44.73653 -37.974083
95 45.0398 -37.911404 45.10114 -37.85982
96 45.105415 -37.89796 45.17886 -37.838295
97 45.158775 -38.039898 45.24866 -37.97872
98 45.29721 -38.436348 45.395443 -38.361084
99 45.320675 -38.503338 45.388653 -38.421005
100 45.311226 -38.571938 45.413906 -38.472706
101 45.33522 -38.72402 45.42934 -38.620712
