0 -120.07996 424.60507 -119.91014 424.7664
1 -119.97971 424.7816 -119.82995 424.93265
2 -119.83208 424.79984 -119.68551 424.94858
3 -119.75005 424.83917 -119.596825 425.0033
4 -119.66966 424.92905 -119.56359 425.03662
5 -119.596275 424.9642 -119.39414 425.16653
6 -120.01106 424.54935 -119.87017 424.68085
7 -119.986786 424.44962 -119.84717 424.5842
8 -119.88721 424.501 -119.678535 424.71515
9 -119.83717 424.62128 -119.65415 424.80975
10 -119.76345 424.7346 -119.59268 424.89398
11 -119.7066 424.6523 -119.54838 424.80682
12 -119.60505 424.7465 -119.50753 424.8425
13 -119.669 424.7983 -119.54117 424.92633
14 -119.58796 424.79895 -119.43422 424.96622
15 -119.51824 424.89618 -119.374886 425.04086
16 -119.36555 425.0427 -119.229355 425.17804
17 -119.32388 424.93024 -119.15658 425.0995
18 -119.4211 424.84454 -119.240105 425.02856
19 -119.695305 424.4851 -119.572205 424.60776
20 -119.61077 424.53076 -119.460304 424.68298
21 -119.5202 424.60443 -119.36774 424.75186
22 -119.343124 424.5885 -119.14667 424.78735
23 -119.23873 424.68402 -119.02405 424.90045
24 -119.50778 424.4853 -119.35959 424.63153
25 -119.84253 424.19067 -119.6829 424.35205
26 -119.74629 424.21915 -119.508095 424.46063
27 -119.705055 424.16492 -119.554565 424.3097
28 -119.55328 424.07306 -119.44008 424.1928
29 -119.55325 424.35074 -119.44397 424.4607
30 -119.389595 424.40875 -119.21415 424.5901
31 -119.21333 424.52225 -119.02354 424.71487
32 -119.078186 424.56888 -118.92288 424.72266
33 -119.0272 424.4613 -118.86205 424.6282
34 -119.10799 424.39587 -118.95793 424.5457
35 -119.177574 424.2932 -119.0094 424.47363
36 -119.25557 424.22528 -119.08672 424.4022
37 -120.114426 424.72473 -120.05605 424.7846
38 -119.90305 424.84216 -119.81245 424.9378
39 -119.97692 424.70935 -119.889854 424.79752
40 -119.70608 424.6138 -119.651436 424.67105
41 -119.756546 424.53012 -119.66148 424.62668
42 -119.87846 424.4793 -119.796196 424.56024
43 -119.90252 424.3901 -119.784966 424.51004
44 -119.72835 424.42548 -119.66346 424.4954
45 -119.47384 424.4322 -119.40768 424.49902
46 -119.81456 424.1251 -119.68352 424.24347
47 -119.707565 423.97296 -119.62434 424.05948
48 -119.622696 424.07077 -119.56657 424.1293
49 -119.53415 424.2182 -119.46942 424.28555
50 -119.36841 424.25037 -119.28738 424.33444
51 -119.041595 424.32846 -118.89854 424.4698
52 -119.30144 424.37885 -119.192696 424.4902
53 -119.267525 424.45026 -119.193924 424.52344
54 -119.16426 424.49985 -119.06966 424.5951
55 -119.16368 424.79834 -119.06956 424.906
56 -119.4635 424.71603 -119.409935 424.77438
57 -119.42354 424.60602 -119.37203 424.6536
58 -119.329796 424.83896 -119.214264 424.94815
