0 323.2032 -131.56412 323.39972 -131.36752
1 323.355 -131.44788 323.5113 -131.29214
2 323.3963 -131.40904 323.66367 -131.14182
3 323.52386 -131.24881 323.72827 -131.04405
4 323.55753 -131.34973 323.85202 -131.055
5 323.67596 -131.49857 323.83603 -131.33809
6 323.83554 -131.55553 324.02594 -131.36504
7 323.8321 -131.46841 323.9597 -131.34052
8 323.77762 -131.41338 323.92545 -131.26521
9 323.737 -131.52777 323.88025 -131.3844
10 323.6505 -131.58438 323.79413 -131.44043
11 323.73074 -131.61655 323.89062 -131.45683
12 323.82 -131.70859 323.953 -131.5757
13 323.8185 -131.78894 323.9548 -131.65279
14 323.71695 -131.7381 323.86032 -131.5949
15 323.64874 -131.67053 323.8104 -131.50882
16 323.83932 -132.0816 324.10266 -131.81793
17 324.0905 -131.90884 324.2222 -131.77747
18 323.9234 -131.9665 324.19583 -131.69402
19 324.0199 -131.85338 324.18884 -131.68387
20 323.8924 -131.78262 324.15512 -131.51926
21 323.7797 -131.94855 324.0442 -131.68324
22 323.6922 -131.85497 323.8912 -131.65617
23 323.58725 -131.80786 323.79916 -131.5955
24 323.4967 -131.77905 323.7027 -131.57306
25 323.5645 -131.65918 323.70883 -131.51503
26 323.46533 -131.67615 323.6346 -131.50702
27 323.38718 -131.71854 323.5588 -131.54697
28 323.60864 -131.91447 323.82104 -131.70166
29 323.6561 -132.01123 323.8694 -131.79834
30 323.568 -132.07693 323.75888 -131.88698
31 323.41248 -131.87253 323.59436 -131.69043
32 323.4744 -131.96237 323.67517 -131.76158
33 323.46695 -132.06032 323.65973 -131.86748
34 323.5241 -132.17314 323.73434 -131.96289
35 323.3742 -132.2234 323.62173 -131.97604
36 323.2463 -132.11627 323.45966 -131.90257
37 323.3682 -132.10764 323.53787 -131.93793
38 323.369 -132.00223 323.52792 -131.84352
39 323.27185 -131.77014 323.45047 -131.59142
40 323.27942 -131.89029 323.51514 -131.65457
41 323.1943 -131.82338 323.36026 -131.65741
42 323.17603 -131.96013 323.39444 -131.74207
43 323.104 -131.99915 323.31537 -131.78821
44 322.96484 -131.85286 323.28253 -131.53519
45 323.59503 -131.49281 323.6855 -131.40225
46 323.28265 -131.48615 323.46902 -131.30006
47 323.5407 -131.54224 323.6256 -131.45747
48 323.25226 -131.6933 323.41434 -131.5311
49 323.09924 -131.73308 323.30927 -131.52357
