0 769.6502 368.18692 769.801 368.33887
1 769.67194 368.12555 769.79565 368.24835
2 769.65564 368.1041 769.7471 368.1936
3 769.57367 368.15073 769.6969 368.27408
4 769.56213 368.2349 769.662 368.33194
5 769.53937 368.1805 769.6245 368.26694
6 769.5005 367.96594 769.63196 368.10263
7 769.50903 368.04498 769.6235 368.16397
8 769.3857 368.06067 769.5479 368.2265
9 769.4136 368.00656 769.54443 368.13245
10 769.315 367.96252 769.47473 368.11856
11 769.2609 368.04752 769.4212 368.20596
12 769.3474 368.17856 769.4991 368.32776
13 769.44855 368.25916 769.55756 368.36862
14 769.636 368.25204 769.76965 368.38922
15 769.57446 368.2862 769.68475 368.39435
16 769.61835 368.34106 769.73083 368.45538
17 769.5587 368.39426 769.67444 368.51102
18 769.5259 368.3321 769.63416 368.4421
19 769.47406 368.3896 769.58575 368.50473
20 769.3419 368.31982 769.50134 368.48196
21 769.257 368.4134 769.42615 368.5808
22 769.4183 368.4907 769.50903 368.57898
23 769.4203 368.5151 769.5446 368.6373
24 769.34216 368.5019 769.46045 368.62558
25 769.363 368.58127 769.48016 368.69843
26 769.25696 368.52118 769.40027 368.6703
27 769.179 368.51096 769.3318 368.66666
28 769.164 368.60114 769.2853 368.72546
29 769.2188 368.64725 769.3611 368.78812
30 769.16864 368.69626 769.2947 368.8262
31 769.0524 368.59668 769.1888 368.73312
32 769.00256 368.57547 769.13525 368.70245
33 768.92487 368.61398 769.07404 368.76566
34 768.92786 368.54337 769.0531 368.66742
35 768.93005 368.4354 769.102 368.60928
36 769.0567 368.45956 769.20294 368.60202
37 769.11633 368.53613 769.2492 368.66104
38 769.2063 368.44012 769.3259 368.55582
39 769.109 368.36633 769.2574 368.51324
40 769.26483 368.36505 769.3561 368.4584
41 769.26544 368.30463 769.39325 368.43182
42 769.3604 368.2782 769.44434 368.3611
43 769.09076 368.02936 769.29047 368.23544
44 769.236 368.21393 769.3649 368.34476
45 769.1158 368.20108 769.28076 368.37167
46 769.1091 368.31235 769.22485 368.4291
47 769.01764 368.37872 769.1533 368.51117
48 768.80054 368.3474 768.99 368.53574
49 768.7355 368.33627 768.90576 368.50626
50 768.9528 368.293 769.1162 368.45123
51 769.0464 368.20798 769.19916 368.358
52 768.98236 368.12787 769.154 368.2984
53 768.91345 368.2198 769.07043 368.37216
54 768.86835 368.184 769.0024 368.31424
55 769.0427 368.04074 769.1511 368.15085
56 768.9172 368.0557 769.0783 368.217
57 768.92834 368.00488 769.0612 368.13727
58 768.98016 367.92365 769.11206 368.05692
59 768.882 367.89804 769.0377 368.047
60 769.06976 367.97296 769.1939 368.0972
61 769.14996 367.99127 769.2644 368.1064
62 768.8613 367.9657 768.9754 368.08035
63 768.9294 367.83017 769.02814 367.93018
64 768.85657 367.87332 768.96826 367.98373
65 768.7548 368.02567 768.87683 368.14636
66 768.8654 368.10916 768.9918 368.23215
67 768.82666 368.07053 768.9431 368.18365
68 768.8033 367.93405 768.9169 368.0502
69 768.6592 367.94632 768.82947 368.10977
70 768.7525 368.11172 768.8964 368.26215
71 768.74164 368.19864 768.8946 368.35504
72 768.68146 368.12427 768.8175 368.2592
73 768.65533 368.19687 768.7746 368.31757
74 768.66724 368.24106 768.8204 368.39813
75 768.70807 368.32977 768.8184 368.4425
76 768.6035 368.0428 768.78217 368.22134
77 768.55615 368.11606 768.7007 368.2622
78 769.20874 367.9826 769.34705 368.12268
79 769.327 367.80484 769.48236 367.96075
80 769.4018 367.76077 769.50604 367.86554
81 769.27325 367.7785 769.40735 367.90588
82 769.18414 367.7492 769.3429 367.90826
83 769.1447 367.7835 769.25 367.88818
84 769.2067 367.91266 769.3308 368.0361
85 769.11066 367.87128 769.25024 368.00925
86 769.0935 367.83243 769.1978 367.9363
87 769.06866 367.77737 769.16077 367.86996
88 769.02655 367.8405 769.1159 367.92834
89 769.0443 367.87845 769.14703 367.98288
90 769.2377 367.60294 769.3749 367.7441
91 769.15753 367.68738 769.28754 367.81528
92 769.20886 367.6258 769.30725 367.7271
93 769.08344 367.70624 769.2021 367.8257
94 769.34955 367.90536 769.43097 367.98795
95 769.5742 368.1293 769.6502 368.20425
96 769.71234 368.3602 769.79895 368.446
97 769.6341 368.42188 769.7348 368.51794
98 769.5088 368.54565 769.59064 368.62506
99 769.32 368.66528 769.42706 368.76718
100 769.5152 368.2239 769.5927 368.30292
101 769.5517 367.92404 769.66473 368.04263
102 769.33484 368.20355 769.40894 368.27942
103 769.3422 368.1434 769.4503 368.2471
104 769.51556 367.9183 769.6111 368.0093
105 769.45215 367.87457 769.57043 367.98975
106 769.10364 367.61237 769.226 367.73846
107 768.91785 367.7228 769.08887 367.88828
108 768.4896 368.09232 768.6358 368.2292
109 768.5167 368.1322 768.667 368.29135
110 768.6745 368.32364 768.75934 368.41025
111 768.8732 368.31174 768.9321 368.37103
112 768.99207 368.71353 769.11926 368.83752
113 768.96826 368.71136 769.2111 368.9475
