0 85.16387 706.47156 85.33254 706.65344
1 85.276276 706.4952 85.37099 706.60114
2 85.27966 706.5747 85.43583 706.7054
3 85.38471 706.4836 85.52268 706.6495
4 85.483826 706.46045 85.6056 706.6199
5 85.59251 706.4224 85.7275 706.59607
6 85.7388 706.331 85.894745 706.4708
7 85.86516 706.3402 85.98025 706.4524
8 85.96724 706.3317 86.07455 706.4444
9 85.87774 706.21716 86.03163 706.3485
10 85.66658 706.27704 85.81558 706.4108
11 85.770905 706.286 85.85084 706.3664
12 85.47286 706.3699 85.62222 706.4977
13 85.33539 706.3899 85.49393 706.5303
14 85.234314 706.38196 85.36623 706.5007
15 85.12518 706.3695 85.24007 706.4883
16 85.20097 706.29956 85.32637 706.42395
17 85.33612 706.31714 85.462364 706.4375
18 85.44084 706.24695 85.59815 706.4023
19 85.27231 706.2307 85.40809 706.3552
20 85.378944 706.2095 85.46965 706.3065
21 85.54398 706.2473 85.6459 706.3678
22 85.46899 706.14624 85.59773 706.27936
23 85.55893 706.1147 85.663055 706.24426
24 85.628685 706.17096 85.756615 706.3058
25 85.74814 706.1286 85.90114 706.2713
26 85.86413 706.0875 86.00933 706.23566
27 85.80368 706.0016 85.91847 706.13495
28 85.8819 705.9997 85.97168 706.1129
29 85.68155 706.04333 85.84128 706.17615
30 85.614395 705.8989 85.78946 706.0696
31 85.740295 705.848 85.92057 706.01514
32 85.53585 705.90405 85.65833 706.0265
33 85.47284 705.8009 85.606 705.92725
34 85.391075 705.7026 85.51649 705.8245
35 85.49581 705.6118 85.66014 705.7859
36 85.57886 705.7358 85.71273 705.87994
37 85.66573 705.6517 85.810844 705.8393
38 85.79715 705.70544 85.93713 705.8572
39 85.72842 705.5807 85.88816 705.736
40 85.20128 705.75903 85.32822 705.8947
41 85.287636 705.7086 85.418304 705.8471
42 85.33281 705.7989 85.48465 705.9493
43 85.42076 705.9067 85.56668 706.0428
44 85.322525 705.99286 85.429726 706.09515
45 85.23393 705.8292 85.40127 706.0156
46 85.153145 705.9073 85.24105 706.0129
47 85.097946 705.78674 85.23593 705.9203
48 84.93762 705.776 85.0563 705.8878
49 85.00131 705.85657 85.121735 705.97064
50 85.02367 705.927 85.19515 706.07306
51 85.14279 705.969 85.29955 706.137
52 85.01687 706.1799 85.14833 706.29175
53 85.06088 706.2668 85.17493 706.3646
54 85.122 706.1496 85.23679 706.28296
55 85.21331 706.10944 85.338936 706.24976
56 85.30311 706.0682 85.42673 706.22015
57 85.42076 706.01984 85.60093 706.1766
58 85.06505 706.07294 85.14338 706.1767
59 84.96803 706.03406 85.0886 706.1786
60 85.077156 706.4406 85.23012 706.61804
61 85.72341 706.40814 85.89848 706.57635
62 84.90571 705.8218 85.022766 705.9843
63 85.032455 705.6832 85.23862 705.8566
64 85.72839 705.5639 85.8405 705.6589
65 85.8341 705.79767 85.9667 705.96405
66 85.92011 706.4086 86.087105 706.54626
