0 -77.12101 103.32406 -76.970764 103.46348
1 -77.01019 103.30178 -76.90633 103.410614
2 -76.92378 103.20619 -76.740875 103.38909
3 -76.790215 103.19748 -76.67262 103.3232
4 -76.699936 103.143524 -76.557175 103.31112
5 -76.6809 103.27131 -76.58091 103.38484
6 -76.59801 103.206955 -76.440994 103.38926
7 -76.3872 103.02673 -76.188385 103.23593
8 -76.47223 103.1463 -76.26969 103.354256
9 -76.38624 103.23713 -76.24389 103.369545
10 -76.27047 103.20189 -76.1473 103.31873
11 -76.502594 103.32346 -76.3958 103.434326
12 -76.59513 103.33596 -76.46956 103.44708
13 -76.546936 103.435425 -76.38807 103.590225
14 -76.66109 103.47235 -76.51276 103.601265
15 -76.65697 103.573784 -76.477936 103.73159
16 -76.76441 103.64308 -76.62597 103.78603
17 -76.87555 103.686935 -76.70785 103.841995
18 -76.974434 103.745 -76.82148 103.92144
19 -76.91446 103.590065 -76.76943 103.70574
20 -76.254234 103.30325 -76.110756 103.43951
21 -76.13939 103.75415 -75.97331 103.94146
22 -76.25396 103.7872 -76.10608 103.94637
23 -76.38232 103.73075 -76.23391 103.88773
24 -76.34624 103.854965 -76.19117 104.01274
25 -77.06482 103.20063 -76.944145 103.32492
26 -77.1716 103.233574 -77.01375 103.38691
27 -76.60409 103.12215 -76.50575 103.214165
28 -76.79241 103.31513 -76.43431 103.64478
29 -76.89426 103.49226 -76.78335 103.59323
30 -76.96753 103.41295 -76.85437 103.53152
31 -76.97776 103.547714 -76.94048 103.58906
32 -77.07047 103.44025 -76.898026 103.6154
33 -77.02867 103.80874 -76.899086 103.98123
34 -76.6845 103.74087 -76.05301 104.282936
35 -76.924 103.87574 -76.84154 103.95549
36 -76.95164 104.00817 -76.760635 104.30215
37 -76.83685 104.02433 -76.70805 104.16036
38 -76.43397 103.959175 -76.31761 104.06876
39 -76.342354 103.95847 -76.25955 104.025475
40 -76.17216 103.865265 -76.022964 103.99911
41 -76.31936 103.44881 -75.83694 103.93304
42 -76.15291 103.60938 -76.00029 103.768776
43 -76.47351 103.62545 -76.29414 103.78044
44 -76.395874 103.34362 -76.20074 103.528366
45 -76.34369 103.16634 -76.25397 103.2529
46 -76.28859 103.12228 -76.20033 103.21775
