0 405.2714 764.052 405.40442 764.1875
1 405.32278 764.13794 405.44678 764.26495
2 405.18192 764.0492 405.3131 764.1838
3 405.07346 764.0161 405.20978 764.1538
4 405.13895 763.9695 405.25797 764.0874
5 405.1695 763.8627 405.39764 764.0809
6 405.3461 763.91736 405.49954 764.0667
7 405.43417 763.91034 405.54135 764.01526
8 405.34756 763.83606 405.4842 763.98083
9 405.28244 763.7281 405.44647 763.89825
10 405.4834 763.8399 405.59482 763.9506
11 405.39658 763.76794 405.53024 763.8991
12 405.53632 763.7677 405.6583 763.88916
13 405.4942 763.72424 405.6006 763.83276
14 405.39142 763.61096 405.54977 763.77106
15 405.5698 763.71625 405.67932 763.8197
16 405.52884 763.6062 405.65897 763.7352
17 405.73587 763.5201 405.87833 763.66736
18 405.66025 763.4408 405.81815 763.6143
19 405.78354 763.4782 405.9188 763.6078
20 405.56302 763.3333 405.74673 763.519
21 405.5163 763.31586 405.64847 763.4558
22 405.4753 763.4349 405.57693 763.536
23 405.43753 763.49084 405.52963 763.5867
24 405.48184 763.6054 405.57016 763.6939
25 405.50317 763.4741 405.65283 763.617
26 405.22903 763.72864 405.34308 763.8462
27 405.14532 763.6844 405.26068 763.8005
28 405.0782 763.559 405.23633 763.70917
29 405.15988 763.5477 405.28003 763.65894
30 405.25632 763.66486 405.37598 763.77844
31 405.28293 763.60236 405.40982 763.7209
32 405.3342 763.50385 405.49692 763.6651
33 405.18805 763.45984 405.32593 763.5924
34 405.30853 763.51276 405.39862 763.606
35 405.32782 763.4577 405.4334 763.55756
36 405.3699 763.36395 405.4998 763.49615
37 405.40582 763.2538 405.56183 763.41174
38 405.23602 763.36316 405.37656 763.5031
39 405.29474 763.2848 405.43115 763.4214
40 405.34247 763.2112 405.47217 763.34265
41 405.08423 763.4565 405.21008 763.5871
42 404.9916 763.4149 405.14047 763.5734
43 404.8383 763.2824 405.0014 763.44336
44 405.04816 763.3458 405.181 763.47314
45 405.10602 763.3013 405.26956 763.4655
46 405.2845 763.2054 405.3906 763.3215
47 405.15845 763.06885 405.35886 763.2915
48 405.06958 763.13226 405.20856 763.26733
49 404.9747 763.17676 405.15268 763.3478
50 404.58093 763.6559 404.7582 763.82764
51 405.01822 764.0049 405.11276 764.1021
52 404.94363 763.9826 405.04852 764.09155
53 404.8844 763.96234 404.9788 764.05493
54 404.76862 763.88666 404.89252 764.0034
55 404.71704 763.84515 404.81793 763.94336
56 404.79517 763.8091 404.92877 763.9384
57 404.89957 763.84454 405.0305 763.97656
58 405.07437 763.91406 405.18982 764.032
59 404.98764 763.8932 405.10934 764.01685
60 404.96103 763.82 405.05557 763.9115
61 405.03015 763.867 405.13174 763.96625
62 405.15857 763.8045 405.27667 763.9224
63 405.07394 763.71606 405.15726 763.79846
64 405.07968 763.7688 405.20734 763.90125
65 404.99014 763.7179 405.12384 763.8509
66 404.96823 763.6098 405.11536 763.77094
67 404.93295 763.5611 405.04416 763.67017
68 404.85617 763.51807 404.9582 763.6206
69 404.77267 763.4466 404.90167 763.57306
70 404.66357 763.6096 404.80704 763.74866
71 404.73212 763.62146 404.8157 763.69904
72 404.71274 763.51196 404.85004 763.63666
73 404.85193 763.6042 404.98972 763.73663
74 404.76697 763.65405 404.93875 763.8137
75 404.78415 763.7991 404.87192 763.87976
76 405.3812 764.32294 405.42325 764.3661
77 405.249 764.27576 405.2855 764.31244
78 405.14697 764.14685 405.24188 764.238
79 404.9973 764.0833 405.0757 764.15674
80 405.36722 764.09534 405.486 764.208
81 405.4166 764.00793 405.56848 764.1625
82 405.49628 763.9635 405.62024 764.0914
83 405.52844 763.9145 405.6316 764.0169
84 405.3129 763.9281 405.38895 764.002
85 405.4651 763.24304 405.58148 763.3536
86 405.1724 763.275 405.28568 763.3867
87 405.2712 763.11 405.4152 763.24097
88 405.03036 762.99396 405.17468 763.1404
89 404.98065 763.0578 405.13168 763.2133
90 404.9014 763.1486 405.071 763.3289
91 404.9828 763.3268 405.0907 763.4318
92 404.9648 763.4266 405.05582 763.52167
93 404.80066 763.37994 404.90475 763.49164
94 404.90128 763.77527 405.00525 763.8833
