0 -68.73575 88.65647 -68.56682 88.80756
1 -68.73639 88.59622 -68.5798 88.76534
2 -68.66576 88.57695 -68.554 88.714745
3 -68.57357 88.600395 -68.44687 88.723236
4 -68.58441 88.690475 -68.47584 88.80146
5 -68.456184 88.51029 -68.32463 88.635574
6 -68.47701 88.587135 -68.36053 88.69832
7 -68.465935 88.67618 -68.344406 88.79771
8 -68.39812 88.65924 -68.31019 88.77224
9 -68.34765 88.61927 -68.25318 88.75328
10 -68.26007 88.482994 -68.12765 88.62361
11 -68.13454 88.41189 -68.01192 88.523415
12 -68.15556 88.494286 -68.00761 88.6461
13 -68.18132 88.597374 -68.05977 88.72375
14 -68.26944 88.62255 -68.15315 88.76391
15 -68.0358 88.37646 -67.920494 88.473434
16 -68.00356 88.41477 -67.89651 88.51026
17 -67.979836 88.47185 -67.87555 88.55877
18 -67.92628 88.469284 -67.86026 88.55073
19 -67.98195 88.561325 -67.78612 88.73738
20 -68.08094 88.63363 -67.96039 88.75371
21 -68.15116 88.68626 -68.02396 88.81346
22 -68.237144 88.72366 -68.12982 88.84401
23 -68.31151 88.73381 -68.237915 88.814156
24 -68.335075 88.78452 -68.24271 88.87931
25 -68.41035 88.73903 -68.31492 88.831566
26 -68.41385 88.81447 -68.28973 88.93908
27 -68.51255 88.862434 -68.3847 88.9898
28 -68.620155 88.83954 -68.49592 88.95269
29 -68.66922 88.73091 -68.541336 88.86796
30 -68.735794 88.92694 -68.63421 89.02467
31 -68.64837 88.88688 -68.534706 88.977394
32 -68.592384 88.92287 -68.489815 89.02447
33 -68.49095 88.95215 -68.35815 89.06808
34 -68.571106 89.00057 -68.50065 89.0638
35 -68.63589 89.04742 -68.5013 89.16561
36 -68.536934 89.05559 -68.438896 89.153625
37 -68.47285 89.0256 -68.37255 89.12299
38 -68.41867 88.98574 -68.324776 89.09845
39 -68.618614 89.130424 -68.49829 89.23291
40 -68.54147 89.139015 -68.43468 89.247734
41 -68.46815 89.094604 -68.367424 89.17942
42 -68.35943 88.98166 -68.2699 89.09144
43 -68.39481 88.891846 -68.275955 88.99094
44 -68.316124 88.86519 -68.24242 88.934074
45 -68.270424 88.923035 -68.129974 89.05481
46 -68.25006 88.81823 -68.14435 88.93937
47 -68.17365 88.87042 -68.10449 88.93332
48 -68.17308 88.800896 -68.0734 88.905396
49 -68.11317 88.75707 -68.01017 88.84367
50 -68.09135 88.82276 -67.99458 88.92531
51 -68.02096 88.79421 -67.91925 88.92099
52 -67.99979 88.6899 -67.85392 88.8025
53 -67.88661 88.71898 -67.77081 88.8584
54 -67.95741 88.76856 -67.85011 88.88406
55 -67.980576 88.840164 -67.85012 88.932526
56 -67.96024 88.92158 -67.8357 89.06927
57 -67.89517 88.859344 -67.805664 88.96429
58 -67.86961 88.92575 -67.77127 89.02023
59 -68.003204 89.014305 -67.942764 89.07378
60 -68.09809 89.03308 -67.980095 89.15734
61 -68.17585 89.07679 -68.032234 89.23053
62 -68.23806 89.04382 -68.10941 89.16958
63 -68.38106 89.059685 -68.30511 89.12552
64 -68.477295 89.178856 -68.36535 89.28405
65 -68.42371 89.2187 -68.31221 89.33405
66 -68.35624 89.11235 -68.21584 89.2296
67 -68.28332 89.1449 -68.192955 89.22225
68 -68.344086 89.19662 -68.2534 89.272835
69 -68.3176 89.249214 -68.19273 89.35769
70 -68.28108 89.312454 -68.18103 89.39226
71 -68.241264 89.20884 -68.105225 89.3661
72 -68.16382 89.21464 -68.06246 89.33528
73 -68.06396 89.143974 -67.92541 89.282524
74 -68.02289 89.08813 -67.94156 89.165596
75 -67.981415 89.11137 -67.90915 89.18413
76 -67.96491 89.04315 -67.864944 89.13926
77 -67.90771 89.07468 -67.79479 89.18133
78 -67.9089 88.9959 -67.81137 89.08716
79 -67.83087 89.03998 -67.72477 89.138855
80 -67.79896 88.99505 -67.711464 89.08013
81 -67.79864 89.104576 -67.70779 89.18144
82 -67.79973 89.174324 -67.66027 89.33789
83 -67.86094 89.22241 -67.75736 89.33274
84 -67.94526 89.259315 -67.810486 89.383
85 -67.95981 89.15821 -67.774956 89.29582
86 -68.42222 89.324776 -68.34377 89.407555
87 -68.52779 89.300644 -68.42563 89.38159
88 -68.54281 89.22213 -68.46716 89.29151
89 -68.600845 89.24756 -68.52179 89.32082
90 -68.66055 89.3039 -68.58976 89.36842
91 -68.63718 89.36884 -68.5486 89.443924
92 -68.60543 89.42898 -68.51545 89.53101
93 -68.5376 89.380775 -68.41832 89.502945
94 -68.42746 89.392975 -68.3374 89.47388
95 -68.35246 89.34171 -68.2528 89.48187
96 -68.228905 89.36298 -68.11051 89.4674
97 -68.36698 88.46491 -68.30505 88.53504
98 -68.857315 88.643845 -68.7981 88.71993
99 -68.74829 88.81201 -68.69153 88.88083
100 -68.570175 88.770935 -68.51589 88.82522
101 -68.505 88.79869 -68.4567 88.848434
102 -68.726425 89.042145 -68.66193 89.10809
103 -68.73023 88.9782 -68.693306 89.011765
104 -68.2933 89.030876 -68.23272 89.08615
105 -68.295654 89.402824 -68.21946 89.48867
106 -68.128395 89.31503 -67.96413 89.46918
107 -68.171555 89.321365 -68.12307 89.376595
108 -68.08112 89.30634 -68.01305 89.37924
109 -68.007095 89.32094 -67.93463 89.4016
110 -68.1029 88.92686 -67.842316 89.1913
111 -67.83617 88.85399 -67.71865 89.01924
112 -68.07064 88.478065 -68.01018 88.54237
113 -67.93974 88.39002 -67.86343 88.504906
