0 7.5314255 -6.910771 7.6655726 -6.752522
1 7.4179263 -6.933692 7.5234017 -6.806069
2 7.978246 -6.908681 8.095643 -6.7841187
3 8.180182 -7.022808 8.310939 -6.896611
4 8.217087 -6.915605 8.37685 -6.77343
5 8.090572 -6.9038143 8.190232 -6.7976394
6 7.67586 -6.7871504 7.8148108 -6.6521077
7 7.8008657 -6.7706604 7.914809 -6.651505
8 7.920503 -6.779943 8.041715 -6.633978
9 8.031189 -6.8031297 8.142271 -6.6926994
10 8.1607065 -6.8252053 8.3044615 -6.7133694
11 8.219563 -6.751186 8.356804 -6.6328363
12 8.065987 -6.696646 8.213195 -6.5794034
13 7.949106 -6.687303 8.048965 -6.6017747
14 7.82837 -6.6586766 7.9569464 -6.540523
15 7.710704 -6.6626716 7.8440065 -6.541746
16 8.2107115 -6.629663 8.377712 -6.462011
17 8.077212 -6.5710125 8.2156925 -6.4273205
18 7.95287 -6.584837 8.079642 -6.458064
19 7.849811 -6.5655136 7.9518514 -6.4719424
20 7.7546587 -6.5423126 7.850637 -6.4222317
21 7.6565533 -6.5542088 7.7548814 -6.448064
22 7.696648 -6.4662886 7.7805724 -6.3784556
23 7.888575 -6.481615 8.022622 -6.3866534
24 7.8034925 -6.453538 7.8786464 -6.3705673
25 8.203151 -6.5041714 8.306554 -6.4092364
26 8.188465 -6.367759 8.338453 -6.1865025
27 8.075197 -6.271651 8.236248 -6.131445
28 7.940349 -6.2390237 8.069484 -6.0962095
29 7.8578653 -6.34926 7.9639616 -6.2236214
30 7.8473554 -6.2351437 7.9417143 -6.1277566
31 7.7624035 -6.3540893 7.865047 -6.2338576
32 7.7359037 -6.22431 7.854434 -6.0790706
33 7.62606 -6.207803 7.737368 -6.0873747
34 7.6392198 -6.341194 7.7590537 -6.1972585
35 7.5439014 -6.5654144 7.6647663 -6.434778
36 7.4097986 -6.6341395 7.532953 -6.520106
37 7.3827515 -6.4380293 7.492181 -6.312315
38 7.5027947 -6.4386544 7.625889 -6.327286
39 7.4160323 -6.3222594 7.5382333 -6.2209034
40 7.526504 -6.331094 7.6214695 -6.226357
41 7.739201 -7.001693 8.266915 -6.7019744
42 7.468016 -6.837563 7.532916 -6.7661486
43 7.5177474 -6.736087 7.600296 -6.6795945
44 7.510087 -6.655221 7.583468 -6.562298
45 7.617468 -6.6507936 7.68273 -6.563383
46 7.362128 -6.5562077 7.4655156 -6.4619393
47 7.9604764 -6.374627 8.043234 -6.2794933
48 7.524175 -6.207451 7.594344 -6.1092706
49 8.129058 -6.1761055 8.26344 -6.0957913
50 8.244493 -6.182487 8.34529 -6.0849466
51 8.267976 -6.261317 8.329755 -6.1806474
52 8.197668 -6.2532434 8.273218 -6.1822543
53 8.066368 -6.3795915 8.106717 -6.3333807
54 8.085547 -6.4774923 8.161594 -6.384509
55 8.013859 -6.4861264 8.08344 -6.4139395
56 8.279024 -7.0329223 8.353208 -6.9339857
