0 229.43013 763.0572 229.65256 763.27905
1 229.37668 762.98254 229.55481 763.1564
2 229.50616 763.0305 229.63037 763.1502
3 229.51907 762.8372 229.71007 763.03143
4 229.45535 762.92773 229.58841 763.057
5 229.314 762.9073 229.4946 763.0796
6 229.27812 762.8285 229.43576 762.9812
7 229.39783 762.9046 229.4817 762.9889
8 229.45265 762.8098 229.60606 762.95575
9 229.32866 762.7508 229.4794 762.904
10 229.2253 762.74274 229.37946 762.8897
11 229.5634 762.77594 229.69458 762.90424
12 229.4312 762.693 229.5951 762.85425
13 229.39427 762.62036 229.53908 762.76935
14 229.3168 762.67883 229.46007 762.8127
15 229.35686 762.5735 229.47676 762.6919
16 229.23866 762.55774 229.41957 762.7325
17 229.18239 762.6879 229.30971 762.8128
18 229.07779 762.6545 229.20267 762.7799
19 229.06158 762.55756 229.16428 762.66364
20 229.12338 762.49744 229.28358 762.65686
21 229.11139 762.3914 229.28561 762.5664
22 229.1329 762.3488 229.2506 762.46765
23 229.21036 762.29193 229.36906 762.45105
24 229.24551 762.39844 229.40045 762.5419
25 229.2451 762.5141 229.37706 762.6417
26 229.30751 762.50653 229.41202 762.6201
27 229.38414 762.4395 229.55023 762.60596
28 229.46777 762.5541 229.59268 762.67487
29 229.47348 762.6456 229.58807 762.7712
30 229.54718 762.5871 229.70111 762.73987
31 229.57326 762.7147 229.69598 762.83496
32 229.6243 762.6728 229.7425 762.79474
33 229.6421 762.7595 229.79158 762.90845
34 229.56879 762.47736 229.72475 762.63275
35 229.64972 762.46515 229.7771 762.6048
36 229.71228 762.4529 229.83228 762.58234
37 229.80028 762.4608 229.90479 762.5706
38 229.86798 762.41705 230.0048 762.56104
39 229.88876 762.28186 230.01701 762.40765
40 229.79921 762.34607 229.95953 762.49335
41 229.78883 762.2727 229.93465 762.4142
42 229.62018 762.4692 229.69112 762.5396
43 229.53917 762.433 229.6587 762.55176
44 229.46077 762.4343 229.59206 762.57275
45 229.37083 762.3437 229.52919 762.4975
46 229.35358 762.2697 229.49977 762.40894
47 229.31082 762.1998 229.46837 762.3424
48 229.42316 762.2263 229.53198 762.3355
49 229.48831 762.37494 229.59213 762.47797
50 229.46838 762.2729 229.61386 762.4111
51 229.52956 762.1525 229.70694 762.32715
52 229.49594 762.08545 229.63954 762.2245
53 229.64113 762.1963 229.78964 762.3452
54 229.59877 762.2732 229.76106 762.44147
55 229.69958 762.3105 229.83205 762.4441
56 229.68315 762.43335 229.76965 762.51874
57 229.75084 762.1694 229.91864 762.3294
58 229.6958 762.1202 229.83586 762.2572
59 229.72925 762.0428 229.84596 762.16345
60 229.64888 762.05023 229.80452 762.1966
61 229.70766 762.6547 229.83052 762.7747
62 229.671 762.57196 229.79202 762.693
63 229.76132 762.5556 229.87015 762.662
64 229.8391 762.51245 229.98268 762.64966
65 230.00224 762.4872 230.14995 762.62585
66 229.87218 762.5552 230.04015 762.7197
67 229.79608 762.617 229.93097 762.75
68 229.73297 762.71906 229.87523 762.86224
69 229.8237 762.67456 229.98708 762.8336
70 229.95284 762.6403 230.09537 762.7749
71 230.02847 762.53827 230.18723 762.6927
72 230.02203 762.6451 230.17764 762.7962
73 230.10048 762.6027 230.25151 762.7667
74 230.07242 762.71545 230.24207 762.8802
75 229.95912 762.7227 230.11638 762.8934
76 229.88184 762.7658 230.04466 762.9392
77 229.78767 762.7857 229.96739 762.97186
78 229.77525 762.9174 229.90463 763.05774
79 229.53786 763.0904 229.6765 763.2371
80 229.61897 763.03143 229.79028 763.1992
81 229.67355 762.8915 229.84512 763.0719
82 229.62625 763.0025 229.73871 763.12006
83 229.65984 762.89044 229.74535 762.9786
84 229.88269 762.8886 230.05988 763.04865
85 229.75941 762.9216 229.81682 762.9814
86 229.16362 762.6132 229.30795 762.75244
87 229.3275 762.444 229.41371 762.5341
88 228.97227 762.4622 229.13173 762.62054
89 229.04651 762.37317 229.19066 762.5145
90 229.53946 762.3497 229.6546 762.4793
91 229.60876 762.18134 229.6845 762.2561
92 229.75389 762.0227 229.83904 762.1112
93 229.91356 762.28656 230.09473 762.4758
94 230.00084 762.40985 230.13976 762.55273
