0 -131.56372 347.4881 -131.41042 347.64066
1 -131.50883 347.45557 -131.4052 347.559
2 -131.43208 347.44803 -131.2726 347.60757
3 -131.4341 347.59314 -131.28668 347.74026
4 -131.44789 347.69608 -131.32918 347.81357
5 -131.36174 347.6948 -131.24658 347.80927
6 -131.29375 347.67892 -131.16849 347.80493
7 -131.24356 347.7444 -131.13913 347.85077
8 -131.34093 347.59634 -131.22568 347.7097
9 -131.21254 347.63992 -131.07832 347.77298
10 -131.26216 347.59933 -131.16124 347.6998
11 -131.29419 347.54547 -131.1895 347.64874
12 -131.21748 347.5428 -131.1215 347.6388
13 -131.25809 347.4881 -131.15822 347.58774
14 -131.33546 347.4739 -131.24059 347.56912
15 -131.37938 347.3889 -131.23936 347.52737
16 -131.3841 347.31964 -131.27025 347.43164
17 -131.4543 347.3046 -131.32735 347.43362
18 -131.36661 347.1994 -131.24701 347.32074
19 -131.29295 347.31577 -131.19144 347.4185
20 -131.32903 347.274 -131.23663 347.367
21 -131.23956 347.36856 -131.1253 347.48212
22 -131.29245 347.41928 -131.1877 347.52347
23 -131.18172 347.45566 -131.05576 347.579
24 -131.13277 347.53964 -131.02748 347.64517
25 -131.08224 347.49258 -130.99414 347.58136
26 -131.1178 347.41608 -130.99728 347.53464
27 -131.17122 347.35263 -131.07686 347.44653
28 -131.21225 347.30853 -131.11772 347.40213
29 -131.25797 347.22693 -131.14609 347.33807
30 -131.22748 347.09918 -131.06319 347.26526
31 -131.16536 347.19244 -130.9997 347.35797
32 -131.08363 347.31024 -130.94681 347.4482
33 -131.03038 347.38687 -130.88846 347.52914
34 -130.95795 347.3702 -130.86884 347.4599
35 -131.00418 347.31427 -130.90344 347.41403
36 -130.93352 347.26126 -130.79701 347.39767
37 -130.96704 347.4792 -130.84444 347.60123
38 -130.90933 347.417 -130.78395 347.5419
39 -130.86742 347.33496 -130.7283 347.47345
40 -130.88103 347.20984 -130.77849 347.3125
41 -130.82297 347.23648 -130.69363 347.36783
42 -130.73218 347.25748 -130.62556 347.3645
43 -130.65025 347.20688 -130.50734 347.35187
44 -130.70157 347.14496 -130.58029 347.26648
45 -130.77625 347.19907 -130.68004 347.2948
46 -130.82951 347.1186 -130.7017 347.24673
47 -130.90323 346.99725 -130.73581 347.16394
48 -130.91745 347.11786 -130.78444 347.2512
49 -130.98247 347.19034 -130.85445 347.3192
50 -131.01357 347.09283 -130.87114 347.23737
51 -131.02794 346.87006 -130.87204 347.0247
52 -131.08472 347.01346 -130.98438 347.11264
53 -131.01314 347.02054 -130.92253 347.1097
54 -131.05624 347.0678 -130.96214 347.16193
55 -131.13312 347.06985 -130.98267 347.21967
56 -131.08571 347.1387 -131.02321 347.2014
57 -130.76169 347.3457 -130.64717 347.4608
58 -130.73262 347.40646 -130.6117 347.5283
59 -130.66464 347.5052 -130.51086 347.6573
60 -130.61185 347.59888 -130.49677 347.71536
61 -130.52727 347.50955 -130.35861 347.67773
62 -130.59454 347.4341 -130.4442 347.58588
63 -130.63226 347.3686 -130.46756 347.5333
64 -130.67807 347.3356 -130.5761 347.4369
65 -130.59659 347.28592 -130.48134 347.4021
66 -130.54878 347.351 -130.4334 347.46622
67 -130.48769 347.4555 -130.36926 347.5723
68 -130.65321 347.70404 -130.50594 347.8504
69 -130.70567 347.59897 -130.53772 347.76697
70 -130.79855 347.53644 -130.63899 347.6968
71 -130.85371 347.48398 -130.70636 347.6302
72 -130.80194 347.43338 -130.67691 347.55682
73 -130.91817 347.56082 -130.78244 347.69608
74 -130.85867 347.65805 -130.70735 347.80692
75 -131.03294 347.53052 -130.91422 347.6489
76 -131.16447 347.72696 -131.03775 347.8534
77 -131.13997 347.64636 -131.02567 347.75986
78 -131.0951 347.70728 -131.0 347.80228
79 -131.07867 347.60178 -130.95998 347.71927
80 -131.03056 347.69418 -130.92896 347.79297
81 -131.00134 347.61346 -130.89384 347.7205
82 -130.95688 347.667 -130.8093 347.81494
83 -130.99953 347.77777 -130.90381 347.87122
84 -131.06328 347.79608 -130.94612 347.9104
85 -131.11565 347.83173 -130.98877 347.95798
86 -131.21196 347.8128 -131.0636 347.95905
87 -131.12927 347.90295 -130.98334 348.04694
88 -130.95876 348.00955 -130.83508 348.1334
89 -130.9799 348.0917 -130.85495 348.2143
90 -131.00224 347.96255 -130.8947 348.06952
91 -131.0333 347.8545 -130.88264 348.00592
92 -130.94937 347.8667 -130.79999 348.0147
93 -130.8995 347.9351 -130.77986 348.05634
94 -130.886 347.79962 -130.73752 347.94562
95 -130.84007 347.8879 -130.72556 348.00116
96 -130.78375 347.8003 -130.59367 347.9847
97 -130.70279 347.7832 -130.53238 347.9497
98 -131.49347 347.5515 -131.38681 347.6603
99 -131.56647 347.41415 -131.46304 347.51965
100 -131.65193 347.53183 -131.55542 347.62912
101 -131.36937 347.76385 -131.22408 347.9065
102 -131.2632 347.8767 -131.12425 348.01157
103 -131.17844 347.9489 -131.0436 348.08035
104 -131.0778 347.1988 -130.99312 347.28348
105 -131.11728 346.88867 -130.97455 347.03577
106 -131.14856 347.02075 -131.06406 347.10657
107 -130.95955 346.9036 -130.79575 347.07108
108 -130.8033 347.04565 -130.6834 347.16672
109 -130.7481 347.09494 -130.63574 347.20844
110 -130.4749 347.33365 -130.29884 347.50958
111 -130.4512 347.48508 -130.27046 347.66953
112 -130.55116 347.64334 -130.46713 347.72778
113 -130.73253 347.72702 -130.67172 347.7885
114 -130.79648 347.89682 -130.63559 348.06064
115 -130.83588 348.01947 -130.74815 348.10968
116 -130.90053 348.0559 -130.79016 348.16763
117 -131.0339 348.06827 -130.86964 348.22684
118 -131.00047 347.8347 -130.92336 347.91193
