0 756.8867 436.4858 757.02545 436.63403
1 756.79614 436.5699 756.95465 436.72647
2 756.7959 436.79688 756.8983 436.90494
3 756.75574 436.42615 756.9045 436.56982
4 756.7487 436.27847 756.9205 436.44275
5 756.5807 436.29965 756.7794 436.49713
6 756.57184 436.30566 756.69 436.41702
7 756.41406 436.22565 756.58716 436.406
8 756.3864 436.30603 756.5253 436.4559
9 756.4574 436.38208 756.6149 436.52423
10 756.4319 436.42093 756.5037 436.4967
11 756.36255 436.4678 756.46 436.56604
12 756.419 436.47552 756.5472 436.60153
13 756.53186 436.45886 756.6626 436.57864
14 756.5699 436.53162 756.69824 436.64655
15 756.6507 436.57278 756.7632 436.6843
16 756.60754 436.6613 756.752 436.8028
17 756.6267 436.61584 756.6997 436.69495
18 756.5385 436.68073 756.6458 436.78925
19 756.5185 436.6239 756.63354 436.72922
20 756.4621 436.59302 756.56506 436.70135
21 756.5169 436.53333 756.6037 436.62692
22 756.39386 436.56323 756.48914 436.6575
23 756.30066 436.5978 756.42944 436.7314
24 756.42126 436.65054 756.52094 436.75772
25 756.40967 436.7227 756.478 436.79105
26 756.4493 436.76877 756.5506 436.86957
27 756.47766 436.85956 756.574 436.95364
28 756.5071 436.90207 756.634 437.02576
29 756.40405 436.9209 756.52747 437.0388
30 756.47864 437.0013 756.5692 437.09286
31 756.38226 436.98184 756.47943 437.0861
32 756.33734 437.03598 756.4384 437.14172
33 756.3414 437.10596 756.4036 437.17575
34 756.1729 436.86887 756.2569 436.94513
35 756.1422 436.8072 756.2268 436.89108
36 756.28125 436.83124 756.366 436.91403
37 756.3732 436.75757 756.471 436.86752
38 756.41077 436.8534 756.4994 436.9415
39 756.3582 436.83286 756.4338 436.91492
40 756.36176 436.90582 756.45734 437.0034
41 756.34283 436.9693 756.4118 437.03876
42 756.2285 437.0156 756.33124 437.12686
43 756.2755 436.96707 756.3718 437.07388
44 756.2989 436.9023 756.3813 436.99023
45 756.52466 436.7493 756.67084 436.89447
46 756.3039 436.5868 756.3801 436.66272
47 756.67444 436.83313 756.8304 436.98596
48 756.642 436.92535 756.71747 436.99933
49 756.5895 436.98758 756.6768 437.07425
50 756.6594 436.86484 756.73157 436.93845
51 756.75977 436.7883 756.81824 436.84827
52 756.7437 436.8315 756.7995 436.89145
53 756.9086 436.73877 756.98016 436.812
54 756.7677 436.58167 756.87134 436.68384
55 756.6002 437.05713 756.6375 437.09366
56 756.6922 436.4928 756.82764 436.63065
57 756.79 436.326 756.8556 436.39966
58 756.7945 436.22504 756.8504 436.2838
59 756.76184 436.263 756.8303 436.33026
60 756.6759 436.26486 756.7533 436.33957
61 756.5429 435.98096 756.7559 436.19055
62 756.4312 436.23865 756.50726 436.31375
63 756.44464 436.09088 756.50446 436.15503
64 756.623 435.93176 756.7167 436.01743
65 756.47235 436.15106 756.54395 436.22702
66 756.2613 436.42432 756.32654 436.4912
67 755.9715 436.4963 756.2388 436.75458
68 756.0134 436.63504 756.21826 436.83917
69 756.1325 436.70578 756.3106 436.87564
70 756.2456 436.90945 756.29895 436.9645
71 756.26874 436.64655 756.34973 436.7241
72 756.3659 437.05707 756.5198 437.19098
