0 479.94772 743.0237 480.02936 743.1114
1 479.85318 742.94604 479.97556 743.0768
2 479.88382 742.9188 479.9492 742.98755
3 479.86554 742.85767 479.9358 742.92755
4 479.88998 742.7171 479.96844 742.7956
5 479.9567 742.6567 480.01743 742.7194
6 479.87317 742.65704 479.95844 742.73663
7 479.75662 742.6897 479.85837 742.7951
8 479.81143 742.76263 479.91306 742.8753
9 479.7583 742.8469 479.8667 742.9466
10 479.8081 742.91907 479.8883 743.00464
11 479.71896 742.8743 479.82806 742.99805
12 479.6678 742.8222 479.77548 742.93317
13 479.6079 742.8854 479.73132 743.0001
14 479.47153 742.79224 479.57983 742.9079
15 479.5298 742.72925 479.63745 742.8403
16 479.60593 742.72 479.72235 742.84607
17 479.70392 742.7675 479.78073 742.85736
18 479.75043 742.75854 479.84372 742.8601
19 479.66614 742.6586 479.77563 742.77576
20 479.59293 742.6843 479.68945 742.7791
21 479.4874 742.6278 479.61566 742.7695
22 479.45157 742.52783 479.59125 742.67554
23 479.41608 742.30383 479.54846 742.4342
24 479.55652 742.544 479.61508 742.6106
25 479.55325 742.46954 479.68802 742.6214
26 479.65854 742.5109 479.76202 742.6331
27 479.7355 742.54315 479.81216 742.63043
28 479.69717 742.6099 479.80103 742.71246
29 479.8452 742.39734 479.97165 742.52313
30 479.75348 742.39136 479.85202 742.4982
31 479.60995 742.3486 479.76855 742.4898
32 479.5799 742.4023 479.69717 742.5249
33 479.6784 742.49243 479.748 742.5577
34 479.71292 742.3265 479.82104 742.42993
35 479.5998 742.25696 479.74115 742.389
36 479.60678 742.2306 479.69516 742.3203
37 479.64966 742.0843 479.82748 742.2662
38 479.5626 742.1086 479.70303 742.25037
39 479.56046 742.05884 479.67554 742.1712
40 479.63574 742.0394 479.76447 742.16376
41 479.62137 741.933 479.7552 742.06647
42 479.6192 741.8985 479.70572 741.98834
43 479.95444 742.968 480.0702 743.0744
44 479.8652 742.70087 480.12143 742.9588
45 479.93048 742.64606 480.10632 742.8212
46 480.0077 742.61285 480.29758 742.9111
47 480.0654 742.92206 480.18796 743.03485
48 479.54138 742.8653 479.61472 742.94635
49 479.59818 742.83563 479.67972 742.9198
50 479.99268 742.6017 480.1714 742.765
51 480.04764 742.4837 480.25046 742.6962
52 479.70837 742.38153 479.96948 742.646
53 480.32816 742.35297 480.47455 742.509
54 480.44977 742.3796 480.52194 742.4547
55 480.12344 742.05804 480.42633 742.35925
56 480.01193 742.2281 480.1423 742.3561
57 479.86313 742.1855 480.05295 742.38196
58 479.7656 741.9199 480.05493 742.1686
59 479.61646 741.84326 479.9327 742.1301
60 479.5744 741.9421 479.68802 742.0834
61 479.70505 742.173 479.91684 742.3818
62 479.5235 742.42676 479.59042 742.49567
63 479.5465 742.48584 479.5972 742.5392
64 479.40494 742.5627 479.4784 742.63745
65 479.3525 742.5934 479.43863 742.67487
66 479.4536 742.67267 479.51782 742.7442
67 479.37076 742.3814 479.49594 742.5216
68 479.4626 742.8105 479.51562 742.8669
