0 2.8532362 -2.6875725 2.9449 -2.572119
1 2.9647157 -2.6622653 3.0850155 -2.5498955
2 2.871937 -2.5674055 2.9908514 -2.4610472
3 2.995719 -2.5769954 3.0702746 -2.5123522
4 3.07413 -2.6119747 3.1812484 -2.4823878
5 3.093737 -2.5314703 3.1792147 -2.4374022
6 3.149097 -2.6356583 3.2231252 -2.5550215
7 3.1260078 -2.7218614 3.2248764 -2.6210103
8 3.2217467 -2.6660233 3.314726 -2.552558
9 3.2569413 -2.5930488 3.3504248 -2.498244
10 3.174575 -2.5520988 3.2600648 -2.4566967
11 3.3091185 -2.6862633 3.3945732 -2.5948613
12 3.3816059 -2.7129655 3.4731417 -2.6121783
13 3.510627 -2.6888409 3.6212685 -2.6138842
14 3.5530467 -2.632134 3.6604426 -2.5472066
15 3.3913171 -2.5818744 3.4903312 -2.464357
16 3.4651327 -2.5945642 3.52878 -2.481355
17 3.3256931 -2.5281124 3.4245267 -2.431261
18 3.2237508 -2.485001 3.3258126 -2.4001203
19 3.331264 -2.4393945 3.426753 -2.3439052
20 3.4407475 -2.3967667 3.5680513 -2.2456732
21 3.5217826 -2.4120624 3.5968559 -2.2880886
22 3.59846 -2.4330626 3.6927083 -2.3269193
23 3.6850526 -2.4509718 3.7782009 -2.3181744
24 3.520685 -2.2997365 3.6255417 -2.200166
25 3.6292057 -2.3247905 3.74543 -2.2211213
26 3.7196612 -2.3176687 3.8137062 -2.2348576
27 3.5343568 -2.180279 3.6351674 -2.0860772
28 3.513334 -2.0791245 3.646283 -1.9686441
29 3.6473093 -2.212629 3.7761188 -2.118183
30 3.7518954 -2.2370508 3.845338 -2.1469128
31 3.6577444 -2.1208665 3.830651 -2.0147033
32 3.7389305 -2.0361574 3.8282514 -1.9600538
33 3.6419075 -2.0223343 3.7967916 -1.9189947
34 3.7126608 -1.9300466 3.8669882 -1.8140463
35 3.5357556 -1.9085857 3.7044606 -1.7491319
36 3.4052503 -2.2684069 3.5295963 -2.1506684
37 3.3942764 -2.1521657 3.513249 -2.0391405
38 2.922589 -2.502629 3.0606205 -2.420767
39 2.9144742 -2.4230301 2.9925952 -2.331692
40 2.9823527 -2.4351053 3.0663688 -2.3557143
41 3.142655 -2.4677083 3.2213266 -2.3896978
42 3.18797 -2.3949769 3.2666938 -2.3109665
43 3.7636166 -2.3532865 3.8356853 -2.2680004
44 3.297468 -2.3306837 3.4224694 -2.2142735
45 3.2100458 -2.3091152 3.259281 -2.2433603
46 3.1459334 -2.2890055 3.2401001 -2.192195
47 3.113112 -2.3819616 3.201244 -2.2892032
48 3.0651839 -2.4307153 3.1513336 -2.3359747
49 3.040125 -2.347597 3.1296086 -2.252827
50 2.9425776 -2.3294468 3.0654452 -2.2283862
51 2.9290183 -2.2425604 3.0800188 -2.1259234
52 3.0610962 -2.265745 3.1525621 -2.1729574
53 2.8739967 -2.1150365 2.9609065 -2.0096233
54 2.957177 -2.126646 3.0593433 -2.0297656
55 3.0262003 -2.1630425 3.1093314 -2.0323322
56 3.0934887 -2.1757905 3.1677785 -2.065155
57 3.1533887 -2.1962693 3.236293 -2.091558
58 3.2259765 -2.2123017 3.3104346 -2.0822468
59 3.3063834 -2.2259362 3.4092228 -2.1283832
60 3.2867033 -2.1171033 3.37894 -2.0123105
61 3.1908596 -2.0946057 3.2944067 -1.992381
62 3.10528 -2.0706842 3.2075279 -1.9644711
63 3.0277686 -2.0440269 3.1179588 -1.9445841
64 2.9372935 -2.0228157 3.0267713 -1.9287126
65 2.8618355 -1.9291365 2.9459505 -1.838413
66 2.9505022 -1.9360298 3.0760133 -1.8376129
67 2.9709618 -1.8531798 3.084625 -1.7375343
68 3.0743127 -1.8782803 3.179181 -1.7773769
69 3.0508878 -1.9704891 3.142985 -1.8816956
70 3.1397493 -1.984382 3.2131114 -1.9037511
71 3.2040668 -2.007156 3.2826452 -1.939811
72 3.2923484 -2.011382 3.4073503 -1.8950591
73 3.1906543 -1.9096011 3.2887921 -1.8160886
74 3.2943132 -1.8966944 3.4060168 -1.7764004
75 3.3871496 -1.9578866 3.478222 -1.8337731
76 3.5458083 -2.535524 3.6775985 -2.405056
77 3.633671 -2.5524275 3.7010858 -2.4658492
78 2.9188473 -2.7326698 3.038961 -2.6416323
79 3.009062 -2.7402184 3.086366 -2.6662192
80 3.2200975 -2.7400436 3.3273711 -2.6691158
81 3.5152 -2.7418041 3.6617293 -2.6791997
82 3.4223804 -2.6516101 3.5116081 -2.586172
83 3.435952 -2.4911513 3.49921 -2.4226072
84 2.8332648 -2.2030635 2.9020066 -2.1171405
85 2.8207297 -2.1135018 2.8662267 -2.0177827
86 3.3889859 -2.0415463 3.423954 -2.0065784
87 3.1927571 -1.8115816 3.2639391 -1.7516344
88 2.8581781 -1.8321635 2.981104 -1.7244363
89 3.7653463 -2.4682734 3.8356886 -2.351673
90 3.6433327 -2.6920164 3.7139697 -2.6180756
91 3.6516943 -2.7469475 3.7067838 -2.6978054
