0 705.7577 555.064 705.9011 555.2122
1 705.7818 555.2084 705.9143 555.3223
2 705.674 555.1398 705.8054 555.279
3 705.5545 555.0886 705.68304 555.2162
4 705.6278 554.99445 705.78925 555.1568
5 705.5406 554.9012 705.6932 555.0724
6 705.78577 554.95374 705.9004 555.0743
7 705.6183 554.8339 705.77466 555.0158
8 705.8457 554.8787 705.97644 555.0202
9 705.64136 554.7657 705.8881 554.9684
10 705.54736 554.7962 705.7053 554.9395
11 705.50195 554.62 705.6787 554.82025
12 705.6473 554.63806 705.80835 554.80396
13 705.4168 554.50964 705.56177 554.66437
14 705.5299 554.5007 705.65906 554.63574
15 705.60254 554.47565 705.7375 554.60474
16 706.11334 554.94385 706.27966 555.1014
17 706.0659 554.877 706.1987 555.00195
18 705.93164 554.82855 706.0741 554.96796
19 706.0382 554.8077 706.15753 554.91235
20 706.15924 554.8445 706.29785 554.9684
21 706.30365 554.87683 706.439 554.9927
22 706.2658 554.8181 706.38324 554.915
23 706.3224 554.7288 706.46265 554.8641
24 706.1885 554.6864 706.35065 554.832
25 706.134 554.74646 706.2487 554.8622
26 706.0069 554.68414 706.15845 554.821
27 705.79535 554.7117 705.9466 554.8472
28 705.907 554.66394 706.02655 554.7796
29 705.75165 554.5745 705.89557 554.7302
30 705.9663 554.57214 706.115 554.7119
31 706.14526 554.64935 706.258 554.76215
32 706.21814 554.6219 706.3388 554.7219
33 706.2504 554.41376 706.4196 554.628
34 706.0581 554.5293 706.22876 554.6745
35 706.1864 554.4604 706.3346 554.6232
36 706.24994 554.4218 706.36 554.50836
37 706.15704 554.41046 706.26917 554.5206
38 706.0208 554.3901 706.1757 554.5558
39 705.8736 554.54193 706.0044 554.67365
40 705.70905 554.56683 705.8157 554.67444
41 705.75684 554.48395 705.8973 554.6352
42 705.8681 554.4606 705.9819 554.57245
43 706.43604 554.8305 706.54297 554.94434
44 706.3301 555.0611 706.38165 555.11505
45 705.7892 554.87115 706.0962 555.2085
46 706.37244 554.60315 706.4877 554.72864
47 706.0068 554.4698 706.05554 554.52246
48 706.2437 554.27246 706.30255 554.32886
49 705.89716 554.334 706.0063 554.45685
50 706.01434 554.32874 706.09937 554.41766
51 705.60077 554.3917 705.73035 554.51105
52 705.5553 554.4474 705.64813 554.54553
53 705.5201 554.37445 705.6115 554.4699
54 705.4684 554.7465 705.59674 554.8784
55 705.4949 554.81915 705.61285 554.9807
56 705.5668 555.17175 705.71234 555.3315
