0 42.862267 -37.396996 42.992313 -37.26926
1 42.7573 -37.311523 42.912926 -37.161674
2 42.898518 -37.317772 43.00845 -37.21015
3 42.967606 -37.359222 43.06003 -37.2408
4 42.991096 -37.48459 43.07365 -37.38759
5 43.08338 -37.49301 43.192238 -37.388783
6 43.06172 -37.366196 43.18407 -37.247894
7 43.176918 -37.452065 43.2869 -37.313194
8 43.26096 -37.471 43.36631 -37.332718
9 43.312054 -37.392338 43.383358 -37.301968
10 43.46044 -37.419285 43.544144 -37.328648
11 43.38416 -37.398685 43.4527 -37.330143
12 43.41758 -37.333347 43.575138 -37.214493
13 43.496376 -37.289745 43.56161 -37.22162
14 43.432354 -37.264984 43.53606 -37.175724
15 43.456333 -37.194828 43.57007 -37.088024
16 43.420288 -37.103138 43.50945 -37.010506
17 43.338863 -37.09755 43.436714 -36.997963
18 43.301533 -37.166447 43.37224 -37.09112
19 43.328796 -37.245785 43.435482 -37.15354
20 43.252296 -37.331474 43.402027 -37.197342
21 43.16383 -37.296345 43.26356 -37.21279
22 43.232697 -37.236458 43.32268 -37.14763
23 43.15114 -37.211147 43.26306 -37.09807
24 43.09099 -37.277596 43.186012 -37.190083
25 42.985806 -37.246777 43.100876 -37.129395
26 42.843594 -37.23897 42.91172 -37.173737
27 42.879192 -37.177643 42.98869 -37.083744
28 42.820995 -37.149906 42.887405 -37.072517
29 42.735943 -37.13882 42.846695 -37.035
30 42.663704 -37.03263 42.75327 -36.94711
31 42.793034 -37.06891 42.89278 -36.97494
32 42.87543 -37.086067 42.96702 -36.974255
33 42.954185 -37.099102 43.045925 -36.996384
34 43.03104 -37.11838 43.11467 -37.023197
35 43.106934 -37.13204 43.202545 -37.039898
36 43.230717 -37.143147 43.308037 -37.066986
37 43.171642 -37.06658 43.24665 -36.988106
38 43.246677 -37.07337 43.344933 -36.980896
39 43.377995 -37.00843 43.50761 -36.894417
40 43.31499 -36.942577 43.43264 -36.815105
41 43.269245 -36.83796 43.416233 -36.715237
42 43.22146 -36.915096 43.336433 -36.808792
43 43.221424 -36.998535 43.33027 -36.89951
44 43.09656 -37.048702 43.202587 -36.956543
45 43.135532 -36.986874 43.231895 -36.88878
46 43.12468 -36.906437 43.251453 -36.814907
47 43.019073 -36.798508 43.14847 -36.665646
48 43.134117 -36.811527 43.26004 -36.68041
49 43.16454 -36.724083 43.303154 -36.61609
50 43.051052 -36.691505 43.163696 -36.593304
51 43.103832 -36.63528 43.22038 -36.526825
52 42.98077 -36.696365 43.067623 -36.601425
53 42.89575 -36.68954 42.995342 -36.58648
54 42.944714 -36.63841 43.021812 -36.5434
55 43.01789 -36.633347 43.088413 -36.56976
56 42.928837 -36.781815 43.036777 -36.679653
57 42.786972 -36.746674 42.883667 -36.64593
58 42.858864 -36.76336 42.90863 -36.70435
59 42.946743 -36.874237 43.06577 -36.766766
60 42.967842 -36.962067 43.065445 -36.864464
61 43.050453 -36.960415 43.127052 -36.869377
62 43.013252 -37.04155 43.101162 -36.95884
63 42.676094 -36.956623 42.771103 -36.879524
64 42.68148 -36.880867 42.804146 -36.770332
65 42.76494 -36.83415 42.87536 -36.732975
66 42.84662 -36.845734 42.947853 -36.750275
67 42.811886 -36.910534 42.90574 -36.83228
68 42.871998 -36.936775 42.9778 -36.83098
69 42.8461 -36.993046 42.965847 -36.90045
70 42.74436 -36.98294 42.851887 -36.884083
71 43.421223 -36.77431 43.57412 -36.625458
72 43.493797 -36.721863 43.630234 -36.579647
73 43.45467 -36.63651 43.553417 -36.54527
74 43.32969 -36.678234 43.459167 -36.544712
75 43.377724 -36.597965 43.441902 -36.51761
76 43.413654 -36.558018 43.464916 -36.49231
77 43.488525 -36.560135 43.599365 -36.45565
78 42.750015 -37.517727 42.837536 -37.417496
79 42.817673 -37.53912 42.974945 -37.391666
80 42.903275 -37.54599 43.00783 -37.439697
81 43.36396 -37.483215 43.503998 -37.363976
82 43.16285 -37.36639 43.227905 -37.31
83 43.053806 -37.430058 43.120335 -37.38259
84 42.824627 -37.46429 42.874966 -37.411064
85 42.804756 -37.433395 42.85094 -37.39241
86 42.736294 -37.37747 42.798306 -37.3091
87 42.67601 -37.337208 42.726185 -37.280098
88 43.067135 -37.20321 43.148613 -37.1096
89 43.369766 -37.171436 43.423805 -37.13011
90 43.168526 -37.132282 43.222027 -37.06434
91 42.652122 -37.128147 42.75779 -36.997635
92 42.725925 -37.047756 42.783894 -36.97534
93 42.6183 -36.81757 42.73282 -36.683987
94 42.62345 -36.72359 42.7605 -36.61254
95 42.80625 -36.649357 42.96546 -36.532898
96 43.199158 -36.58289 43.256287 -36.522297
97 43.162136 -36.579803 43.198402 -36.540073
98 43.25591 -36.585907 43.320744 -36.51067
99 43.299526 -36.76611 43.354416 -36.707752
100 43.53266 -36.96633 43.606247 -36.8991
101 43.491627 -37.06558 43.567364 -36.996773
102 43.55922 -37.141804 43.616924 -37.08179
103 43.572014 -37.195866 43.609276 -37.153408
104 43.600048 -37.22295 43.639538 -37.18346
105 43.544918 -37.228607 43.592785 -37.169186
