0 433.08463 757.9416 433.19528 758.05365
1 432.9789 757.84924 433.13644 758.0103
2 432.87207 757.8255 433.03162 757.98364
3 432.78568 757.7653 432.94446 757.92596
4 432.65686 757.6833 432.83383 757.85767
5 432.62445 757.6837 432.73294 757.7971
6 432.3652 757.4027 432.59042 757.63855
7 432.63 757.5652 432.76962 757.7022
8 432.71744 757.6078 432.87445 757.7667
9 432.82562 757.6873 432.96695 757.8272
10 432.90375 757.71265 433.07236 757.8791
11 433.01407 757.7668 433.17453 757.92395
12 433.1728 757.70056 433.3138 757.847
13 433.07797 757.6298 433.24475 757.8072
14 433.0049 757.58856 433.16623 757.76685
15 432.81378 757.50085 433.0421 757.7197
16 432.93402 757.4499 433.106 757.6239
17 432.68478 757.4672 432.86725 757.6362
18 432.71167 757.2862 432.95914 757.53436
19 432.6663 757.35504 432.80515 757.4965
20 432.37488 757.2958 432.56937 757.4865
21 432.42627 757.1825 432.66095 757.40704
22 432.52753 757.1135 432.73334 757.30756
23 432.77695 757.2817 432.9036 757.40686
24 433.06927 757.5337 433.19574 757.65735
25 433.18967 757.577 433.34213 757.72314
26 433.24405 757.4825 433.42776 757.6511
27 433.34882 757.4221 433.50235 757.57263
28 433.25043 757.3827 433.40256 757.5308
29 433.07718 757.39087 433.2422 757.55817
30 432.955 757.32874 433.12006 757.48865
31 433.19305 757.38025 433.30432 757.4927
32 433.09677 757.3055 433.22485 757.43756
33 432.90085 757.2234 433.05405 757.37775
34 432.58032 757.0512 432.71222 757.17957
35 432.84952 757.2481 432.93582 757.3335
36 432.67804 757.11194 432.8082 757.2392
37 432.7887 757.09375 432.88452 757.1896
38 433.37097 757.2071 433.54675 757.3781
39 433.1946 757.257 433.32358 757.3836
40 433.1231 757.0974 433.26062 757.241
41 433.0353 757.03723 433.1825 757.1941
42 432.90872 757.0902 433.0755 757.2511
43 432.97702 757.0613 433.07626 757.16284
44 432.86798 757.08246 432.99744 757.2214
45 433.0732 756.9795 433.1884 757.0935
46 432.89154 756.8557 433.03445 757.004
47 433.14795 756.9627 433.31964 757.13885
48 433.22107 757.00006 433.40912 757.1881
49 433.35144 757.1463 433.45023 757.24194
50 433.44235 757.1425 433.5804 757.2801
51 432.46057 757.5735 432.64752 757.7526
52 433.13223 757.8679 433.23477 757.9744
53 432.90848 757.47876 433.00595 757.5875
54 433.22647 757.55133 433.27335 757.59845
55 433.46704 757.3809 433.57394 757.49677
56 433.30118 757.24207 433.39978 757.34064
57 433.52368 757.33203 433.61264 757.42834
58 433.389 757.3934 433.45996 757.46857
59 433.172 757.2035 433.2755 757.3181
60 433.00272 756.8891 433.13223 757.01794
61 432.99164 756.9676 433.10254 757.0794
62 432.80176 756.8696 433.02707 757.0999
63 432.74057 756.72656 432.90063 756.8786
64 432.70178 756.7911 432.85083 756.946
65 432.52005 757.16656 432.6175 757.27466
66 432.65717 757.4876 432.76462 757.60565
67 432.57095 757.4013 432.71558 757.54877
68 432.57892 757.55597 432.6792 757.6574
69 432.3427 757.4387 432.46198 757.5724
