0 682.39777 49.35357 682.52716 49.479565
1 682.30164 49.326523 682.41943 49.45277
2 682.2674 49.358868 682.33813 49.427902
3 682.2743 49.28572 682.3451 49.36833
4 682.1702 49.293182 682.2667 49.411182
5 682.40076 49.50179 682.52655 49.63889
6 682.3003 49.41538 682.4826 49.541306
7 682.2384 49.42325 682.34393 49.523182
8 682.1411 49.398937 682.24677 49.495007
9 682.16077 49.47515 682.2498 49.55008
10 682.1615 49.542946 682.2497 49.61711
11 682.2198 49.51249 682.3365 49.61339
12 682.32355 49.491226 682.4261 49.592663
13 682.4423 49.66705 682.5358 49.763943
14 682.31433 49.630978 682.43506 49.733112
15 682.3479 49.565475 682.4219 49.63047
16 682.35046 49.84032 682.44794 49.937782
17 682.36383 49.73899 682.4653 49.82799
18 682.3497 50.013943 682.4692 50.143024
19 682.3623 50.12295 682.471 50.222046
20 682.294 50.108135 682.38135 50.211235
21 682.28394 50.007195 682.37866 50.1217
22 682.141 50.007202 682.2728 50.136776
23 682.1697 50.105694 682.28015 50.217316
24 682.07056 50.147377 682.1855 50.2674
25 682.0982 50.04608 682.1866 50.151913
26 682.0997 49.87794 682.1838 49.98573
27 682.173 49.90559 682.2721 50.02331
28 682.21173 49.826954 682.33685 49.94587
29 682.25574 49.930477 682.3576 50.03633
30 682.1359 49.782227 682.236 49.88007
31 682.2451 49.75206 682.3362 49.823406
32 682.2525 49.675007 682.3394 49.76189
33 682.2488 49.595806 682.3341 49.690224
34 682.17706 49.61714 682.26697 49.716095
35 682.1612 49.700817 682.2521 49.788284
36 682.1066 49.30575 682.1814 49.38507
37 682.02264 49.28807 682.1057 49.379566
38 681.97345 49.281216 682.0399 49.352222
39 682.03186 49.354042 682.10565 49.42676
40 681.9587 49.344822 682.0355 49.420567
41 682.0102 49.415512 682.1067 49.48894
42 682.10974 49.37868 682.1793 49.44433
43 682.10834 49.468296 682.1748 49.543823
44 682.00867 49.500084 682.1014 49.600082
45 682.0692 49.551556 682.1705 49.648277
46 682.0762 49.63987 682.1766 49.739697
47 682.10254 49.721947 682.173 49.80644
48 682.0222 49.70771 682.0984 49.78336
49 682.0076 49.80739 682.0985 49.903896
50 681.97473 49.8836 682.09204 50.006546
51 681.9601 49.96836 682.0975 50.07808
52 681.941 50.06016 682.08307 50.198334
53 682.00555 50.16678 682.0892 50.244797
54 681.906 50.15298 682.0044 50.247997
55 681.8869 50.053234 681.9796 50.148712
56 681.9032 49.968708 681.99365 50.08
57 681.7981 49.960224 681.90564 50.09144
58 681.6556 50.027836 681.80237 50.167336
59 681.52844 50.03278 681.6688 50.194603
60 681.83813 50.05067 681.9044 50.13327
61 681.6869 49.92989 681.80566 50.045307
62 681.5949 49.913086 681.7065 50.02358
63 681.6036 49.809307 681.7142 49.922245
64 681.6824 49.827488 681.81683 49.943882
65 681.91455 49.871666 682.002 49.96703
66 682.00885 49.617046 682.093 49.733887
67 681.9178 49.76722 682.0226 49.889004
68 681.92145 49.602474 682.0204 49.72792
69 681.93915 49.40064 682.02057 49.46348
70 681.9355 49.474133 682.02466 49.581375
71 681.88873 49.224075 681.96356 49.294353
72 681.6881 49.243553 681.75867 49.302235
73 681.7335 49.34386 681.8646 49.4772
74 681.84436 49.34311 681.953 49.442204
75 681.79675 49.485683 681.8723 49.561245
76 681.8329 49.550922 681.93805 49.648212
77 681.7265 49.546764 681.8365 49.63701
78 681.62915 49.523262 681.73596 49.63177
79 681.6426 49.617382 681.7323 49.702103
80 681.7012 49.64892 681.8225 49.759533
81 681.8213 49.630417 681.92615 49.712166
82 681.8343 49.701347 681.9265 49.780613
83 681.8 49.79132 681.91547 49.919823
84 681.68445 49.732693 681.8215 49.84429
85 681.5842 49.701313 681.717 49.82844
86 681.5136 49.84544 681.6181 49.94264
87 681.846 49.27432 681.9528 49.342793
88 682.4317 49.767487 682.525 49.875965
89 682.41284 49.86437 682.5217 49.987392
90 682.3321 49.912212 682.4773 50.02242
91 682.1069 49.96756 682.18494 50.042835
92 681.83514 49.871765 681.9205 49.94357
93 682.2748 50.19894 682.40765 50.32221
94 682.1692 50.185547 682.3021 50.304955
95 681.75977 50.108025 681.904 50.265236
96 681.63586 50.111023 681.7877 50.227367
97 681.578 50.123608 681.68207 50.191036
98 681.4757 49.94945 681.6034 50.099094
99 681.50604 49.73994 681.63184 49.90352
100 681.7285 49.471725 681.805 49.562263
101 681.67255 49.446938 681.74664 49.53003
102 681.55066 49.37758 681.6922 49.542797
103 681.59515 49.21816 681.6959 49.369705
104 681.68555 49.18854 681.79614 49.26531
