0 380.2733 767.1421 380.38132 767.2509
1 380.1833 767.06415 380.32135 767.20447
2 380.2115 767.23126 380.37747 767.39514
3 380.16776 767.3118 380.31372 767.45557
4 380.08685 767.23035 380.25357 767.40094
5 380.02417 767.3361 380.15674 767.467
6 380.11594 767.3988 380.20618 767.48517
7 380.02454 767.4294 380.13718 767.5419
8 379.977 767.42993 380.0725 767.52783
9 379.8932 767.3856 380.0121 767.504
10 379.85062 767.4543 379.95837 767.5615
11 379.9135 767.46136 380.03876 767.5866
12 379.97485 767.4823 380.1227 767.62787
13 379.92944 767.5538 380.05542 767.68
14 379.83157 767.4962 379.9905 767.6587
15 379.7624 767.60004 379.88425 767.7211
16 379.76468 767.6667 379.89673 767.8
17 379.77213 767.76434 379.88467 767.8733
18 379.75198 767.77405 379.91785 767.9389
19 379.9767 767.9613 380.12622 768.1137
20 380.13626 768.14276 380.32886 768.3258
21 380.29626 768.04364 380.57883 768.3469
22 380.37943 768.159 380.47046 768.24927
23 380.0229 767.80493 380.2211 768.0038
24 380.15146 767.8051 380.32114 767.97
25 379.8249 767.77814 380.06686 768.02856
26 379.92618 768.0615 380.01694 768.14825
27 379.78583 767.9677 379.8598 768.0386
28 380.46475 768.1031 380.58713 768.2228
29 380.27158 767.5574 380.7377 768.0284
30 380.2698 767.71704 380.4039 767.84924
31 380.24908 767.6154 380.39203 767.75836
32 380.34366 767.662 380.48944 767.8096
33 380.4644 767.52893 380.84476 767.91
34 380.53796 767.4823 380.71985 767.6676
35 380.453 767.4728 380.60873 767.6264
36 380.3159 767.43744 380.56006 767.6811
37 380.4394 767.42816 380.57938 767.5713
38 380.51944 767.3497 380.67172 767.50287
39 380.3732 767.24005 380.6079 767.4725
40 380.35327 767.45215 380.40372 767.50354
41 380.1047 767.0588 380.25803 767.21564
42 380.05322 767.3663 380.2679 767.5739
43 379.89325 767.45184 380.27524 767.8314
44 380.04288 767.4729 380.34647 767.76917
45 379.79565 767.4779 380.10068 767.79065
