0 -48.182842 57.03656 -48.07357 57.13213
1 -48.13626 57.128624 -48.01888 57.24217
2 -47.97871 56.962852 -47.87218 57.08418
3 -47.904457 56.934578 -47.805927 57.030914
4 -47.846756 56.965866 -47.722908 57.049164
5 -47.888073 57.057766 -47.767075 57.16616
6 -47.98841 57.039135 -47.891415 57.126266
7 -48.062828 57.067303 -47.96167 57.18709
8 -48.083214 56.989594 -47.992355 57.047573
9 -48.086338 57.22715 -47.979588 57.338284
10 -48.02759 57.172626 -47.922813 57.291103
11 -47.972958 57.10188 -47.907528 57.1569
12 -47.93531 57.15065 -47.825493 57.234165
13 -47.984467 57.242332 -47.891415 57.34415
14 -47.90035 57.209343 -47.796886 57.289238
15 -47.87158 57.275978 -47.73732 57.37955
16 -47.975697 57.3202 -47.853493 57.41665
17 -48.050716 57.3116 -47.961723 57.40443
18 -48.094227 57.479122 -48.01181 57.55935
19 -48.011974 57.432377 -47.90599 57.550415
20 -47.923855 57.398235 -47.814365 57.49512
21 -47.81601 57.358833 -47.681095 57.49704
22 -47.8513 57.455063 -47.72033 57.561924
23 -47.939034 57.482903 -47.84763 57.5902
24 -48.035484 57.533592 -47.889057 57.644947
25 -47.85448 57.542854 -47.75814 57.63371
26 -47.931255 57.598038 -47.824505 57.70917
27 -48.02266 57.623684 -47.908455 57.71816
28 -48.098118 57.65925 -48.030056 57.74923
29 -48.074062 57.7592 -48.005234 57.861458
30 -48.019974 57.725994 -47.94753 57.819263
31 -47.653694 56.930412 -47.553413 57.0296
32 -47.64794 57.004772 -47.531986 57.102097
33 -47.572865 56.908764 -47.488037 56.99579
34 -47.486885 56.872925 -47.399754 56.966084
35 -47.55944 56.986088 -47.464417 57.092068
36 -47.57051 57.119743 -47.448524 57.222546
37 -47.594566 57.055847 -47.47225 57.137608
38 -47.445568 56.97392 -47.28676 57.109715
39 -47.45894 56.90674 -47.36479 56.9691
40 -47.381504 56.880543 -47.308514 56.954082
41 -47.344734 56.952824 -47.265713 57.051025
42 -47.28177 56.96926 -47.203075 57.050148
43 -47.3877 57.092564 -47.232395 57.226494
44 -47.296127 57.053818 -47.206474 57.14292
45 -47.272343 57.130264 -47.1588 57.24381
46 -47.487377 57.2186 -47.36638 57.36919
47 -47.543217 57.28272 -47.434826 57.41906
48 -47.63665 57.316364 -47.484966 57.505314
49 -47.53001 57.38678 -47.446056 57.464706
50 -47.473457 57.35675 -47.413177 57.423058
51 -47.30824 57.246876 -47.10997 57.42377
52 -47.383915 57.373848 -47.31728 57.439938
53 -47.322376 57.35527 -47.25037 57.434402
54 -47.287357 57.40114 -47.192226 57.477093
55 -47.263577 57.459663 -47.14981 57.54
56 -47.36446 57.43813 -47.257164 57.54488
57 -47.44151 57.46301 -47.307686 57.606144
58 -47.551712 57.45769 -47.42896 57.568935
59 -47.633858 57.493862 -47.49587 57.61979
60 -47.71885 57.66067 -47.569138 57.84162
61 -47.633144 57.780903 -47.54327 57.86365
62 -47.60673 57.715088 -47.52234 57.791805
63 -47.610893 57.623516 -47.474773 57.738266
64 -47.515213 57.558468 -47.39882 57.68144
65 -47.529846 57.661713 -47.473183 57.7255
66 -47.489296 57.637764 -47.422768 57.703194
67 -47.42578 57.66423 -47.33021 57.769665
68 -47.398876 57.593815 -47.34353 57.645874
69 -47.300346 57.542137 -47.188225 57.647133
70 -47.190525 57.68637 -47.051445 57.822712
71 -48.186073 56.97009 -48.05061 57.065548
72 -48.169086 57.208794 -48.06628 57.353794
73 -48.123272 57.30486 -47.98934 57.410294
74 -48.093735 57.369358 -48.00463 57.447502
75 -48.13955 57.422348 -48.054607 57.52537
76 -48.12064 57.555237 -48.042168 57.66166
77 -48.051647 57.86683 -47.93931 57.999992
78 -47.750797 57.78967 -47.694572 57.84699
79 -47.687836 57.422623 -47.641144 57.46876
80 -47.66586 57.44613 -47.586838 57.513645
81 -47.75628 57.472107 -47.708385 57.521645
82 -47.763893 57.846004 -47.715233 57.89631
83 -47.474937 57.797504 -47.39986 57.86436
84 -47.42989 57.750267 -47.371914 57.814274
85 -47.36265 57.70204 -47.293385 57.78008
86 -47.25837 57.755913 -47.175404 57.84326
87 -47.15732 57.60932 -47.096928 57.680122
88 -47.222637 57.61491 -47.137478 57.696236
89 -47.19283 57.56378 -47.128273 57.63272
90 -47.245 57.385468 -47.186363 57.44958
91 -47.656544 57.19082 -47.57029 57.267212
92 -47.287415 56.899723 -47.198967 56.996937
93 -47.313225 56.867718 -47.263905 56.9143
