0 547.54407 -70.92305 547.6712 -70.804955
1 547.2953 -70.84844 547.4372 -70.69706
2 547.3994 -70.75413 547.56555 -70.57415
3 547.51575 -70.80496 547.6916 -70.61344
4 547.6354 -70.82651 547.8239 -70.61424
5 547.65955 -70.57034 547.7989 -70.40823
6 547.54755 -70.55094 547.69116 -70.39311
7 547.41693 -70.5964 547.58276 -70.4225
8 547.29285 -70.5815 547.4248 -70.46092
9 547.3452 -70.479996 547.4765 -70.345795
10 547.2401 -70.439 547.38684 -70.262344
11 547.1373 -70.415535 547.2713 -70.26683
12 546.9326 -70.35469 547.0484 -70.23418
13 547.134 -70.3139 547.2817 -70.19519
14 547.04083 -70.27891 547.1745 -70.14288
15 547.08813 -70.20363 547.33777 -69.98964
16 547.3138 -70.27743 547.39886 -70.17762
17 547.30945 -70.379395 547.48584 -70.2381
18 547.33276 -70.262856 547.5093 -70.09394
19 547.4291 -70.18651 547.5778 -70.02073
20 547.4903 -70.314445 547.5891 -70.219406
21 547.5253 -70.22463 547.6777 -70.04951
22 547.5999 -70.31856 547.69366 -70.22905
23 547.4841 -70.41457 547.62897 -70.2426
24 547.5923 -70.428795 547.7427 -70.27038
25 547.7251 -70.45912 547.82495 -70.36022
26 547.8017 -70.472534 547.9214 -70.355194
27 547.76886 -70.37022 547.9085 -70.23862
28 547.65985 -70.33698 547.8047 -70.19504
29 547.75024 -70.245575 547.93243 -70.07097
30 547.7041 -70.25119 547.81396 -70.146034
31 547.3845 -70.88857 547.5593 -70.7237
32 547.606 -70.9508 547.7798 -70.79461
33 547.5825 -70.66996 547.6617 -70.592705
34 547.6149 -70.69428 547.7189 -70.60028
35 547.73004 -70.71425 547.8635 -70.56748
36 547.75946 -70.59152 547.90985 -70.38751
37 547.9104 -70.39439 547.97253 -70.29764
38 546.9318 -70.237686 547.08325 -70.070595
39 546.613 -70.6189 547.3064 -70.00476
