0 769.594 270.57767 769.7087 270.6889
1 769.5747 270.51373 769.6682 270.60574
2 769.42865 270.4823 769.5604 270.61472
3 769.41895 270.4493 769.5365 270.57455
4 769.3654 270.40106 769.4911 270.53317
5 769.4159 270.56546 769.52844 270.67688
6 769.4458 270.61496 769.58563 270.75534
7 769.52405 270.6277 769.671 270.77304
8 769.3783 270.63544 769.5063 270.7624
9 769.45447 270.71088 769.5428 270.79785
10 769.5002 270.77118 769.585 270.85593
11 769.405 270.7925 769.50543 270.8927
12 769.3472 270.86438 769.4769 270.99435
13 769.4225 270.93265 769.5267 271.03662
14 769.48553 270.8974 769.56805 270.97787
15 769.5193 270.84644 769.6084 270.93445
16 769.3094 270.7618 769.39954 270.85065
17 769.2538 270.80847 769.37256 270.92398
18 769.2443 270.88452 769.34454 270.982
19 769.1608 270.83466 769.28235 270.95773
20 769.1253 270.77023 769.2602 270.9109
21 769.2017 270.73587 769.3317 270.86737
22 769.3066 270.65472 769.44403 270.79282
23 769.2761 270.49405 769.4345 270.64966
24 769.181 270.38498 769.357 270.56046
25 769.26044 270.56796 769.392 270.69315
26 769.19775 270.61166 769.3406 270.75107
27 769.2763 270.5399 769.35645 270.61996
28 769.1407 270.5364 769.2948 270.6925
29 769.08594 270.5491 769.2008 270.6648
30 769.1652 270.62323 769.2403 270.69623
31 769.1742 270.66632 769.28864 270.77774
32 769.0634 270.68396 769.21375 270.83163
33 768.82184 270.56653 768.95703 270.70312
34 768.85046 270.46796 768.9948 270.61227
35 768.8353 270.4161 768.9456 270.527
36 768.7575 270.34714 768.9014 270.49466
37 768.8886 270.3711 769.05756 270.53018
38 768.9822 270.4202 769.14813 270.58612
39 769.11584 270.40814 769.2779 270.57874
40 769.18884 270.27945 769.29236 270.38104
41 769.0682 270.31195 769.22424 270.46887
42 769.0751 270.2839 769.17145 270.38147
43 769.0467 270.35013 769.15155 270.45425
44 768.9816 270.17056 769.1687 270.3612
45 769.0033 270.10373 769.1282 270.23
46 768.91736 270.1358 769.06903 270.2849
47 768.9965 270.24753 769.06726 270.3174
48 769.0502 270.24896 769.1255 270.32364
49 769.00226 270.29904 769.1082 270.40588
50 768.9275 270.29224 769.05035 270.41397
51 769.0007 270.36893 769.093 270.4593
52 768.85284 270.21454 768.99005 270.35095
53 768.86694 270.19748 768.9527 270.2861
54 768.8028 270.25415 768.93384 270.37988
55 768.8991 270.34814 768.99634 270.44583
56 768.94446 270.63373 769.11487 270.80624
57 769.1041 270.8749 769.1922 270.96204
58 769.0808 270.80975 769.17847 270.90515
59 769.0273 270.74188 769.13696 270.85062
60 769.037 270.89255 769.13727 270.99005
61 769.0042 270.9431 769.1024 271.0408
62 768.9803 270.80603 769.111 270.93484
63 768.9059 270.72528 769.04865 270.86652
64 768.93506 270.8813 769.06714 271.0154
65 768.90735 270.83804 769.02527 270.96008
66 768.8846 270.78 768.9965 270.8948
67 768.81146 270.7193 768.9536 270.86578
68 768.792 270.63492 768.9265 270.7675
69 768.67633 270.63495 768.8422 270.80362
70 768.7478 270.7398 768.87915 270.87463
71 768.797 270.79916 768.92377 270.92642
72 768.83704 270.86642 768.97217 271.00024
73 768.9182 270.96262 769.0343 271.0771
74 768.8603 270.98962 768.96967 271.10052
75 768.9286 271.06476 769.004 271.14026
76 768.7803 270.9241 768.92004 271.0655
77 768.7317 270.85574 768.872 270.9965
78 768.5496 270.64667 768.7254 270.82047
79 768.60236 270.74103 768.72955 270.86404
80 768.5641 270.78824 768.7179 270.9409
81 768.65405 270.86316 768.78265 270.99695
82 768.70795 270.92838 768.8167 271.04163
83 768.7717 270.98193 768.85547 271.06693
84 768.53656 270.84647 768.6566 270.96353
85 769.70233 270.6449 769.78674 270.7302
86 769.30225 270.31152 769.4358 270.4422
87 769.35095 270.45398 769.4043 270.50842
88 769.1522 270.4908 769.2146 270.5531
89 769.2235 270.93256 769.33563 271.04346
90 768.94995 270.6628 769.0288 270.7433
91 768.92755 270.5859 769.0237 270.68192
92 769.2366 270.97946 769.42334 271.16284
93 769.0758 270.92502 769.24084 271.08893
94 768.9071 271.1499 769.20306 271.44537
95 768.8724 271.1065 769.0494 271.28467
96 768.87445 270.98718 769.16766 271.2817
97 768.71375 270.98224 768.7646 271.03265
98 768.64655 270.92303 768.7145 270.9909
99 768.70337 271.00647 768.8015 271.1032
100 768.3668 270.7296 768.52344 270.88696
101 768.538 270.7951 768.5979 270.85614
102 768.5847 270.78696 768.64844 270.85175
103 768.60034 270.63275 768.6706 270.70114
104 768.62354 270.5665 768.6831 270.6269
105 768.72784 270.6083 768.799 270.68137
106 768.85266 270.56012 768.90967 270.61935
107 768.9479 270.09155 769.0267 270.16925
108 768.9452 270.0365 769.0752 270.1671
109 769.10114 270.10223 769.1934 270.188
