0 757.4615 434.75293 757.5944 434.89545
1 757.3702 434.84024 757.5255 434.99127
2 757.35315 434.71426 757.50183 434.84924
3 757.3177 434.6635 757.43207 434.78076
4 757.2507 434.6928 757.3911 434.8469
5 757.2056 434.78503 757.3442 434.92743
6 757.16595 434.71753 757.29205 434.84314
7 757.0876 434.61884 757.2006 434.73834
8 757.04816 434.56897 757.13416 434.6571
9 756.91425 434.50687 757.06226 434.65253
10 756.8565 434.43475 757.004 434.5763
11 756.7883 434.36606 756.9313 434.5095
12 756.7062 434.37128 756.8344 434.49927
13 756.66345 434.29105 756.797 434.421
14 756.79346 434.28937 756.91364 434.40356
15 756.73126 434.23624 756.83655 434.34512
16 756.85834 434.23822 756.9715 434.34753
17 756.9254 434.1794 757.0349 434.29153
18 756.9672 434.11847 757.08356 434.24557
19 757.0273 434.0813 757.15295 434.20554
20 757.0098 434.15872 757.1831 434.31378
21 757.11316 434.1775 757.27795 434.33826
22 757.10065 434.2972 757.1713 434.37146
23 756.9549 434.2781 757.0572 434.38187
24 756.8945 434.32077 756.9994 434.43292
25 756.9527 434.395 757.058 434.50046
26 756.98914 434.31277 757.1307 434.46027
27 757.09076 434.31534 757.23883 434.4572
28 757.2618 434.2874 757.3732 434.4132
29 757.17596 434.33575 757.32666 434.49777
30 757.17 434.43497 757.26245 434.5322
31 757.0427 434.44012 757.1943 434.59958
32 756.9805 434.4406 757.11957 434.5787
33 757.138 434.5582 757.26953 434.67828
34 757.1628 434.62064 757.31287 434.7614
35 757.2082 434.4953 757.3343 434.60992
36 757.23914 434.5437 757.3792 434.68088
37 757.3116 434.46967 757.4377 434.60898
38 757.3784 434.62436 757.48315 434.7284
39 757.3483 434.6389 757.41766 434.70636
40 757.2356 434.91684 757.34595 435.02716
41 757.2203 434.9853 757.3017 435.07077
42 757.1441 435.0424 757.2489 435.14456
43 757.0656 434.9062 757.2145 435.06107
44 757.1473 434.8508 757.2789 434.991
45 757.08 434.71286 757.2081 434.83737
46 757.0493 434.7649 757.15076 434.87228
47 756.9718 434.81155 757.09515 434.93893
48 757.14636 434.79623 757.23474 434.88654
49 757.05835 434.8432 757.1832 434.9628
50 756.9991 434.99655 757.14136 435.1388
51 756.8478 435.07245 756.9858 435.20352
52 756.9375 434.9913 757.05457 435.10406
53 756.9974 434.9149 757.10913 435.0302
54 756.9352 434.90582 757.03796 435.0091
55 756.8469 434.94583 756.982 435.08426
56 756.812 435.16312 756.9243 435.27158
57 756.71045 435.05945 756.85724 435.20813
58 756.79047 434.98843 756.92126 435.124
59 756.71216 434.9648 756.8272 435.08777
60 756.96234 434.715 757.08594 434.8395
61 757.0362 434.67468 757.13727 434.77426
62 756.96783 434.61246 757.08136 434.7269
63 756.8775 434.6757 757.01447 434.80954
64 756.8908 434.79193 757.02527 434.9247
65 756.841 434.84714 756.97363 434.9735
66 756.7951 434.91003 756.9141 435.02625
67 756.6835 434.8546 756.8289 435.0037
68 756.58215 434.80103 756.74426 434.96362
69 756.69086 434.74158 756.81616 434.86972
70 756.7412 434.67648 756.86383 434.80652
71 756.7793 434.6089 756.933 434.75894
72 756.89026 434.58466 756.9996 434.6933
73 756.83563 434.74362 756.9493 434.8597
74 756.74536 434.80795 756.8835 434.94058
75 756.84973 434.51578 756.9451 434.6155
76 756.7287 434.51877 756.8875 434.6874
77 756.60803 434.62875 756.79065 434.7972
78 756.6189 434.6104 756.7621 434.72705
79 756.5438 434.5675 756.6897 434.69708
80 756.43176 434.47443 756.63245 434.6512
81 756.6917 434.43896 756.823 434.57483
82 756.65875 434.4995 756.7586 434.60672
83 756.48914 434.36194 756.61755 434.49802
84 756.3211 434.43155 756.48376 434.60165
85 756.415 434.40076 756.54474 434.5327
86 757.35425 434.90778 757.4224 434.97638
87 757.2698 434.91605 757.4113 435.0609
88 757.2305 435.01517 757.34375 435.11996
89 757.021 435.08344 757.16754 435.22137
90 756.93646 435.10565 757.08185 435.2539
91 757.32886 434.39716 757.4579 434.5499
92 756.83704 434.5151 756.897 434.57288
93 757.21625 434.29282 757.2949 434.37823
94 757.0481 433.98413 757.2152 434.1754
95 757.2222 434.11917 757.27545 434.17987
96 756.9628 434.2821 757.0182 434.33267
97 756.63684 434.41107 756.7321 434.51187
98 756.83844 434.15298 756.9632 434.27628
99 756.77875 434.19748 756.8928 434.30774
100 756.5125 434.29703 756.69745 434.47787
101 756.5347 434.70688 756.6529 434.81766
102 756.57404 434.7709 756.6804 434.87057
103 756.47034 434.79474 756.6354 434.95978
104 756.5979 435.0114 756.7796 435.2082
105 756.8504 435.16647 756.9975 435.3112
