0 763.57825 234.69125 763.7807 234.89915
1 763.80035 234.80931 763.94543 234.95685
2 763.6807 234.82915 763.79865 234.94461
3 764.1157 235.04547 764.27 235.20227
4 764.23376 235.09695 764.369 235.23218
5 764.16504 235.20045 764.3178 235.35506
6 764.04254 235.13426 764.20764 235.30345
7 764.0132 235.10652 764.10834 235.20026
8 763.8646 235.0571 763.99854 235.19824
9 763.71375 234.96579 763.83563 235.08928
10 763.5892 234.90378 763.74286 235.05841
11 764.0424 235.30214 764.24115 235.50162
12 764.01917 235.42789 764.19586 235.60493
13 764.01044 235.26031 764.1417 235.3929
14 763.95233 235.36603 764.11 235.526
15 763.9128 235.3345 764.0245 235.44513
16 763.8237 235.15805 764.056 235.3907
17 763.75366 235.10811 763.864 235.21901
18 763.66187 235.05223 763.7627 235.15337
19 763.5373 234.97847 763.6749 235.11028
20 763.7998 235.26665 763.9252 235.3913
21 763.72144 235.1864 763.8499 235.31079
22 763.5817 235.13876 763.7461 235.30415
23 763.5024 235.08092 763.6568 235.23775
24 763.4096 235.03902 763.5624 235.19922
25 763.28925 235.08832 763.4468 235.24106
26 763.463 235.2249 763.6383 235.40427
27 763.4695 235.17937 763.5609 235.26942
28 763.62866 235.29707 763.8087 235.4782
29 763.7361 235.35938 763.92017 235.54205
30 763.9942 235.64232 764.1161 235.77232
31 763.8737 235.56044 764.0391 235.72005
32 763.7603 235.46965 763.9373 235.64366
33 763.56274 235.35751 763.699 235.49345
34 763.4262 235.37683 763.6173 235.55801
35 763.54425 235.4696 763.715 235.65538
36 763.66394 235.50876 763.8036 235.65616
37 763.6977 235.57895 763.8591 235.7417
38 763.7685 235.64873 763.9455 235.83194
39 763.90234 235.6989 764.039 235.83629
40 764.32654 235.1512 764.4514 235.28563
41 764.0196 234.93486 764.15265 235.0695
42 763.9865 234.89275 764.0826 234.9883
43 763.8829 235.0509 763.9162 235.08514
44 763.8197 234.91624 763.897 234.99458
45 763.9997 234.99245 764.07733 235.07133
46 763.9605 234.9454 764.03644 235.02042
47 763.7102 235.62141 763.79474 235.70915
48 763.44196 235.26825 763.4966 235.32288
49 763.31244 235.08707 763.37115 235.14865
50 763.36896 234.91609 763.50397 235.0598
51 763.50433 234.8547 763.5701 234.91957
52 763.48816 234.78763 763.5761 234.88303
53 763.5473 234.871 763.62805 234.95409
54 763.5438 234.82909 763.5966 234.88365
55 763.61633 234.92752 763.6659 234.97989
