0 652.75824 626.24164 652.88354 626.37585
1 652.8002 626.1253 652.92926 626.25507
2 652.5199 626.1379 652.7176 626.3203
3 652.61505 626.13727 652.67914 626.20776
4 652.8564 625.9952 652.9458 626.1153
5 652.739 625.9876 652.8537 626.09015
6 652.6454 625.7943 652.8364 625.95984
7 652.81445 625.7971 652.8853 625.8692
8 652.7146 625.57544 652.85144 625.7321
9 652.6363 625.69824 652.74585 625.8065
10 652.65234 625.44977 652.7938 625.6053
11 652.5791 625.44653 652.68555 625.576
12 652.5136 625.57965 652.628 625.6935
13 652.6487 625.87024 652.71545 625.9408
14 652.45935 625.75024 652.6111 625.8982
15 652.28546 625.6994 652.4632 625.87964
16 652.2134 625.6089 652.4166 625.7802
17 652.2234 625.48315 652.38336 625.6374
18 652.1325 625.4409 652.252 625.5968
19 652.0427 625.64233 652.12244 625.7354
20 651.9367 625.7133 652.09357 625.8555
21 652.0996 625.5877 652.25195 625.74896
22 652.1816 625.7466 652.321 625.88403
23 652.0125 625.80194 652.2115 625.99774
24 651.9304 625.94836 652.0995 626.1263
25 652.0156 626.14606 652.12524 626.25494
26 651.9406 626.2421 652.0611 626.37415
27 652.0308 626.17175 652.2159 626.3676
28 652.1535 626.0159 652.34827 626.302
29 652.23346 626.0459 652.41656 626.17914
30 652.4475 626.1019 652.5517 626.2087
31 652.2291 625.8498 652.4741 626.0501
32 652.27856 625.9546 652.33905 626.0356
33 652.2177 626.04834 652.2909 626.1132
34 652.55707 625.9787 652.618 626.03503
35 651.92224 625.58514 652.0138 625.67535
36 652.19855 626.1741 652.25946 626.2471
37 651.9474 625.67535 652.03424 625.75006
38 652.8005 625.4514 652.9066 625.58875
39 652.12714 625.4174 652.382 625.53503
40 651.9261 625.81287 652.0362 625.983
41 652.8751 625.6284 652.9418 625.7435
42 652.80255 625.3964 652.9108 625.506
