0 225.32965 -122.116066 225.46497 -121.9859
1 225.42603 -122.04837 225.55946 -121.91909
2 225.60492 -121.876015 225.7414 -121.73597
3 225.49788 -121.84793 225.61351 -121.71745
4 225.42566 -121.91756 225.58737 -121.7511
5 225.34128 -121.97316 225.4854 -121.8223
6 225.25278 -122.027725 225.41393 -121.86163
7 225.19444 -121.88113 225.39746 -121.67395
8 225.31306 -121.814865 225.51215 -121.61481
9 225.46913 -121.71342 225.68015 -121.50042
10 225.39192 -121.60999 225.51134 -121.47868
11 225.44691 -121.53967 225.59245 -121.39116
12 225.29773 -121.684235 225.49039 -121.49158
13 225.14017 -121.653534 225.29811 -121.49439
14 225.2015 -121.57605 225.39754 -121.37111
15 225.31772 -121.53118 225.43567 -121.4067
16 225.39087 -121.47745 225.51152 -121.35936
17 225.31467 -121.40784 225.46967 -121.25126
18 225.23076 -121.47195 225.39264 -121.32134
19 225.12448 -121.54252 225.24763 -121.419556
20 225.01703 -121.4843 225.1646 -121.32307
21 225.0861 -121.41634 225.24889 -121.242676
22 225.17538 -121.351364 225.36551 -121.15709
23 225.10727 -121.244835 225.28484 -121.062904
24 225.24094 -121.20346 225.3499 -121.09489
25 224.993 -121.302605 225.17722 -121.10888
26 224.92085 -121.40063 225.10321 -121.2244
27 224.89557 -121.52724 225.10172 -121.316734
28 224.78453 -121.50549 224.93942 -121.340515
29 224.69666 -121.56787 224.83923 -121.42193
30 224.95049 -121.63252 225.11499 -121.464264
31 225.09486 -121.78245 225.26303 -121.60954
32 225.01535 -121.87098 225.18805 -121.69709
33 224.94986 -121.78133 225.15385 -121.5908
34 224.96066 -121.9102 225.04471 -121.82556
35 224.87015 -121.98317 224.96127 -121.89362
36 224.74643 -121.961914 224.88582 -121.82292
37 224.85382 -121.901474 224.93283 -121.82009
38 224.8088 -121.78718 224.91302 -121.67939
39 224.68959 -121.6979 224.81049 -121.57543
40 224.8573 -121.71444 225.05348 -121.51885
41 224.83092 -121.639946 224.89597 -121.5741
42 225.08504 -121.70884 225.17017 -121.62252
43 224.7487 -121.83915 224.84355 -121.74134
44 225.26749 -121.26553 225.41776 -121.10516
