0 -132.25589 326.59897 -132.0399 326.81564
1 -132.14436 326.64297 -131.88736 326.9016
2 -132.24443 326.47568 -131.98837 326.73053
3 -132.14645 326.42358 -131.93863 326.63052
4 -132.04153 326.5418 -131.90823 326.67535
5 -132.03767 326.25366 -131.78105 326.5109
6 -131.93362 326.32498 -131.7186 326.54178
7 -131.85156 326.4381 -131.60071 326.6897
8 -131.76773 326.33456 -131.5351 326.56665
9 -131.7767 326.16583 -131.55768 326.38513
10 -131.85297 325.9606 -131.62299 326.1907
11 -131.58517 326.27197 -131.28093 326.57574
12 -131.277 326.41006 -131.01524 326.6716
13 -131.26642 326.61688 -131.10133 326.78174
14 -131.4055 326.57495 -131.17651 326.80508
15 -131.53151 326.45016 -131.23997 326.7422
16 -131.51973 326.71652 -131.27007 326.9655
17 -131.68584 326.54642 -131.417 326.8149
18 -131.59273 326.8572 -131.36584 327.08282
19 -131.78343 326.71292 -131.59096 326.90506
20 -131.8831 326.64377 -131.74399 326.78275
21 -132.00856 326.64957 -131.77917 326.87924
22 -131.90498 326.74286 -131.70795 326.9408
23 -131.82378 326.80185 -131.6185 327.0085
24 -131.72858 326.88657 -131.48242 327.13348
25 -131.6392 326.97876 -131.45209 327.16684
26 -131.73938 327.09433 -131.57907 327.25455
27 -131.94373 326.9263 -131.73341 327.13547
28 -132.0654 326.81235 -131.86034 327.01736
29 -131.88611 326.14877 -131.72493 326.31003
30 -131.46567 326.3072 -131.36467 326.408
31 -132.12318 326.602 -132.0434 326.6815
32 -132.13255 326.20975 -131.94496 326.39832
33 -131.35327 326.67142 -131.15378 326.87256
34 -132.35696 326.52502 -132.14946 326.73328
35 -131.17087 326.51758 -131.00455 326.68494
36 -131.82065 327.13638 -131.66252 327.29404
37 -132.05148 326.13202 -131.9006 326.28372
38 -131.75931 325.94308 -131.57933 326.12234
