0 210.96957 -119.07675 211.12828 -118.90693
1 211.08406 -119.01799 211.19525 -118.90772
2 211.18669 -118.965965 211.33815 -118.81179
3 211.30547 -118.9622 211.45146 -118.80804
4 211.40044 -118.9169 211.56985 -118.74499
5 211.50256 -118.86686 211.65393 -118.706184
6 211.33788 -118.815094 211.52864 -118.63068
7 211.46281 -118.77978 211.5946 -118.64436
8 211.52493 -118.6988 211.68692 -118.52954
9 211.61528 -118.62882 211.78746 -118.44869
10 211.39406 -118.67297 211.60405 -118.46934
11 211.55525 -118.55962 211.62332 -118.48951
12 211.56352 -118.5197 211.65353 -118.43309
13 211.51593 -118.46889 211.64186 -118.34682
14 211.32506 -118.57247 211.47112 -118.42845
15 211.29228 -118.644325 211.36641 -118.570206
16 211.45944 -118.33345 211.6595 -118.13361
17 211.2942 -118.44181 211.50523 -118.23646
18 211.32878 -118.31009 211.5648 -118.0904
19 211.44211 -118.22531 211.57411 -118.09194
20 211.2578 -118.18575 211.47227 -117.96923
21 211.3549 -118.08759 211.53375 -117.894
22 211.17247 -118.40108 211.32028 -118.24873
23 211.18504 -118.54712 211.359 -118.38157
24 211.05968 -118.4841 211.2595 -118.28586
25 210.97928 -118.42291 211.08762 -118.310715
26 211.02553 -118.56049 211.10735 -118.47119
27 210.89322 -118.64624 211.13727 -118.414444
28 210.8547 -118.525475 211.09918 -118.2996
29 210.78815 -118.44773 210.94539 -118.29842
30 210.87802 -118.37912 211.03268 -118.224464
31 210.89537 -118.2346 211.08012 -118.045074
32 210.79117 -118.28643 210.95499 -118.11898
33 210.72034 -118.37766 210.85815 -118.24553
34 210.6159 -118.451225 210.78763 -118.274284
35 210.75331 -118.61387 210.89056 -118.48208
36 211.02531 -118.822075 211.15033 -118.6991
37 211.06302 -118.732956 211.1679 -118.631935
38 210.8771 -118.77353 211.07068 -118.57361
39 210.89091 -118.92119 210.98401 -118.829445
40 210.8421 -118.840385 210.92757 -118.75107
41 210.77246 -118.72699 210.93901 -118.558624
42 211.23344 -118.78292 211.34932 -118.667274
43 211.273 -118.85747 211.36292 -118.76619
44 211.16696 -118.88877 211.25755 -118.799995
45 211.13925 -118.83811 211.24481 -118.7396
46 211.03506 -118.92652 211.2136 -118.75458
47 211.06882 -119.146614 211.21799 -118.99563
48 211.15662 -119.07068 211.361 -118.87333
49 211.71706 -118.56451 211.85722 -118.41276
50 211.76257 -118.647705 211.84781 -118.55998
51 211.02737 -118.17936 211.12141 -118.08306
52 211.03589 -119.17287 211.08748 -119.11923
53 211.24753 -118.69104 211.34499 -118.5945
54 210.73697 -118.52522 210.80402 -118.456825
55 211.11794 -118.58386 211.21097 -118.4838
56 211.63963 -118.34972 211.71924 -118.270096
57 211.17479 -118.06262 211.28267 -117.94997
58 211.67142 -118.45077 211.79068 -118.34035
59 211.5092 -118.17666 211.61687 -118.06196
