0 384.82584 -127.688416 385.0696 -127.44045
1 384.9674 -127.58202 385.13763 -127.408844
2 384.7505 -127.58368 384.96432 -127.36372
3 384.8409 -127.476845 385.0122 -127.30759
4 384.65375 -127.47179 384.8657 -127.26483
5 384.78656 -127.40513 385.21725 -126.979294
6 385.04456 -127.217354 385.34085 -126.92119
7 385.17365 -127.06963 385.30457 -126.94021
8 385.00858 -127.11592 385.20193 -126.91366
9 385.02853 -126.94318 385.29312 -126.67683
10 384.95288 -126.86434 385.1791 -126.62403
11 384.85934 -126.75533 385.04993 -126.5634
12 384.65897 -126.84379 384.9861 -126.51229
13 384.4703 -126.78579 384.72958 -126.52908
14 384.60944 -126.690575 384.73755 -126.56772
15 384.60617 -126.59081 384.86307 -126.34107
16 384.32535 -126.966255 384.6615 -126.613846
17 384.5167 -127.00762 384.77826 -126.73266
18 384.6937 -127.01214 384.96558 -126.737274
19 384.83023 -127.12876 385.03125 -126.9314
20 384.8644 -127.2967 384.98755 -127.1707
21 384.6917 -127.20683 384.9034 -127.000534
22 384.5973 -127.34024 384.89795 -127.052155
23 384.5152 -127.55322 384.7674 -127.304405
24 384.3382 -127.38407 384.5864 -127.139656
25 384.4324 -127.27854 384.74152 -126.97375
26 384.32715 -127.27569 384.4934 -127.10878
27 384.30536 -127.16427 384.57077 -126.90061
28 384.23782 -127.17327 384.40735 -127.00036
29 384.87903 -127.01391 385.09232 -126.80547
30 384.5847 -127.115555 384.7901 -126.912315
31 384.8013 -126.701675 384.92148 -126.579315
32 384.11163 -127.25978 384.3349 -127.041756
