0 413.3272 -122.56387 413.49387 -122.398415
1 413.19104 -122.496315 413.32053 -122.3647
2 413.26923 -122.46362 413.41574 -122.324135
3 413.22943 -122.33903 413.41006 -122.147064
4 413.32007 -122.397156 413.50458 -122.212654
5 413.42746 -122.482025 413.5703 -122.340744
6 413.52344 -122.54993 413.6707 -122.40386
7 413.60953 -122.471985 413.74576 -122.33695
8 413.48807 -122.408165 413.66647 -122.23505
9 413.29102 -122.255936 413.4971 -122.05803
10 413.4541 -122.228264 413.68082 -122.0076
11 413.35098 -122.13112 413.55463 -121.931595
12 413.28967 -122.06594 413.4266 -121.93076
13 413.16144 -121.95275 413.3199 -121.79392
14 413.06525 -121.850365 413.18423 -121.729454
15 413.28033 -121.81321 413.348 -121.744385
16 413.38324 -121.88726 413.4622 -121.8085
17 413.3803 -121.81474 413.53195 -121.66838
18 413.29114 -121.733315 413.4345 -121.5917
19 413.1852 -121.517105 413.37183 -121.33381
20 413.3082 -121.59742 413.45538 -121.44204
21 413.62296 -121.712654 413.69037 -121.648155
22 413.65958 -121.78379 413.784 -121.65547
23 413.7309 -121.84693 413.87943 -121.69294
24 413.8177 -121.88969 413.92422 -121.78042
25 413.81696 -122.03974 413.97473 -121.88392
26 413.78134 -122.13455 413.91833 -122.00126
27 413.5593 -121.98508 413.71463 -121.83694
28 413.52777 -122.08948 413.74045 -121.88793
29 413.6153 -122.20528 413.83975 -121.98607
30 413.63824 -122.58553 413.69916 -122.51723
31 413.46832 -122.33081 413.5834 -122.20888
32 413.09894 -121.60066 413.3211 -121.37264
33 413.72314 -122.06231 413.84155 -121.936295
34 413.51108 -122.59758 413.56598 -122.540924
35 413.1883 -122.24173 413.30057 -122.133545
36 413.07364 -122.11108 413.14838 -122.036354
37 413.24582 -122.055084 413.32553 -121.97615
38 413.07822 -121.97386 413.16208 -121.88159
39 413.47137 -121.87657 413.5462 -121.79921
40 413.2373 -121.71033 413.3304 -121.61528
41 413.3258 -121.8426 413.38022 -121.78627
42 413.18228 -122.03147 413.25067 -121.96055
43 413.23032 -122.067986 413.2765 -122.01829
44 413.12256 -122.07881 413.23557 -121.969505
45 412.82343 -122.28114 413.03214 -122.07477
46 412.71555 -122.18705 412.96582 -121.92818
47 413.92117 -121.99972 414.06723 -121.851524
