0 -130.93077 284.3716 -130.83463 284.46814
1 -130.92894 284.19394 -130.77301 284.34628
2 -130.83005 284.22906 -130.6839 284.37335
3 -130.88011 284.3244 -130.78514 284.42114
4 -130.76534 284.14294 -130.65991 284.2471
5 -130.70703 284.04013 -130.59483 284.1535
6 -130.61847 284.04413 -130.46672 284.19595
7 -130.49893 283.92166 -130.32558 284.09604
8 -130.45757 283.88345 -130.40698 283.9353
9 -130.42365 283.7861 -130.29645 283.9164
10 -130.34267 283.73056 -130.23453 283.8395
11 -130.26367 283.78723 -130.14374 283.9079
12 -130.29376 283.84494 -130.01175 284.12778
13 -129.9732 284.28375 -129.79579 284.4616
14 -130.12653 284.3976 -129.90717 284.6209
15 -130.21284 284.50928 -130.10556 284.61722
16 -130.27066 284.70215 -130.1213 284.85168
17 -130.43672 284.82632 -130.28699 284.97546
18 -130.55669 284.57504 -130.41418 284.71732
19 -130.57567 284.53482 -130.48846 284.6215
20 -130.75319 284.5215 -130.65685 284.61972
21 -130.6174 284.7998 -130.56543 284.85214
22 -130.48184 284.64282 -130.37413 284.75128
23 -130.38853 284.6062 -130.25836 284.7392
24 -130.38148 284.54147 -130.26697 284.65628
25 -130.41495 284.38577 -130.2048 284.59296
26 -130.5512 284.29333 -130.26888 284.5759
27 -130.65234 284.40045 -130.46664 284.58884
28 -130.49605 284.23108 -130.3323 284.3963
29 -130.45128 284.12167 -130.3377 284.23553
30 -130.35478 284.147 -130.18454 284.31793
31 -130.29346 284.2448 -130.07072 284.46854
32 -130.19337 284.1466 -129.98663 284.3553
33 -130.63289 283.83368 -130.51894 283.94623
34 -130.28697 284.6066 -130.19337 284.7019
35 -129.90712 284.23776 -129.82962 284.31534
36 -130.26814 284.42688 -130.15302 284.54016
37 -130.712 284.557 -130.55658 284.70892
38 -130.03545 284.03116 -129.82921 284.23846
39 -129.94148 284.13474 -129.787 284.2904
40 -130.16896 283.86642 -130.02426 284.014
