0 558.8568 703.98663 559.018 704.11993
1 558.80994 703.8574 558.93994 703.98596
2 558.6912 703.92285 558.80585 704.02997
3 558.71423 703.824 558.83624 703.94696
4 558.4677 703.80524 558.6161 703.9651
5 558.40936 703.9254 558.5441 704.0692
6 558.2845 703.8672 558.43787 704.0325
7 558.1683 703.84796 558.3119 703.99805
8 558.0859 703.82025 558.2081 703.955
9 558.1297 703.7274 558.297 703.8843
10 558.3881 703.8306 558.4993 703.93634
11 558.4336 703.72046 558.54456 703.8513
12 558.2814 703.6527 558.4453 703.8346
13 558.2306 703.6576 558.337 703.78986
14 558.52594 703.7414 558.708 703.89557
15 558.5812 703.6503 558.7462 703.803
16 558.50464 703.63824 558.62976 703.7798
17 558.5433 703.5655 558.66205 703.6773
18 558.4034 703.54 558.5602 703.7122
19 558.3096 703.5738 558.44415 703.7034
20 558.2026 703.5454 558.33875 703.67413
21 558.1316 703.5244 558.2443 703.64703
22 558.24445 703.3559 558.4602 703.5677
23 558.12805 703.3006 558.32074 703.5346
24 558.64923 703.5268 558.8674 703.74335
25 558.847 703.6071 559.0192 703.76636
26 558.7781 703.7201 558.9663 703.88245
27 558.9625 703.7517 559.09485 703.90045
28 558.9836 703.5439 559.1294 703.6872
29 558.79956 703.35315 559.0283 703.54456
30 558.84033 703.50024 558.93195 703.6008
31 558.6959 703.43823 558.8393 703.58154
32 558.7542 703.3744 558.8727 703.4929
33 558.56067 703.38257 558.72894 703.55133
34 558.6332 703.28217 558.7859 703.4368
35 558.51556 703.2333 558.6788 703.42236
36 558.42175 703.1985 558.5687 703.3918
37 558.3129 703.15784 558.47 703.34174
38 558.1445 703.2126 558.3493 703.388
39 558.31903 703.0595 558.4318 703.1957
40 558.3509 703.0022 558.57666 703.2175
41 558.5482 703.115 558.7456 703.2955
42 558.7296 703.0968 558.8815 703.274
43 558.8588 703.1826 558.99286 703.3072
44 558.81824 703.25745 558.9362 703.3973
45 558.84265 703.2801 559.0269 703.4384
46 558.9614 703.21814 559.0945 703.3412
47 559.0409 703.2227 559.20605 703.40985
48 558.91626 703.889 559.0606 704.0264
49 558.60645 703.8023 558.73193 703.9506
50 558.6878 703.601 558.7721 703.6833
51 558.4318 703.40326 558.5131 703.4941
52 558.6857 703.994 558.816 704.1392
53 558.7733 704.0323 558.9073 704.1673
54 558.50446 703.94885 558.6488 704.0991
55 558.22815 702.98676 558.362 703.1475
