0 -113.689926 191.57452 -113.50656 191.76004
1 -113.79785 191.59904 -113.59506 191.8013
2 -113.71983 191.70721 -113.56127 191.85696
3 -113.71678 191.83408 -113.479805 192.07266
4 -113.546646 191.72324 -113.25126 191.99564
5 -113.524475 191.55185 -113.1998 191.87813
6 -113.4798 191.42038 -113.21706 191.6775
7 -113.336075 191.38896 -113.149155 191.58177
8 -113.19999 191.33508 -112.97548 191.56895
9 -113.134315 191.23854 -112.93993 191.43292
10 -113.37368 191.57732 -113.233444 191.71916
11 -113.246864 191.53365 -113.02147 191.7775
12 -113.09101 191.44884 -112.842285 191.68019
13 -113.05129 191.57954 -112.81702 191.79189
14 -113.30334 191.66454 -113.029564 191.92148
15 -113.33923 191.83325 -113.11649 192.05171
16 -113.48896 191.90245 -113.25854 192.12137
17 -113.220024 191.83897 -113.09629 191.9702
18 -113.10568 191.76213 -112.847336 192.04535
19 -112.96805 191.71982 -112.75703 191.9319
20 -112.8512 191.69286 -112.68232 191.87296
21 -112.89817 191.81372 -112.61696 192.06232
22 -113.144646 191.90619 -112.90344 192.13963
23 -113.30491 191.97247 -113.03796 192.229
24 -113.11669 192.02641 -112.82324 192.28537
25 -112.76085 191.92188 -112.48437 192.20503
26 -113.210785 192.17409 -112.93978 192.45097
27 -113.325806 192.22557 -113.082794 192.46083
28 -113.441956 192.28845 -113.20542 192.53381
29 -113.54284 192.11227 -113.225464 192.454
30 -113.378845 192.08862 -113.104 192.36346
31 -112.8944 192.00826 -112.71006 192.18645
32 -113.67053 191.47362 -113.497925 191.61655
33 -113.824394 191.75714 -113.65813 191.93625
34 -112.99221 192.07993 -112.717674 192.31169
35 -113.866135 191.61111 -113.66652 191.80298
