0 251.15175 766.9731 251.3243 767.1453
1 251.35606 766.96155 251.5072 767.10767
2 251.26308 766.954 251.35551 767.04987
3 251.31285 766.8008 251.5034 766.99695
4 251.51923 766.91895 251.595 766.99414
5 251.41653 766.7343 251.59862 766.91754
6 251.57568 766.8141 251.7037 766.94324
7 251.6599 766.7374 251.80548 766.8834
8 251.71843 766.676 251.84679 766.8104
9 251.7538 766.3759 251.98737 766.611
10 251.52234 766.6732 251.68208 766.8331
11 251.43407 766.62177 251.55057 766.7383
12 251.70464 766.4452 251.77707 766.51715
13 251.69662 766.2958 251.84482 766.4392
14 251.55066 766.4073 251.66525 766.52185
15 251.42847 766.4044 251.60706 766.5809
16 251.31052 766.46747 251.49875 766.6557
17 251.362 766.671 251.4963 766.8098
18 251.27463 766.7028 251.43414 766.8695
19 251.20706 766.79034 251.35179 766.93823
20 251.14088 766.8683 251.26082 766.9888
21 251.05737 766.7585 251.18184 766.8838
22 251.11781 766.58795 251.33841 766.80914
23 250.99658 766.61176 251.17192 766.7831
24 251.25424 766.6084 251.3667 766.7224
25 251.60426 766.1212 251.78079 766.2969
26 251.39288 766.2632 251.59554 766.464
27 251.33873 766.4301 251.43686 766.5277
28 251.22096 766.44366 251.38142 766.59814
29 251.15826 766.6239 251.21306 766.68
30 251.01305 766.5804 251.08568 766.654
31 251.0399 766.48944 251.15442 766.607
32 251.25851 766.3343 251.36859 766.44135
33 250.87515 766.4668 251.00148 766.58655
34 250.93086 766.3556 251.08691 766.5182
35 250.84319 766.39435 250.95213 766.5053
36 250.94363 766.36755 251.01167 766.4346
37 251.00522 766.2748 251.1762 766.4524
38 251.12495 766.29846 251.21503 766.39014
39 251.13364 766.1081 251.33472 766.32263
40 251.25406 766.06256 251.42892 766.2438
41 251.19977 766.0148 251.33905 766.1559
42 251.11621 766.0689 251.25032 766.205
43 251.02077 766.0913 251.2102 766.28864
44 251.27351 765.9344 251.44974 766.1225
45 251.3602 765.924 251.48436 766.05707
46 251.42851 765.8989 251.60704 766.08105
47 251.52153 766.0575 251.62823 766.1661
48 251.35545 765.9911 251.62671 766.26776
49 250.94473 766.4856 251.07336 766.6095
50 251.48407 766.3442 251.84843 766.70105
51 251.71375 766.53625 251.7958 766.6173
52 250.82924 766.60724 250.96729 766.75616
53 251.04977 766.8351 251.24803 767.04034
