0 747.0233 469.0882 747.1311 469.1904
1 746.94904 469.14273 747.0264 469.2192
2 746.73303 469.17102 746.87146 469.32996
3 746.81665 469.13602 746.9537 469.2731
4 746.7321 469.11398 746.8288 469.21405
5 746.78906 469.05176 746.9146 469.17633
6 746.8843 468.94684 747.0798 469.13052
7 746.8529 468.83807 747.0387 469.00925
8 746.7158 468.32968 746.8388 468.4692
9 746.7177 468.51727 746.85986 468.6821
10 746.5884 468.51346 746.7663 468.72095
11 746.61755 468.32294 746.7119 468.4173
12 746.5575 468.35468 746.6517 468.4554
13 746.4618 468.3746 746.5877 468.50955
14 746.52545 468.40982 746.6855 468.56674
15 746.5422 468.60852 746.6992 468.78705
16 746.4338 468.6544 746.6 468.83545
17 746.26544 468.66525 746.4839 468.907
18 746.48236 468.84573 746.6206 468.97186
19 746.6111 468.73914 746.7765 468.9102
20 746.70917 468.67593 746.87036 468.84674
21 746.5336 468.83762 746.7584 469.06494
22 746.5522 468.9821 746.64166 469.07596
23 746.5866 468.98914 746.7527 469.15863
24 746.40826 468.9604 746.62836 469.20752
25 746.3617 469.09143 746.5238 469.2604
26 746.60266 469.1334 746.7542 469.2871
27 746.5807 469.25757 746.7617 469.4246
28 746.48395 469.1832 746.6577 469.36194
29 746.3977 469.20728 746.55414 469.38644
30 746.27106 469.2282 746.4607 469.45242
31 746.26263 469.44513 746.4088 469.58292
32 746.38837 469.3722 746.56287 469.52084
33 746.2354 469.3438 746.36957 469.48825
34 746.1283 469.2094 746.3557 469.40567
35 746.0802 469.12878 746.2319 469.2895
36 746.1345 469.05472 746.3432 469.24658
37 746.38007 469.08347 746.45575 469.15912
38 746.15295 468.8913 746.3785 469.11618
39 746.1066 469.021 746.24725 469.1492
40 746.12604 468.88943 746.2655 469.0153
41 746.09924 468.94135 746.187 469.03345
42 745.91473 468.81558 746.11017 469.00104
43 745.9679 468.75845 746.09406 468.88333
44 746.0921 468.75745 746.1462 468.81116
45 746.055 468.58694 746.1986 468.74332
46 746.2102 468.53522 746.3457 468.67294
47 746.3547 468.62616 746.43036 468.70093
48 746.4329 468.531 746.51154 468.6081
49 746.3125 468.86105 746.4059 468.96002
50 746.20233 468.77835 746.31665 468.8902
51 746.8007 468.6682 746.99146 468.87173
