0 31.420424 -28.267927 31.6031 -28.080435
1 31.237215 -28.232822 31.428305 -28.082048
2 31.216246 -28.084686 31.396847 -27.88423
3 31.36491 -28.050884 31.494188 -27.913784
4 31.504166 -28.013044 31.669783 -27.867285
5 31.453495 -28.157742 31.634691 -27.936832
6 31.60627 -28.142653 31.798912 -27.90488
7 31.700628 -28.219505 31.851929 -28.057976
8 31.854664 -28.163345 31.995075 -28.012703
9 31.776127 -28.067236 31.977888 -27.872696
10 31.893028 -27.94298 32.130722 -27.687838
11 32.048687 -27.894463 32.194565 -27.706463
12 31.935532 -27.753094 32.163223 -27.56271
13 31.928663 -27.617104 32.05628 -27.469631
14 31.757118 -27.684898 31.978539 -27.399696
15 31.928587 -27.480755 32.10704 -27.317345
16 31.789454 -27.506737 31.936634 -27.375202
17 31.638493 -27.560524 31.817558 -27.369423
18 31.684374 -27.422173 31.797455 -27.296457
19 31.666397 -27.707106 31.779228 -27.584045
20 31.531872 -27.71458 31.719084 -27.49969
21 31.517628 -27.58759 31.62613 -27.482698
22 31.34257 -27.644098 31.541933 -27.489262
23 31.24259 -27.56241 31.408073 -27.375868
24 31.382013 -27.52648 31.541342 -27.36354
25 31.38706 -27.766148 31.553963 -27.613688
26 31.194817 -27.79467 31.391998 -27.620956
27 31.209503 -27.927362 31.383831 -27.772892
28 31.341122 -27.896326 31.502932 -27.706837
29 31.48843 -27.874193 31.71921 -27.678915
30 31.687223 -27.8319 31.869312 -27.685915
31 31.661308 -27.971987 31.875456 -27.79274
32 32.012974 -28.210941 32.26343 -27.988163
33 31.918346 -28.278812 31.98238 -28.199133
34 31.946754 -28.11514 32.034496 -28.03522
35 31.29241 -27.7345 31.435013 -27.623789
36 32.08911 -28.110493 32.166733 -28.026253
37 31.253395 -28.313597 31.465141 -28.152996
38 31.946505 -27.37301 32.145298 -27.252443
39 31.208235 -27.435703 31.398628 -27.320526
