0 -62.027763 77.766235 -61.818325 77.95649
1 -62.035637 77.92773 -61.909832 78.05908
2 -61.93677 77.89388 -61.813274 78.02596
3 -61.990345 78.045494 -61.903046 78.13734
4 -61.833122 78.22054 -61.72753 78.31957
5 -61.736305 78.21314 -61.61102 78.33388
6 -61.64743 78.4541 -61.536186 78.56181
7 -61.730053 78.45422 -61.639412 78.555466
8 -61.77276 78.35493 -61.67758 78.44606
9 -61.88863 78.354576 -61.76931 78.495605
10 -61.898598 77.70908 -61.82261 77.77801
11 -61.852386 77.7975 -61.720016 77.96371
12 -61.758793 77.76845 -61.639336 77.904564
13 -61.725517 77.684425 -61.624187 77.78373
14 -61.62099 77.65288 -61.46393 77.80792
15 -61.592365 77.74488 -61.456146 77.87857
16 -61.49529 77.74932 -61.384155 77.87864
17 -61.413486 77.554474 -61.20587 77.73381
18 -61.27926 77.60895 -61.153267 77.763214
19 -61.198605 77.56052 -61.10413 77.66509
20 -61.404194 77.65159 -61.22148 77.76108
21 -61.340824 77.709114 -61.117966 77.887535
22 -61.432537 77.82007 -61.255024 77.97536
23 -61.57364 77.967285 -61.50336 78.035545
24 -61.601032 78.067696 -61.532795 78.12685
25 -61.220978 77.821434 -61.1193 77.914024
26 -61.241398 78.00146 -61.057827 78.19209
27 -61.364464 77.90595 -61.165283 78.10009
28 -61.437748 78.03246 -61.263878 78.2129
29 -61.582973 78.18643 -61.447517 78.34158
30 -61.48174 78.16455 -61.34663 78.32642
31 -61.37711 78.18384 -61.23541 78.355835
32 -61.280056 78.17162 -61.152073 78.307175
33 -61.271873 78.25389 -61.173813 78.34135
34 -61.115463 78.14412 -60.913143 78.35503
35 -61.13103 78.27397 -60.95421 78.448265
36 -61.556168 78.43534 -61.43774 78.56134
37 -61.66894 77.8497 -61.58801 77.93517
38 -61.793613 77.98006 -61.433884 78.33929
39 -61.504566 78.07021 -61.42588 78.153946
40 -61.560673 77.9176 -61.52636 77.95494
41 -61.78761 78.295845 -61.72846 78.36409
42 -61.883533 78.482445 -61.82576 78.54729
43 -61.924316 78.45873 -61.877934 78.49754
44 -61.44909 78.395355 -61.295 78.54541
45 -61.10524 77.98998 -61.000813 78.08381
46 -61.11414 77.91847 -61.021034 78.02521
47 -61.128708 77.85063 -61.04171 77.93561
48 -61.897507 78.27598 -61.80369 78.37484
49 -61.657936 78.37294 -61.570084 78.4507
50 -61.9739 78.27557 -61.85883 78.422455
51 -61.025818 78.29512 -60.934326 78.43054
52 -62.085358 77.63575 -61.94083 77.77068
53 -62.018925 78.13045 -61.929085 78.27229
