0 -29.881027 605.1696 -29.712963 605.31805
1 -30.01881 605.03217 -29.858992 605.2027
2 -29.902927 604.97253 -29.804068 605.0988
3 -29.795025 604.9632 -29.68163 605.09686
4 -29.995674 604.98267 -29.871063 605.0912
5 -30.108665 605.0501 -30.06047 605.1108
6 -30.20649 605.00696 -30.115784 605.1048
7 -30.315657 604.96796 -30.18921 605.0944
8 -30.40631 605.0829 -30.290964 605.197
9 -30.371235 605.2005 -30.280287 605.28784
10 -30.175589 605.18085 -30.067013 605.29297
11 -29.973764 605.30255 -29.875275 605.41235
12 -30.06931 605.3171 -29.956337 605.408
13 -30.06448 605.39246 -29.9473 605.4989
14 -30.164537 605.3985 -30.075962 605.4883
15 -30.249357 605.4195 -30.180115 605.4935
16 -30.195858 605.2995 -30.11603 605.3937
17 -30.287355 605.274 -30.167767 605.3912
18 -30.394571 605.2833 -30.310764 605.37787
19 -30.553013 605.0436 -30.402573 605.1672
20 -30.596094 604.9483 -30.462713 605.06555
21 -30.67067 605.0559 -30.562223 605.16675
22 -30.696676 605.16907 -30.59449 605.2701
23 -30.583057 605.17 -30.455788 605.2788
24 -30.512358 605.21344 -30.338665 605.3913
25 -30.640852 605.2469 -30.538725 605.3859
26 -30.59169 605.48267 -30.487118 605.5813
27 -30.685247 605.54486 -30.552023 605.6799
28 -30.63453 605.66406 -30.510836 605.7764
29 -30.754236 605.55444 -30.631245 605.7436
30 -30.48721 605.5045 -30.31437 605.71906
31 -30.344456 605.64087 -30.20866 605.8011
32 -30.223997 605.54395 -30.080244 605.70496
33 -30.111063 605.5837 -30.0092 605.6879
34 -29.957258 605.58093 -29.85281 605.6848
35 -30.090221 605.48175 -29.946619 605.6027
36 -30.390568 605.499 -30.2831 605.58746
37 -30.292702 605.5312 -30.232973 605.5892
38 -30.356468 605.3502 -30.205002 605.49036
39 -30.369284 605.5867 -30.288412 605.6717
40 -30.46548 605.2061 -30.38265 605.2782
41 -29.865885 605.3968 -29.759012 605.4858
42 -29.842428 605.6285 -29.75197 605.7303
43 -29.82932 605.5127 -29.742153 605.5951
44 -29.909803 605.4765 -29.810944 605.57056
45 -30.409641 605.00946 -30.344973 605.0837
46 -30.5019 604.8903 -30.421425 604.9779
47 -30.44077 604.9422 -30.370346 605.0085
48 -29.979324 605.7797 -29.90033 605.85284
49 -29.941456 605.7727 -29.899254 605.8197
50 -30.029848 605.72595 -29.936214 605.79456
51 -30.696724 604.9685 -30.602417 605.07587
52 -30.723234 605.242 -30.621336 605.3659
53 -30.171717 604.8821 -30.065323 604.99854
