0 665.0221 611.7825 665.18225 611.95355
1 664.8521 611.7616 665.0261 611.9484
2 664.90173 611.67896 665.0295 611.8018
3 664.8146 611.6805 664.8978 611.7759
4 665.01465 611.6647 665.1551 611.7893
5 665.56494 611.8186 665.6136 611.8715
6 665.38727 611.8073 665.47156 611.8843
7 665.4737 611.65063 665.5994 611.7727
8 665.4202 611.6779 665.5039 611.7714
9 665.2671 611.588 665.40656 611.76337
10 665.2431 611.6654 665.3192 611.76215
11 665.2676 611.58954 665.3559 611.659
12 665.32477 611.5294 665.46576 611.6528
13 665.3141 611.456 665.38525 611.53326
14 665.177 611.42084 665.2938 611.5395
15 664.9816 611.574 665.06915 611.6585
16 664.7805 611.464 664.94135 611.6437
17 664.8953 611.37476 665.04987 611.54144
18 665.07684 611.4375 665.16895 611.5364
19 665.3067 611.3265 665.3999 611.43066
20 665.1654 611.26556 665.3003 611.4115
21 665.04065 611.2587 665.17163 611.41156
22 664.8645 611.24194 665.02966 611.4016
23 664.9435 611.1259 665.0681 611.2749
24 664.90753 611.2004 664.9774 611.2861
25 664.94165 611.04297 665.04065 611.1529
26 665.16095 611.0384 665.2506 611.1548
27 665.3743 611.07996 665.4748 611.17676
28 665.2546 611.25037 665.3187 611.3066
29 665.362 611.1647 665.51324 611.308
30 664.83026 611.9343 664.91095 612.03876
31 664.6993 611.0656 664.7785 611.1607
32 664.71893 611.44446 664.8286 611.54803
33 664.84607 611.6616 664.97107 611.76715
34 664.66113 611.8989 664.75433 611.98785
35 664.61755 611.8513 664.7976 612.03143
36 664.6326 611.7451 664.76215 611.8958
37 664.9862 611.9354 665.10834 612.0387
38 664.7468 611.1589 664.8193 611.2434
39 664.6927 611.2643 664.8361 611.3779
40 664.60846 611.3516 664.7173 611.42145
41 664.7267 611.0143 664.909 611.18134
42 665.5445 611.5208 665.6433 611.67615
43 665.50415 611.5847 665.569 611.66473
44 664.8664 611.966 664.994 612.0559
