0 706.05066 555.1791 706.2337 555.3528
1 705.97974 555.27277 706.1379 555.43677
2 705.8566 555.2235 706.0161 555.3933
3 705.7683 555.26434 705.8952 555.3951
4 705.8205 555.12787 705.95123 555.25964
5 706.01276 555.1611 706.1052 555.2507
6 706.14545 555.1519 706.2201 555.223
7 705.95844 555.03796 706.0537 555.14154
8 705.79724 555.02277 705.94476 555.1634
9 705.91156 554.9059 706.03394 555.0332
10 705.8115 554.89844 705.90234 554.9912
11 705.84985 554.82983 705.9407 554.9178
12 705.79065 554.6294 705.99713 554.84717
13 705.8906 554.5409 706.0523 554.7045
14 706.0316 554.5623 706.1687 554.69745
15 706.039 554.68896 706.20856 554.84467
16 706.15594 554.89154 706.2398 554.9808
17 706.03375 554.90344 706.13245 555.0012
18 706.1766 554.8575 706.237 554.913
19 706.0375 554.4567 706.1559 554.58795
20 706.1243 554.41614 706.243 554.5657
21 705.81464 554.44525 705.96045 554.60626
22 705.95624 554.4581 706.05664 554.57275
23 705.771 554.6323 705.8517 554.7184
24 705.65485 554.597 705.77075 554.73303
25 705.53827 554.57715 705.67804 554.7611
26 705.5508 554.5794 705.6258 554.65735
27 705.53394 554.7765 705.6164 554.85504
28 705.4579 554.6084 705.5765 554.7604
29 705.41266 554.6814 705.4954 554.7661
30 705.2833 554.63104 705.407 554.77875
31 705.27454 554.74097 705.406 554.88806
32 705.3287 554.8501 705.4489 555.00366
33 705.38947 554.78705 705.5481 554.9908
34 705.5226 554.835 705.66797 554.9843
35 705.65204 554.8163 705.7969 554.9484
36 705.7238 554.92065 705.81213 555.0384
37 705.58 554.92645 705.72705 555.0676
38 705.36224 555.03784 705.5028 555.18713
39 705.4924 555.161 705.60986 555.28345
40 705.477 555.01306 705.6977 555.2039
41 705.5835 555.1491 705.7593 555.3083
42 705.6571 555.3161 705.7473 555.40625
43 705.649 555.3271 705.7997 555.4984
44 705.5387 555.3205 705.6833 555.5093
45 705.4129 555.3094 705.5679 555.51587
46 706.07245 555.27905 706.1211 555.3311
47 705.89484 555.25024 705.94696 555.3068
48 706.21545 555.1185 706.3147 555.21094
49 706.2783 555.1878 706.3587 555.2652
50 706.18933 555.3632 706.26495 555.43335
51 706.02423 555.0124 706.1198 555.11725
52 706.04846 555.1313 706.1008 555.18365
53 705.6498 554.715 705.7612 554.8201
54 705.5867 555.258 705.6827 555.3545
55 705.63245 554.4803 705.8214 554.63837
56 705.3449 554.6005 705.45807 554.7024
57 706.29553 555.285 706.387 555.3779
58 706.10834 555.0678 706.18365 555.1398
59 705.6167 554.8268 705.6706 554.88806
60 705.6593 554.8129 705.72577 554.8809
61 705.4762 555.17255 705.5442 555.2342
62 706.21704 554.86273 706.346 554.99225
63 706.22925 554.8029 706.33356 554.8984
64 706.21655 554.60016 706.2918 554.67395
65 706.36194 555.1984 706.448 555.3169
