0 156.90892 -101.9558 157.08737 -101.80181
1 156.95316 -102.02872 157.05017 -101.93577
2 157.14575 -101.9345 157.26808 -101.81761
3 157.07864 -101.95687 157.16585 -101.867294
4 157.12988 -101.84239 157.26256 -101.71651
5 157.2176 -101.88594 157.32428 -101.7701
6 157.27405 -101.85807 157.37096 -101.73773
7 157.32672 -101.822655 157.44743 -101.67952
8 157.41304 -101.79378 157.50679 -101.69492
9 157.34526 -101.74556 157.46779 -101.627106
10 157.54803 -101.799934 157.64853 -101.681435
11 157.64493 -101.74931 157.82004 -101.58406
12 157.68506 -101.602715 157.81575 -101.462524
13 157.57936 -101.59107 157.66052 -101.50074
14 157.19354 -101.70259 157.26854 -101.61841
15 157.24977 -101.690094 157.4207 -101.50218
16 156.91858 -101.8209 157.11539 -101.62986
17 156.88829 -101.75081 157.02882 -101.62046
18 156.83345 -101.72005 156.91078 -101.6461
19 156.95348 -101.62513 157.12706 -101.44339
20 157.05908 -101.58288 157.19601 -101.44189
21 157.14832 -101.5293 157.31137 -101.37134
22 157.23865 -101.568085 157.42241 -101.392136
23 157.35037 -101.51619 157.49994 -101.35441
24 157.45421 -101.57018 157.5529 -101.47012
25 157.60698 -101.484505 157.79417 -101.29968
26 157.20941 -101.400635 157.34254 -101.26376
27 157.2942 -101.36407 157.42842 -101.224754
28 157.0908 -101.29585 157.2785 -101.087776
29 157.2056 -101.25361 157.32063 -101.11887
30 157.26979 -101.213615 157.4116 -101.04497
31 157.3418 -101.16443 157.4644 -101.01703
32 157.36649 -101.06612 157.48557 -100.95213
33 157.41374 -101.107574 157.56105 -100.9409
34 157.48523 -101.25125 157.58276 -101.13946
35 157.40782 -101.295044 157.54393 -101.155876
36 157.00476 -101.49172 157.15448 -101.349464
37 157.10387 -101.44854 157.22984 -101.325615
38 157.02159 -101.36253 157.17213 -101.21404
39 156.91 -101.40933 157.06769 -101.24248
40 156.94879 -101.214424 157.11024 -101.06453
41 157.02028 -101.28202 157.08353 -101.21334
42 156.85316 -101.15657 156.96663 -101.04312
43 157.1209 -101.1421 157.22897 -101.01975
44 157.26788 -101.1277 157.35136 -101.0432
45 157.25105 -101.025734 157.43454 -100.850395
46 156.84248 -101.30025 156.92421 -101.21751
47 156.68729 -101.4175 156.88115 -101.24199
48 156.77238 -101.50686 156.93425 -101.36266
49 156.84973 -101.57553 157.0471 -101.38767
50 157.18803 -102.00393 157.27321 -101.92113
51 157.0762 -102.04328 157.17741 -101.943085
52 157.1039 -101.721146 157.1915 -101.62845
53 156.73009 -101.21492 156.91557 -101.019585
54 157.02676 -101.99731 157.1028 -101.92296
55 157.50404 -101.66318 157.6518 -101.51543
56 157.45944 -101.48445 157.53922 -101.40503
57 157.58711 -101.39083 157.70076 -101.27582
58 156.63115 -101.249664 156.78896 -101.08471
59 156.60123 -101.358475 156.76837 -101.1747
60 157.00195 -101.07739 157.15941 -100.92878
61 157.11856 -101.031555 157.27644 -100.89304
62 157.5294 -101.21431 157.65735 -101.06258
63 157.35591 -101.91314 157.55391 -101.763725
64 157.49063 -101.85785 157.62401 -101.741455
