0 -128.26813 379.05594 -128.02509 379.29895
1 -128.40834 379.0194 -128.18489 379.23807
2 -128.25235 378.89948 -127.95216 379.19745
3 -128.40833 378.87213 -128.20786 379.07358
4 -128.24721 378.84973 -128.04604 379.04303
5 -128.3719 378.72598 -128.14754 378.9512
6 -128.24759 378.72296 -128.03023 378.93283
7 -128.14317 378.62238 -127.93407 378.83112
8 -128.04874 378.47192 -127.85882 378.65964
9 -128.02965 378.37347 -127.79394 378.5939
10 -127.62461 379.2008 -127.5058 379.3185
11 -127.44192 378.91998 -127.29464 379.06628
12 -127.65033 379.28598 -127.552635 379.3827
13 -128.47447 378.799 -128.23642 379.0489
14 -127.88932 379.42014 -127.7464 379.5585
15 -127.699524 378.80954 -127.58152 378.92703
16 -127.66945 378.90137 -127.62667 378.94464
17 -127.663734 378.9227 -127.47525 379.1128
18 -127.71977 378.91168 -127.63511 378.9934
19 -127.69829 379.06317 -127.61193 379.1451
20 -127.773094 378.93527 -127.65178 379.05228
21 -127.79164 379.39105 -127.69525 379.49
22 -127.82143 379.22162 -127.6835 379.35657
23 -127.5199 378.77713 -127.370575 378.9213
24 -128.35677 379.19522 -128.14777 379.3891
25 -128.1763 378.40262 -127.89306 378.6989
