0 487.94452 739.7387 488.12643 739.9227
1 487.84805 739.6876 488.0184 739.85864
2 487.80313 739.66846 487.9124 739.7798
3 487.64337 739.6731 487.82565 739.8697
4 487.53888 739.67706 487.6378 739.77954
5 487.49686 739.4579 487.67877 739.65594
6 487.6142 739.54425 487.7731 739.7154
7 487.45044 739.77374 487.55237 739.88544
8 487.35516 739.71576 487.48343 739.8528
9 487.30402 739.65393 487.42535 739.80396
10 487.19812 739.6242 487.32364 739.7665
11 487.1576 739.5651 487.2743 739.71014
12 487.28308 739.5948 487.39905 739.7195
13 487.41193 739.69965 487.4892 739.7738
14 487.3472 739.5199 487.50873 739.6832
15 487.9317 739.57996 488.13907 739.76385
16 487.2103 739.3037 487.42105 739.51306
17 488.04562 739.5102 488.24155 739.6942
18 488.07205 739.39 488.2812 739.5757
19 487.91776 739.4825 488.0487 739.6106
20 487.93637 739.3737 488.0924 739.51965
21 487.80997 739.44434 487.9012 739.5335
22 487.66824 739.37823 487.78012 739.4782
23 487.7951 739.3181 487.94476 739.4573
24 488.03336 739.30304 488.14075 739.4206
25 488.117 739.1412 488.32953 739.3699
26 488.007 739.1821 488.1578 739.3228
27 487.90274 739.192 488.06232 739.36945
28 487.85208 739.2285 487.9407 739.31854
29 487.7252 739.307 487.81308 739.3907
30 487.6224 739.2429 487.73758 739.34937
31 487.7162 739.1086 487.8772 739.27765
32 487.82727 739.0796 487.9857 739.231
33 487.6314 739.1026 487.76147 739.2369
34 487.4656 739.05426 487.57312 739.1639
35 487.49567 738.91205 487.62784 739.0407
36 487.27267 739.2439 487.42117 739.39655
37 487.82516 739.8657 488.06158 740.0766
38 488.10062 739.3525 488.192 739.44666
39 487.81107 739.00195 487.9117 739.1061
40 487.94104 739.63965 488.00897 739.7118
41 487.44464 739.72186 487.65588 739.9125
42 488.13937 739.09796 488.2831 739.21857
43 488.05695 739.0574 488.17194 739.1762
