0 715.7692 536.8912 715.87494 536.9987
1 715.6895 536.8202 715.76764 536.8951
2 715.7472 537.2863 715.8462 537.39075
3 715.711 537.18195 715.8197 537.2898
4 715.84656 537.2546 715.9281 537.3293
5 715.92035 537.2366 715.98676 537.30164
6 715.9258 537.2944 716.00464 537.376
7 715.96814 537.25464 716.08386 537.3663
8 716.1311 537.275 716.20197 537.34717
9 716.1007 537.29596 716.14105 537.34174
10 716.0664 537.34235 716.1772 537.44904
11 716.06525 537.3819 716.114 537.4366
12 715.93976 537.3573 716.0492 537.46124
13 716.0373 537.4359 716.1401 537.5332
14 716.1115 537.42084 716.20636 537.5252
15 716.09247 537.5124 716.1742 537.59595
16 716.02075 537.57306 716.12305 537.6808
17 715.8945 537.542 716.0227 537.6684
18 715.88226 537.6421 715.9916 537.7337
19 715.8615 537.4543 716.00934 537.58765
20 716.11847 537.2014 716.17633 537.2611
21 715.83777 537.6423 715.9207 537.738
22 715.7862 537.4775 715.8706 537.57825
23 715.8115 537.5724 715.8957 537.6561
24 715.59644 536.8385 715.6871 536.9387
25 715.9674 536.6569 716.068 536.75073
26 715.9262 536.744 716.2384 537.0635
27 715.7966 536.7125 716.03516 536.98236
28 715.89136 536.5629 716.21704 536.86646
29 716.148 536.5227 716.37695 536.72534
30 716.2433 536.5731 716.4548 536.80634
31 716.23236 536.5832 716.54535 536.9216
32 716.23334 536.90784 716.6051 537.257
33 716.39575 537.1766 716.70135 537.4795
34 716.36084 537.4269 716.53064 537.5712
35 716.0628 537.18933 716.30963 537.45337
36 715.6795 536.94934 715.9694 537.2184
37 715.84155 537.4599 715.92633 537.5578
38 715.87244 537.4307 715.9609 537.511
39 715.82074 537.39264 715.8849 537.4641
