0 -131.50174 318.3648 -131.3655 318.50104
1 -131.45065 318.33658 -131.37004 318.4172
2 -131.58015 318.48645 -131.41895 318.64767
3 -131.67766 318.61063 -131.51361 318.77466
4 -131.56212 318.61044 -131.42542 318.74716
5 -131.61089 318.69183 -131.51091 318.79172
6 -131.74611 318.99918 -131.67258 319.07272
7 -131.69736 318.9244 -131.5965 319.02533
8 -131.62788 318.84973 -131.49777 318.97983
9 -131.62103 318.7884 -131.53055 318.87894
10 -131.55374 318.72763 -131.4288 318.85254
11 -131.4991 318.686 -131.41237 318.77274
12 -131.45555 318.62955 -131.36507 318.7201
13 -131.38547 318.6821 -131.2884 318.77927
14 -131.4264 318.72418 -131.3166 318.83405
15 -131.46883 318.77527 -131.3208 318.9233
16 -131.56961 318.92056 -131.47437 319.01578
17 -131.61809 318.9824 -131.52336 319.07718
18 -131.65858 319.0419 -131.56526 319.13525
19 -131.99428 318.7223 -131.54266 319.1739
20 -131.35538 318.40875 -130.95384 318.8105
21 -131.72916 318.75064 -131.61084 318.86896
22 -131.81662 318.8028 -131.62573 318.99374
23 -131.80798 318.69974 -131.66753 318.84024
