0 -103.974655 162.5858 -103.859344 162.69946
1 -103.93915 162.63165 -103.75971 162.78815
2 -103.85317 162.61133 -103.77906 162.68839
3 -103.88431 162.72116 -103.69674 162.88809
4 -103.9529 162.84885 -103.8096 162.97871
5 -104.12105 162.89279 -103.9742 163.03769
6 -104.15732 163.01793 -104.0565 163.124
7 -104.08336 162.99747 -103.99253 163.08699
8 -104.04267 163.03877 -103.893585 163.17082
9 -104.01056 163.11812 -103.88387 163.23367
10 -103.99928 162.98198 -103.9081 163.07645
11 -103.882675 162.90591 -103.67349 163.0866
12 -103.81149 163.0027 -103.61793 163.17957
13 -103.83567 162.82033 -103.61267 163.03317
14 -103.72462 162.80106 -103.59174 162.94048
15 -103.77509 162.5311 -103.6224 162.6887
16 -103.641 162.49443 -103.39633 162.74925
17 -103.55657 162.52432 -103.472916 162.60864
18 -103.52406 162.57356 -103.3879 162.7035
19 -103.45005 162.41238 -103.270355 162.5757
20 -103.7966 162.66154 -103.6368 162.8315
21 -103.72292 162.64252 -103.61176 162.75237
22 -103.64444 162.67548 -103.42246 162.88402
23 -103.52605 162.688 -103.38053 162.84041
24 -103.41398 162.62073 -103.218895 162.80402
25 -103.603134 162.77095 -103.37415 162.96454
26 -103.43847 162.7755 -103.2613 162.95726
27 -103.34157 162.73901 -103.17736 162.9019
28 -103.28648 162.84105 -103.1278 163.00858
29 -103.38432 162.89638 -103.19653 163.08253
30 -103.508026 162.89067 -103.31802 163.08788
31 -103.64719 162.92213 -103.3917 163.17763
32 -103.55014 163.04704 -103.41215 163.1716
33 -103.46654 163.0063 -103.38468 163.08357
34 -103.20545 162.88335 -103.13394 162.95682
35 -103.22937 162.95345 -103.02068 163.16115
36 -103.33748 162.99715 -103.217834 163.1109
37 -103.172325 163.05846 -102.97629 163.23549
38 -103.095505 163.15195 -102.94315 163.2984
39 -103.29665 163.24074 -103.129745 163.38766
40 -103.33895 163.13783 -103.12281 163.33366
41 -103.402596 163.06207 -103.23782 163.23766
42 -103.49434 163.13844 -103.307816 163.34265
43 -103.59436 163.17068 -103.42553 163.36343
44 -103.65552 163.26743 -103.50739 163.40573
45 -103.73682 163.1403 -103.50436 163.35605
46 -103.90677 163.10298 -103.746666 163.24965
47 -103.60632 163.35785 -103.438156 163.5221
48 -103.71864 163.40538 -103.55783 163.57962
49 -103.79428 163.48596 -103.66523 163.62125
50 -103.6328 162.42966 -103.54181 162.52786
51 -103.96526 163.21156 -103.865 163.3279
52 -103.90429 163.23932 -103.48397 163.71632
53 -103.940414 163.049 -103.818924 163.16885
54 -104.18395 162.96338 -104.10477 163.0442
55 -104.034225 162.8896 -103.95733 162.97272
56 -103.37644 162.54485 -103.18525 162.76651
57 -103.50312 163.30446 -103.310005 163.5074
