0 746.3819 470.69308 746.49493 470.81207
1 746.16223 470.68814 746.3074 470.84616
2 746.0215 470.7994 746.1759 470.9507
3 745.9347 470.79184 746.0668 470.9381
4 746.0353 470.77936 746.12524 470.86276
5 745.91144 470.638 746.0785 470.8079
6 745.91254 470.72925 746.00543 470.8382
7 745.91406 470.84348 745.9891 470.91873
8 745.83887 470.74475 745.9395 470.8583
9 745.80054 470.8028 745.9052 470.92664
10 745.7559 470.8835 745.8617 471.00183
11 745.8066 470.9745 745.91943 471.0911
12 745.8674 470.91528 745.95374 470.99692
13 745.8963 470.9615 745.98846 471.0622
14 745.9406 470.9132 746.0435 471.02454
15 746.03326 470.92917 746.11597 471.01093
16 745.63947 470.81284 745.7429 470.92636
17 745.7123 470.92236 745.8035 471.0249
18 745.6752 470.75323 745.78326 470.86383
19 745.7492 470.83408 745.8255 470.9151
20 745.8302 470.64017 745.9494 470.75842
21 745.8154 470.70126 745.88464 470.77518
22 745.73267 470.59488 745.8534 470.72034
23 745.70166 470.68027 745.817 470.80313
24 745.6068 470.72745 745.6813 470.8085
25 745.6202 470.66873 745.73016 470.7872
26 745.64966 470.6074 745.7621 470.71725
27 745.50525 470.63144 745.6466 470.75235
28 746.386 470.39542 746.52905 470.54037
29 746.27295 470.44037 746.432 470.60318
30 746.2785 470.31683 746.4412 470.46692
31 746.23645 470.3235 746.33777 470.42487
32 746.27 470.23712 746.3993 470.36386
33 746.2073 470.39194 746.2961 470.4864
34 746.1253 470.40848 746.22876 470.5131
35 746.02325 470.41965 746.14685 470.55292
36 745.8945 470.43805 746.05426 470.60632
37 746.1323 470.28482 746.26624 470.41748
38 746.0422 470.29947 746.1762 470.4401
39 745.92834 470.34482 746.0785 470.4871
40 745.71735 470.3864 745.91394 470.5658
41 745.6784 470.36853 745.7764 470.48035
42 745.70703 470.31125 745.86 470.46326
43 745.6235 470.3866 745.68964 470.45026
44 745.5917 470.28326 745.72516 470.41293
45 745.4358 470.28296 745.5469 470.39407
46 745.5273 470.25677 745.62396 470.36188
47 745.5137 470.23535 745.5894 470.30728
48 745.5077 470.13843 745.6284 470.25693
49 745.55597 470.1998 745.67804 470.32312
50 745.6175 470.1462 745.7802 470.32657
51 745.5875 470.0805 745.7016 470.19583
52 745.70856 470.05627 745.77795 470.12283
53 745.64655 470.07678 745.7984 470.2227
54 745.7815 470.17123 745.8699 470.2571
55 745.7974 470.23087 745.8887 470.32272
56 745.8203 470.28592 745.9352 470.39417
57 745.8195 470.14078 745.95825 470.2892
58 745.8744 470.0818 745.9891 470.19647
59 745.8124 470.11273 745.903 470.20523
60 745.7635 470.01746 745.8874 470.14075
61 746.23914 470.19098 746.3393 470.29086
62 746.1088 470.14114 746.2463 470.29083
63 746.1417 470.25684 746.1994 470.31918
64 745.97205 470.25366 746.1193 470.38113
65 745.94836 470.1887 746.0745 470.30884
66 745.9732 470.09827 746.1018 470.21777
67 746.053 470.16263 746.15546 470.26547
68 746.1894 470.102 746.3025 470.2173
69 746.1992 469.96198 746.32196 470.0847
70 746.1458 469.88394 746.27484 470.00827
71 746.0733 469.9465 746.2038 470.07196
72 746.01697 470.01068 746.1253 470.11215
73 746.0612 470.04138 746.1939 470.17532
74 746.15765 470.0124 746.2623 470.12555
75 746.02893 469.86163 746.15466 469.98578
76 746.24316 470.03455 746.36993 470.17358
77 746.33246 470.1828 746.449 470.31882
78 746.43555 470.49197 746.5717 470.62433
79 746.3025 470.7474 746.4263 470.86548
80 745.788 469.95413 745.9523 470.10367
81 745.9294 470.26907 746.0063 470.3397
82 746.12274 470.49353 746.2148 470.58817
83 746.14026 470.72076 746.2046 470.7845
84 746.15906 470.832 746.2435 470.9146
85 746.1868 470.4739 746.28204 470.5672
86 746.28894 470.15234 746.36975 470.2439
