0 679.6784 45.728203 679.8138 45.832756
1 679.62555 45.823322 679.7792 45.96666
2 679.76733 45.830273 679.8749 45.944687
3 679.72406 45.91316 679.8357 46.02423
4 679.6575 45.90709 679.75525 45.99295
5 679.56085 45.91131 679.6589 46.00303
6 679.5468 45.986794 679.64435 46.079746
7 679.5105 46.07315 679.631 46.21137
8 679.61926 46.14146 679.68585 46.20688
9 679.7747 46.127247 679.84674 46.19924
10 679.71014 46.016113 679.81616 46.138756
11 679.65576 45.978474 679.7382 46.060307
12 679.61957 46.060097 679.7314 46.167953
13 679.7608 46.200542 679.84515 46.301445
14 679.5922 46.167767 679.7438 46.300446
15 679.5508 46.270535 679.6593 46.38249
16 679.6552 46.28131 679.743 46.37425
17 679.72034 46.291645 679.82404 46.397114
18 679.697 46.40488 679.8011 46.546715
19 679.62103 46.388073 679.7227 46.52115
20 679.51013 46.359108 679.63226 46.46641
21 679.4377 46.389355 679.5223 46.49224
22 679.4936 46.445225 679.59845 46.544353
23 679.5928 46.467045 679.6753 46.563805
24 679.6512 46.493145 679.76105 46.5962
25 679.5322 46.2136 679.5775 46.26577
26 679.35504 46.06522 679.5083 46.18711
27 679.37146 46.161037 679.50183 46.26621
28 679.32965 46.257496 679.4903 46.395298
29 679.3382 46.339718 679.44946 46.452682
30 679.31854 46.429398 679.4286 46.533775
31 679.2102 46.33977 679.3432 46.484215
32 679.2233 46.44972 679.335 46.565994
33 679.21436 46.54389 679.32495 46.652233
34 679.1542 46.42286 679.2465 46.535225
35 679.1327 46.516895 679.23096 46.615135
36 679.01404 46.492603 679.1357 46.61995
37 679.0791 46.395813 679.176 46.5036
38 679.09186 46.30676 679.2083 46.419785
39 679.0047 46.26156 679.1149 46.3666
40 678.99493 46.35479 679.0915 46.459938
41 678.9978 46.431488 679.07367 46.51308
42 678.90173 46.340446 679.0128 46.461826
43 678.8701 46.4533 678.9745 46.577667
44 678.80414 46.430717 678.8963 46.54176
45 678.83105 46.519745 678.8968 46.588295
46 678.9453 46.245136 679.03375 46.347893
47 678.8026 46.24278 678.9334 46.35644
48 678.99554 46.146343 679.0904 46.23374
49 678.8405 46.11465 678.9806 46.263294
50 678.97015 46.035374 679.10706 46.169968
51 678.9082 46.01557 679.0104 46.109146
52 678.89136 45.912243 679.0185 46.037735
53 678.9957 45.92438 679.1536 46.07544
54 678.9619 45.82823 679.0732 45.931473
55 679.02563 45.800465 679.1666 45.941444
56 679.00037 45.74206 679.0909 45.83147
57 679.107 45.686913 679.1953 45.798077
58 678.9856 45.64871 679.10803 45.767727
59 679.3488 45.7005 679.4532 45.80086
60 679.5261 45.73247 679.64 45.83153
61 679.4561 45.745792 679.54614 45.836437
62 679.48584 45.833366 679.6235 45.992054
63 679.40936 45.836998 679.52277 45.965828
64 679.3038 45.78704 679.432 45.915268
65 679.3549 45.908936 679.46436 46.03203
66 679.2773 45.90594 679.3768 46.03289
67 679.2181 45.922836 679.2981 46.010826
68 679.1358 46.003826 679.2641 46.113255
69 679.2782 46.000916 679.3714 46.090687
70 678.9607 46.137566 679.2814 46.47081
71 678.8659 45.992195 678.93744 46.108887
72 679.79974 46.04335 679.8769 46.143936
73 679.56964 46.529713 679.65656 46.601776
74 678.8385 46.353096 678.8939 46.41247
75 679.1154 46.048233 679.193 46.118385
