0 -128.90523 376.2354 -128.7514 376.38748
1 -128.92519 376.15445 -128.7849 376.30038
2 -128.81178 376.29062 -128.72958 376.37305
3 -128.76562 376.3326 -128.66074 376.43726
4 -128.6702 376.2254 -128.47041 376.4288
5 -128.74913 376.19266 -128.61511 376.32996
6 -128.67189 376.17902 -128.59378 376.25806
7 -128.83275 376.13657 -128.68004 376.29257
8 -128.7549 376.14954 -128.70085 376.20404
9 -128.80374 376.02716 -128.6537 376.17648
10 -128.71469 375.91394 -128.52779 376.10214
11 -128.64218 376.03455 -128.54865 376.12808
12 -128.56703 376.02496 -128.4299 376.16843
13 -128.58357 376.15384 -128.4349 376.29977
14 -128.71394 376.38022 -128.55049 376.54416
15 -128.55357 376.2031 -128.35922 376.40353
16 -128.48387 376.0905 -128.31935 376.25342
17 -128.59114 375.9377 -128.43498 376.0912
18 -128.61588 375.82184 -128.48859 375.95367
19 -128.52795 375.89294 -128.37224 376.04126
20 -128.44681 376.0373 -128.31508 376.16656
21 -128.38658 375.92987 -128.21423 376.10364
22 -128.39085 375.90186 -128.2846 376.0061
23 -128.46956 375.84796 -128.35197 375.96332
24 -128.53345 375.78903 -128.41153 375.90945
25 -128.52629 375.67047 -128.42078 375.77646
26 -128.45364 375.64557 -128.37268 375.7264
27 -128.472 375.7063 -128.3334 375.84735
28 -128.4128 375.78217 -128.29692 375.89825
29 -128.32523 375.81866 -128.1874 375.95578
30 -128.36641 375.71384 -128.23846 375.84036
31 -128.29976 375.69684 -128.2255 375.77228
32 -128.26184 375.72302 -128.10568 375.8821
33 -128.40787 375.54147 -128.3018 375.65433
34 -128.34204 375.56134 -128.18225 375.72617
35 -128.17662 375.77075 -127.99959 375.95105
36 -128.36696 376.07727 -128.25912 376.1865
37 -128.30472 376.00726 -128.16849 376.14233
38 -128.21202 375.9435 -128.05879 376.0999
39 -128.1379 375.99533 -128.00507 376.13565
40 -128.06659 376.05667 -127.966286 376.15646
41 -128.07579 375.94443 -127.96781 376.05438
42 -127.9855 375.9425 -127.80012 376.12848
43 -128.24023 376.0828 -128.12508 376.1996
44 -128.30092 376.1415 -128.1599 376.28116
45 -128.23717 376.2319 -128.14531 376.32245
46 -128.29326 376.25787 -128.17026 376.38556
47 -128.3666 376.19727 -128.21497 376.34598
48 -128.41855 376.27927 -128.29333 376.39908
49 -128.46806 376.32294 -128.32936 376.46115
50 -128.54082 376.39502 -128.40987 376.5233
51 -128.60532 376.452 -128.51022 376.5459
52 -128.55138 376.4764 -128.4023 376.63043
53 -128.47821 376.46445 -128.40651 376.54062
54 -128.5079 376.60672 -128.42815 376.68604
55 -128.41632 376.60928 -128.26367 376.7625
56 -128.45125 376.52127 -128.32115 376.65216
57 -128.37018 376.38455 -128.18385 376.57523
58 -128.42386 376.4088 -128.36348 376.47095
59 -128.34845 376.579 -128.248 376.67874
60 -128.30472 376.59363 -128.137 376.76923
61 -128.21986 376.67514 -128.0625 376.83682
62 -128.30687 376.7524 -128.16017 376.8929
63 -128.28564 376.50046 -128.14291 376.6412
64 -128.23811 376.40964 -128.0393 376.59622
65 -128.16768 376.51813 -128.07088 376.61588
66 -128.15778 376.64355 -128.07283 376.7279
67 -128.11072 376.56067 -127.93981 376.7312
68 -128.1087 376.40887 -127.93976 376.57394
69 -128.02261 376.32635 -127.84736 376.49634
70 -127.96497 376.30328 -127.85929 376.40628
71 -127.99456 376.22623 -127.86487 376.35477
72 -127.908936 376.2177 -127.763725 376.35977
73 -127.92522 376.08093 -127.73947 376.26468
74 -127.8206 376.1546 -127.66454 376.31195
75 -127.76634 376.10153 -127.6412 376.22607
76 -127.835365 376.01752 -127.67549 376.17575
77 -128.87874 376.11307 -128.78424 376.20947
78 -128.82318 376.37018 -128.68675 376.49854
79 -128.64888 376.4895 -128.52812 376.6092
80 -128.03368 376.49222 -127.89512 376.6343
81 -127.973625 376.43036 -127.843765 376.56152
82 -127.910805 376.34235 -127.77651 376.48215
83 -128.58043 375.72037 -128.4701 375.83362
84 -128.12878 375.9703 -127.68815 376.4343
85 -127.91338 376.00674 -127.82215 376.09973
