0 -124.20181 239.24261 -123.99118 239.4504
1 -124.27411 239.21643 -124.18606 239.3065
2 -124.36057 239.2978 -124.19591 239.46063
3 -124.314 239.10992 -124.19158 239.2352
4 -124.37739 239.16795 -124.2189 239.33417
5 -124.47633 239.19589 -124.37007 239.30115
6 -124.46492 239.07785 -124.32555 239.22142
7 -124.530624 239.13495 -124.41655 239.25188
8 -124.60397 239.04811 -124.44978 239.21306
9 -124.61388 238.94258 -124.49977 239.05669
10 -124.53594 238.85318 -124.34224 239.05748
11 -124.53172 239.00381 -124.407104 239.13062
12 -124.424065 238.93718 -124.25763 239.10008
13 -124.50775 239.2625 -124.33337 239.44344
14 -124.592926 239.20459 -124.46503 239.33366
15 -124.65943 239.12697 -124.51837 239.26886
16 -124.73137 239.0564 -124.595116 239.19753
17 -124.76594 239.15329 -124.69091 239.2332
18 -124.715645 239.19905 -124.6348 239.28241
19 -124.76482 239.21603 -124.59178 239.3946
20 -124.70734 239.3267 -124.57164 239.46376
21 -124.64047 239.39903 -124.48348 239.55653
22 -124.64627 239.26181 -124.51111 239.40218
23 -124.57578 239.34856 -124.44268 239.49005
24 -124.87795 239.10593 -124.70041 239.29018
25 -124.988266 239.14484 -124.84583 239.28256
26 -124.93003 239.2022 -124.75159 239.37257
27 -125.02218 239.25723 -124.94876 239.33318
28 -125.14456 239.24498 -125.05137 239.33917
29 -125.18213 239.2636 -124.99871 239.43828
30 -125.071365 239.31593 -124.94694 239.43549
31 -125.01974 239.36241 -124.873344 239.50175
32 -125.13054 239.39008 -125.011536 239.51044
33 -125.07522 239.46101 -124.94785 239.5971
34 -125.0525 239.57622 -124.922775 239.70998
35 -125.12283 239.5146 -125.01326 239.63324
36 -124.84798 239.28117 -124.73753 239.39246
37 -125.186386 239.43588 -125.08094 239.55309
38 -124.85517 239.33116 -124.311195 239.87447
39 -124.73545 239.69542 -124.41202 240.01953
40 -124.44651 239.59859 -123.99933 240.03552
