0 596.5267 676.65027 596.6548 676.75696
1 596.45123 676.684 596.5548 676.79224
2 596.4089 676.66534 596.4817 676.75726
3 596.35736 676.68976 596.4289 676.7815
4 596.2574 676.6385 596.3593 676.7601
5 596.2443 676.8199 596.3633 676.93646
6 596.3185 676.73645 596.4252 676.86914
7 596.41437 676.7666 596.4992 676.8659
8 596.48267 676.7944 596.5712 676.88696
9 596.42676 676.8871 596.49854 676.96063
10 596.4771 676.86707 596.5756 676.9713
11 596.5481 676.8475 596.6589 676.95135
12 596.53613 676.73663 596.64417 676.84924
13 596.6317 676.73596 596.74 676.86615
14 596.72943 676.7556 596.81976 676.85693
15 596.81195 676.7473 596.90936 676.8534
16 596.90656 676.7332 596.99133 676.84296
17 596.83813 676.8821 596.89655 676.94214
18 596.89276 676.85504 596.9722 676.9374
19 596.7285 676.84973 596.8264 676.9396
20 596.3998 676.95184 596.5099 677.0498
21 596.3857 677.0109 596.43304 677.06116
22 596.24066 676.97876 596.3499 677.08044
23 596.16565 676.9441 596.2704 677.05115
24 596.15735 677.0461 596.2634 677.1435
25 596.2541 677.0832 596.35284 677.1543
26 596.34393 677.0503 596.4372 677.14874
27 596.4321 677.0534 596.51025 677.14594
28 596.4872 677.02936 596.5989 677.1399
29 596.49036 676.9477 596.6094 677.0499
30 596.6098 677.0535 596.6681 677.10785
31 596.61115 676.8983 596.7416 677.0333
32 596.7418 676.9293 596.8346 677.0401
33 596.8161 676.9362 596.9176 677.033
34 596.8432 677.0585 596.90265 677.12195
35 596.8538 677.1587 596.91077 677.22314
36 596.75726 677.16144 596.8279 677.22577
37 596.6451 677.09985 596.75323 677.2138
38 596.68506 677.068 596.7505 677.13226
39 596.74976 677.0499 596.8302 677.13495
40 596.6121 677.19073 596.6688 677.25323
41 596.50964 677.15015 596.59753 677.23285
42 596.4446 677.1707 596.5126 677.2295
43 596.3825 677.16394 596.44366 677.2303
44 596.5124 677.22504 596.6015 677.30664
45 596.41956 677.2106 596.52185 677.31396
46 596.48816 677.28375 596.60474 677.39166
47 596.32104 677.25616 596.4455 677.3859
48 596.1917 677.3484 596.27045 677.415
49 596.69617 676.67926 596.8182 676.7742
50 596.1333 677.31573 596.20984 677.40027
51 596.0462 677.0108 596.3325 677.29834
52 596.63794 677.2339 597.0092 677.57513
53 596.63324 677.257 596.7251 677.35004
54 596.8403 676.6969 597.1235 676.9951
55 596.772 677.29047 596.89844 677.41003
56 596.71533 677.2053 596.85266 677.349
