0 568.41846 -57.900677 568.49084 -57.82821
1 568.3106 -57.914352 568.4367 -57.755177
2 568.21765 -57.887104 568.33997 -57.718704
3 568.09766 -57.88072 568.2366 -57.732018
4 568.0947 -57.96892 568.19586 -57.888023
5 568.07184 -57.879395 568.1156 -57.830975
6 567.9146 -57.967396 568.0858 -57.798264
7 567.98627 -57.834972 568.06635 -57.74405
8 568.1704 -58.027576 568.2879 -57.900803
9 568.28973 -57.702236 568.37555 -57.6195
10 568.2659 -57.796486 568.314 -57.754036
11 568.03796 -57.472126 568.54913 -56.970226
12 567.86597 -57.554024 567.9618 -57.45297
13 567.75275 -57.37264 567.8387 -57.295506
14 567.9791 -57.402966 568.0246 -57.358574
15 567.7422 -57.646336 568.2083 -57.175
16 567.7295 -57.705837 567.8669 -57.57057
