0 -131.83769 299.76263 -131.71446 299.88522
1 -131.75974 299.78995 -131.57573 299.97232
2 -131.78673 299.91162 -131.62483 300.07562
3 -131.74022 300.08865 -131.5641 300.2667
4 -131.71407 299.98883 -131.57582 300.12747
5 -131.6657 299.88678 -131.49306 300.06076
6 -131.57309 299.79224 -131.38168 299.98322
7 -131.648 299.718 -131.47754 299.8866
8 -131.74353 299.63196 -131.52652 299.8482
9 -131.47377 299.73618 -131.26001 299.95096
10 -131.49792 299.8788 -131.34218 300.03387
11 -131.57877 299.95404 -131.44812 300.08432
12 -131.6077 299.997 -131.38007 300.2224
13 -131.62935 300.16348 -131.45497 300.3376
14 -131.5426 300.07962 -131.38794 300.232
15 -131.50981 300.04086 -131.41656 300.13504
16 -131.44781 300.10324 -131.25348 300.29504
17 -131.53606 300.17233 -131.24649 300.4611
18 -131.43828 300.30316 -131.25401 300.48624
19 -131.36414 300.3911 -131.22452 300.52936
20 -131.30878 300.22723 -131.10301 300.43024
21 -131.36703 300.19095 -131.21652 300.33997
22 -131.34744 300.0374 -131.22504 300.1599
23 -131.35355 300.11343 -131.25577 300.21155
24 -131.17836 300.09933 -130.92973 300.35086
25 -131.43071 299.9628 -131.24554 300.14874
26 -131.32188 299.8625 -131.088 300.09576
27 -131.23056 299.9618 -131.04991 300.1419
28 -131.13908 299.99188 -131.01239 300.11853
29 -131.03696 299.96954 -130.8022 300.20572
30 -130.93402 299.91605 -130.69576 300.15625
31 -130.86513 299.8074 -130.67075 300.00012
32 -130.9567 299.72903 -130.72942 299.95572
33 -130.97987 299.61856 -130.84793 299.75128
34 -131.02258 299.70285 -130.86661 299.85864
35 -131.0906 299.78317 -130.89357 299.98267
36 -131.17986 299.8337 -130.96342 300.05057
37 -131.273 299.74097 -131.06174 299.9498
38 -131.09052 299.61734 -130.92267 299.78293
39 -131.18556 299.68527 -131.01329 299.85773
40 -131.38838 299.8323 -131.26491 299.95465
41 -131.37012 299.69824 -131.17361 299.8964
42 -131.30757 299.60446 -131.13322 299.77673
43 -131.18098 299.51318 -130.94403 299.74902
44 -131.14291 299.44934 -130.95535 299.63663
45 -131.23256 299.3792 -131.0199 299.5876
46 -131.31631 299.32382 -131.1239 299.51477
47 -131.32271 299.26938 -131.2237 299.36816
48 -131.48528 299.3148 -131.28673 299.51465
49 -131.41393 299.24945 -131.25699 299.40802
50 -131.61769 299.50452 -131.47533 299.64566
51 -131.55069 299.4621 -131.45717 299.556
52 -131.61673 299.6392 -131.42012 299.8391
53 -131.51643 299.58133 -131.30817 299.79315
54 -131.46701 299.48508 -131.28905 299.6641
55 -131.40369 299.41492 -131.26143 299.5571
56 -131.38493 299.50467 -131.14687 299.73752
57 -131.09464 300.1083 -130.98091 300.22534
58 -131.82852 300.014 -131.68831 300.15448
59 -131.89552 299.93887 -131.74713 300.0881
60 -130.88052 299.711 -130.78592 299.8076
61 -130.8197 299.7778 -130.71895 299.8805
