0 549.39703 708.5905 549.50085 708.6962
1 549.38226 708.70135 549.4769 708.7999
2 549.4889 708.72375 549.5666 708.79626
3 549.47876 708.60565 549.5812 708.72003
4 549.5706 708.63965 549.65015 708.7192
5 549.5472 708.70416 549.6358 708.7909
6 549.5266 708.77985 549.613 708.8623
7 549.57733 708.7685 549.7074 708.8876
8 549.6359 708.891 549.7494 709.0112
9 549.6304 708.92914 549.67505 708.97864
10 549.50995 708.8487 549.6199 708.9548
11 549.5582 708.9594 549.67456 709.06464
12 549.397 708.9159 549.5375 709.0424
13 549.29156 708.96735 549.3908 709.0556
14 549.2775 709.0467 549.36914 709.14746
15 549.3398 709.08636 549.44257 709.1743
16 549.38184 709.0199 549.50604 709.13025
17 549.48096 709.07635 549.5885 709.1921
18 549.527 709.0997 549.6584 709.2426
19 549.33716 709.16736 549.4379 709.26624
20 549.36664 709.2571 549.4909 709.3698
21 549.49756 709.28955 549.55493 709.3393
22 549.1964 709.1371 549.37415 709.31006
23 549.48346 709.28076 549.62585 709.4054
24 549.64374 709.3228 549.76654 709.42975
25 549.76196 709.3948 549.8493 709.4811
26 549.801 709.35187 549.8608 709.413
27 549.7977 709.23975 549.87994 709.32965
28 549.6881 709.2453 549.78375 709.3428
29 549.6142 709.25275 549.69885 709.34265
30 549.66644 709.2296 549.7051 709.2721
31 549.58514 709.08386 549.6424 709.14264
32 549.7357 708.98645 549.793 709.03796
33 549.3976 708.4905 549.5129 708.60815
34 549.31067 708.8859 549.40186 708.98236
35 549.41736 708.31195 549.7383 708.6363
36 549.70386 708.7578 549.9121 708.9862
37 549.5515 708.8835 549.82214 709.1713
38 549.3828 708.8906 549.46454 708.9834
39 549.41943 708.8759 549.5158 708.967
40 549.38025 708.82056 549.4636 708.90106
41 549.93304 708.5551 550.3047 708.9124
42 549.9574 709.20795 550.20245 709.4621
