0 -13.58406 625.5717 -13.49529 625.6713
1 -13.538696 625.4403 -13.429539 625.5501
2 -13.503841 625.56024 -13.439692 625.6288
3 -13.411868 625.5172 -13.293445 625.6261
4 -13.442381 625.4675 -13.336298 625.55255
5 -13.542113 625.3047 -13.42464 625.4375
6 -13.433754 625.32513 -13.286455 625.4559
7 -13.327318 625.38837 -13.249382 625.4682
8 -13.405473 625.19727 -13.267848 625.33484
9 -13.570067 625.1974 -13.471308 625.2974
10 -13.543984 625.072 -13.430169 625.1667
11 -13.465345 625.12256 -13.339306 625.2384
12 -13.306337 625.25226 -13.218438 625.3624
13 -13.343156 625.0692 -13.214533 625.22906
14 -13.426476 624.8778 -13.235992 625.0689
15 -13.554755 624.88544 -13.448372 625.0383
16 -13.241442 625.1093 -13.131499 625.2371
17 -13.229016 625.0151 -13.060438 625.13074
18 -13.158307 625.1463 -13.068346 625.2732
19 -13.211371 625.25275 -13.080409 625.37476
20 -13.232683 625.36554 -13.114666 625.4651
21 -13.2582655 625.4382 -13.116212 625.5554
22 -13.285789 625.52704 -13.120797 625.652
23 -13.184407 625.5742 -13.106008 625.6647
24 -13.164486 625.5093 -13.104479 625.57434
25 -13.097194 625.51294 -13.003938 625.6087
26 -13.101277 625.5905 -12.986673 625.7185
27 -12.997714 625.492 -12.873953 625.6623
28 -12.915611 625.64124 -12.834345 625.72125
29 -12.887137 625.5528 -12.761505 625.6593
30 -12.882792 625.3946 -12.737954 625.54517
31 -13.02784 625.35754 -12.8678255 625.52075
32 -13.120125 625.3805 -13.013865 625.4848
33 -13.080557 625.28815 -12.9398365 625.39
34 -13.077982 625.2141 -12.974242 625.3064
35 -12.997265 625.231 -12.909886 625.3292
36 -12.919973 625.2627 -12.857504 625.32324
37 -12.940676 625.2952 -12.819326 625.41016
38 -12.764569 625.2783 -12.65674 625.4339
39 -12.854051 625.33765 -12.786713 625.4184
40 -12.675382 625.3198 -12.569465 625.4468
41 -12.678379 625.2802 -12.561758 625.3478
42 -12.890223 625.1606 -12.782402 625.255
43 -13.462803 625.58875 -13.301317 625.7095
44 -13.016565 624.8065 -12.744896 625.1368
45 -13.231115 624.7801 -13.112487 624.8936
46 -13.517575 624.6969 -13.360171 624.83075
47 -13.378907 624.7069 -13.246785 624.825
48 -13.373477 624.83057 -13.252826 624.92957
49 -12.805262 624.7569 -12.744354 624.82733
50 -12.840987 624.8432 -12.65393 624.98627
51 -12.870586 624.94806 -12.678864 625.12195
52 -12.756265 625.16174 -12.658981 625.2584
53 -12.663369 625.1725 -12.567361 625.27045
54 -12.663145 624.93274 -12.549924 625.1052
55 -12.737384 624.9411 -12.622029 625.0558
56 -12.669935 624.9149 -12.537846 625.00183
57 -12.730969 625.5626 -12.633423 625.68054
