0 670.47186 605.94366 670.5753 606.05725
1 670.43567 605.77356 670.5566 605.93677
2 670.307 605.896 670.4586 606.02496
3 670.32214 605.82 670.44366 605.9307
4 670.42834 605.7621 670.5289 605.8405
5 670.4589 605.56946 670.5417 605.6415
6 670.3784 605.50275 670.49445 605.59784
7 670.3603 605.57416 670.4494 605.6829
8 670.30646 605.6812 670.43414 605.8201
9 670.2852 605.90906 670.36066 605.97974
10 670.1271 605.8729 670.3054 606.0657
11 670.15063 605.73926 670.32007 605.91534
12 670.09375 605.7759 670.2052 605.8908
13 670.0617 605.9406 670.15393 606.028
14 670.051 606.00806 670.0926 606.0563
15 669.81396 605.957 669.99506 606.1118
16 669.9651 605.8605 670.05524 605.9792
17 669.96466 605.7943 670.1132 605.92554
18 670.14514 605.6824 670.3119 605.81146
19 670.3268 605.633 670.3881 605.70746
20 670.2927 605.5477 670.3662 605.6241
21 670.141 605.5525 670.30054 605.70844
22 670.02167 605.5769 670.1701 605.74554
23 669.9808 605.7451 670.0861 605.8392
24 669.8306 605.7988 669.9648 605.9109
25 669.8492 605.8771 669.975 606.01056
26 669.7985 605.8809 669.8805 606.00275
27 669.7128 605.9777 669.8222 606.0853
28 669.58826 606.006 669.71875 606.1472
29 669.6163 605.96436 669.72156 606.05707
30 669.67633 605.7867 669.8472 605.9117
31 669.5672 605.80426 669.6771 605.9559
32 669.6701 605.83887 669.76544 605.95685
33 669.6599 605.7773 669.75165 605.8601
34 669.6253 605.64386 669.7243 605.7786
35 669.55145 605.6527 669.6469 605.7851
36 669.85675 605.68677 669.9848 605.8172
37 669.8634 605.76483 669.9258 605.8302
38 669.77045 605.64014 669.8795 605.7707
39 669.70056 605.64435 669.7794 605.7167
40 669.6231 605.5202 669.74664 605.6509
41 669.7227 605.4965 669.8669 605.64966
42 669.6112 605.3953 669.751 605.5434
43 669.7311 605.33606 669.8946 605.50494
44 669.8687 605.5105 669.9607 605.59534
45 669.8413 605.5577 669.96686 605.69507
46 669.96906 605.62756 670.06555 605.7443
47 669.9932 605.4964 670.15063 605.63116
48 669.9634 605.5567 670.04065 605.6453
49 669.9696 605.4972 670.0282 605.5635
50 669.9755 605.4279 670.1269 605.5417
51 669.9784 605.3464 670.1017 605.4553
52 669.8806 605.3429 669.98535 605.46313
53 669.5289 605.27966 669.6407 605.4374
54 669.6392 605.3156 669.73065 605.4213
55 669.70447 605.27985 669.81714 605.40686
56 669.7471 605.2762 669.7967 605.3252
57 669.6392 605.14874 669.78064 605.26154
58 669.7742 605.20294 669.865 605.3218
59 669.8278 605.2554 669.95807 605.3684
60 669.83417 605.1915 669.9425 605.28845
61 669.8351 605.14526 669.92993 605.21924
62 669.92694 605.1356 670.0272 605.2567
63 669.94543 605.2381 670.0813 605.36804
64 670.06854 605.2285 670.18604 605.3652
65 670.0034 605.0995 670.1131 605.22943
66 670.07166 605.08453 670.2195 605.23474
67 670.1673 605.2317 670.2796 605.3291
68 670.21155 605.1246 670.34045 605.2433
69 670.3415 605.2049 670.44916 605.309
70 670.4393 605.2866 670.5178 605.3753
71 670.29395 605.31757 670.4075 605.44
72 670.1076 605.3834 670.1865 605.46893
73 670.13916 605.2577 670.29865 605.438
74 670.20746 605.46405 670.3073 605.5549
75 670.2949 605.4265 670.4035 605.5524
76 670.3833 605.37396 670.4846 605.49255
77 670.1615 605.50854 670.2697 605.6114
78 670.3187 605.6876 670.43317 605.8193
79 670.29034 605.90094 670.3626 605.9792
80 670.42236 605.6061 670.5369 605.7391
81 669.7153 606.0731 669.8345 606.1614
82 670.3781 605.04803 670.48737 605.19965
83 669.5345 605.5562 669.61566 605.6707
84 669.5226 605.1674 669.6411 605.2674
85 669.7032 605.67975 669.81964 605.8123
86 669.5752 605.529 669.67615 605.65155
