0 31.151583 668.1985 31.214378 668.27216
1 31.207497 668.20996 31.261303 668.25775
2 31.294352 668.2089 31.336788 668.2477
3 31.258194 668.12683 31.337538 668.20856
4 31.11836 668.0002 31.220789 668.0966
5 31.117853 668.1246 31.172651 668.18304
6 31.163713 668.1325 31.208391 668.17413
7 31.353312 668.09644 31.455973 668.1883
8 31.30614 668.02856 31.41028 668.1363
9 31.202755 667.9782 31.316366 668.1099
10 31.547403 668.1713 31.605474 668.23663
11 31.697916 668.1201 31.791113 668.2164
12 31.782537 668.1506 31.845856 668.2157
13 31.769548 668.06494 31.836031 668.1428
14 31.718224 667.96234 31.796644 668.0624
15 31.65722 667.9813 31.756891 668.11176
16 31.597055 668.0798 31.688862 668.17523
17 31.513983 668.08417 31.590858 668.16766
18 31.493546 667.99005 31.577574 668.08673
19 31.47025 668.14 31.49712 668.17413
20 31.42218 668.01776 31.51184 668.1254
21 31.082048 667.9181 31.16037 668.003
22 31.166672 667.92 31.254417 668.00714
23 31.278633 667.916 31.388002 668.01636
24 31.39778 667.97034 31.497225 668.05597
25 31.475197 667.9804 31.511127 668.01996
26 31.536568 667.9315 31.611248 668.00555
27 31.624147 667.87537 31.749472 667.98444
28 31.82346 668.00226 31.909458 668.09186
29 31.781605 667.8958 31.89379 668.0122
30 31.72956 667.8003 31.804163 667.86646
31 31.706646 667.67285 31.825161 667.78656
32 31.648064 667.7265 31.73115 667.8342
33 31.589115 667.8163 31.666473 667.8979
34 31.509167 667.8115 31.60897 667.9221
35 31.428156 667.8212 31.50147 667.93005
36 31.35561 667.8491 31.449814 667.9632
37 31.256977 667.8446 31.334578 667.92883
38 31.32461 667.79156 31.43355 667.88727
39 31.188005 667.8523 31.257729 667.9226
40 31.142872 667.8476 31.191368 667.8949
41 31.48301 667.82025 31.515604 667.85223
42 31.551498 667.71375 31.67577 667.8115
43 31.624428 667.74225 31.66295 667.7814
44 31.686052 667.67175 31.752409 667.72003
45 31.099163 667.7057 31.22793 667.81647
46 31.21484 667.72015 31.32514 667.8304
47 31.293064 667.71136 31.366697 667.8025
48 31.357588 667.7252 31.42484 667.7973
49 31.43591 667.645 31.559507 667.7921
50 31.546772 667.59656 31.692808 667.71606
51 31.424675 667.57623 31.527946 667.6747
52 31.342016 667.57764 31.433636 667.6711
53 31.273315 667.6376 31.368856 667.7307
54 31.168007 667.6158 31.28385 667.72205
55 31.088852 667.6624 31.146305 667.72107
56 31.133554 667.5572 31.224411 667.6354
57 31.240068 667.5482 31.357637 667.6447
58 31.66449 667.58527 31.75989 667.66986
59 31.775871 667.6937 31.810043 667.7285
60 31.759092 667.65344 31.79646 667.68726
61 31.738827 667.5777 31.799786 667.6387
62 31.215652 667.5561 31.245764 667.58264
63 31.119839 667.5447 31.1491 667.56915
64 31.08405 667.4643 31.132778 667.507
65 31.066547 667.3803 31.160353 667.45483
66 31.041346 667.3197 31.080456 667.3793
67 31.13294 667.3325 31.171026 667.36694
68 31.20094 667.25055 31.318882 667.3511
69 31.141949 667.37946 31.17321 667.4113
70 31.181675 667.45984 31.265135 667.5222
71 31.152512 667.38654 31.249363 667.47253
72 31.24955 667.4366 31.301794 667.48883
73 31.273294 667.3774 31.387585 667.51636
74 31.24207 667.3561 31.338179 667.4341
75 31.3279 667.3855 31.391384 667.4453
76 31.346725 667.4527 31.38959 667.48895
77 31.364624 667.4634 31.427427 667.5159
78 31.382421 667.5122 31.46881 667.5848
79 31.46682 667.5059 31.548445 667.58386
80 31.435154 667.46497 31.508186 667.5284
81 31.415615 667.36365 31.523829 667.4586
82 31.297827 667.27466 31.364885 667.36584
83 31.352182 667.27747 31.39892 667.32
84 31.383661 667.26166 31.491001 667.36847
85 31.472656 667.3566 31.51436 667.4158
86 31.500448 667.4368 31.52707 667.4683
87 31.53771 667.51324 31.565348 667.5415
88 31.637291 667.51654 31.728338 667.5968
89 31.620935 667.46356 31.706886 667.5315
90 31.595865 667.3888 31.680456 667.47034
91 31.674335 667.43427 31.707376 667.4781
92 31.712738 667.5331 31.75234 667.56964
93 31.78577 667.47955 31.828043 667.5236
94 31.642578 667.28394 31.719507 667.38916
95 31.572178 667.3242 31.664968 667.402
96 31.548717 667.2536 31.625822 667.3325
97 31.618303 667.2662 31.668127 667.3136
98 31.733564 667.2907 31.84502 667.4064
99 31.779314 667.4015 31.840952 667.4698
100 31.854424 667.44104 31.887869 667.47516
101 31.82688 667.29486 31.920925 667.3931
102 31.898539 667.3147 31.97305 667.394
103 31.969944 667.3323 32.0185 667.3802
104 31.809315 667.21454 31.89913 667.3098
105 31.803432 667.53845 31.819042 667.5577
106 31.865852 667.4585 31.951817 667.5336
107 31.928926 667.38074 32.01718 667.45215
108 31.981808 667.40015 32.011883 667.4404
109 31.937687 667.4521 31.99699 667.5024
110 31.971855 667.4658 32.042492 667.5388
111 31.89556 667.48694 32.016727 667.6009
112 31.995443 667.58057 32.04559 667.63855
113 31.831427 667.62085 31.915142 667.686
114 31.790344 667.76196 31.878143 667.87085
115 31.853806 667.76013 31.944323 667.86993
116 31.924065 667.84265 31.965902 667.882
117 31.933443 667.6951 31.978542 667.7342
118 31.957829 667.7103 31.987535 667.74664
119 31.912413 667.6308 31.961386 667.67615
120 31.875303 667.68805 31.933468 667.7402
121 31.810461 667.68835 31.91897 667.7794
122 31.854465 667.8741 31.952599 667.9668
123 31.883307 667.9502 31.980253 668.0514
124 31.944506 667.9942 31.981052 668.0404
125 31.937834 667.84485 32.005775 667.95245
126 31.986595 667.8689 32.050385 667.9532
127 32.00217 668.0121 32.092606 668.11395
128 31.915604 668.04565 32.007885 668.13916
129 31.850111 668.0831 31.939184 668.1704
130 31.047403 667.52454 31.132065 667.6351
131 31.69531 667.2611 31.765377 667.3492
132 31.477892 667.2564 31.540546 667.3215
133 31.508064 667.34735 31.561066 667.38654
134 31.509592 667.4463 31.565851 667.5133
135 31.542282 667.51324 31.639772 667.61316
136 31.799006 667.6073 31.838528 667.636
137 31.34552 667.6737 31.423857 667.73755
138 31.907524 667.7599 31.976831 667.83276
139 31.570686 667.9905 31.666164 668.08295
140 31.398996 668.20386 31.441689 668.24536
141 31.936441 667.1947 32.037884 667.30884
142 31.075897 667.81555 31.16247 667.9184
143 31.114658 668.1476 31.212355 668.23566
144 31.475578 668.1819 31.553625 668.2497
145 31.956268 668.1448 32.04052 668.2086
146 32.031437 668.1291 32.11293 668.19855
