0 765.07007 239.91403 765.20654 240.06714
1 765.0356 239.93187 765.1294 240.03015
2 764.9967 239.88396 765.0964 239.9875
3 765.05444 240.05882 765.1823 240.18532
4 765.16504 240.04997 765.2192 240.10345
5 765.1481 240.01883 765.19965 240.07025
6 764.9805 240.03595 765.1152 240.17508
7 764.9122 240.25258 765.04877 240.386
8 764.85754 240.32576 764.9976 240.465
9 764.75336 239.79144 764.98566 240.02873
10 764.8501 239.9317 765.0361 240.12067
11 764.95825 240.05081 765.0363 240.13052
12 764.8395 240.01506 764.9588 240.12401
13 764.89874 240.09543 765.0027 240.19655
14 764.7835 240.12787 764.9851 240.33647
15 764.83496 240.24863 764.9465 240.35612
16 764.7739 240.31383 764.90936 240.44844
17 764.68176 240.29773 764.81146 240.42497
18 764.7043 240.2025 764.8637 240.36594
19 764.86584 240.12617 764.9478 240.21033
20 764.793 240.06415 764.90247 240.16907
21 764.7366 239.9207 764.89606 240.08047
22 764.588 239.73553 764.8498 239.99704
23 764.59235 239.80347 764.7379 239.94366
24 764.6378 239.88974 764.7319 239.97575
25 764.6777 239.92484 764.8196 240.05855
26 764.59705 239.92355 764.7117 240.03435
27 764.5929 239.98283 764.7206 240.11314
28 764.74756 240.10211 764.85065 240.20317
29 764.6342 240.02136 764.79663 240.18376
30 764.7164 240.16756 764.815 240.26663
31 764.62354 240.12979 764.7504 240.2599
32 764.6137 240.10771 764.70087 240.19685
33 764.6066 240.20314 764.74005 240.33324
34 764.5426 240.19234 764.66016 240.31055
35 764.6728 240.31537 764.72943 240.37004
36 764.74023 240.39487 764.8687 240.5187
37 764.6807 240.60083 764.80133 240.71494
38 764.6283 240.45222 764.7947 240.60974
39 764.6402 240.54073 764.7243 240.62183
40 764.6034 240.36061 764.73315 240.48701
41 764.5448 240.44455 764.6875 240.59041
42 764.5104 240.2817 764.6511 240.42308
43 764.5376 240.37347 764.65985 240.49438
44 764.47974 240.43416 764.6084 240.56067
45 764.44135 240.3515 764.57104 240.48352
46 764.44446 240.26834 764.57275 240.39626
47 764.584 239.80748 764.6571 239.88095
48 764.57654 239.89613 764.6446 239.96353
49 764.37415 239.73224 764.595 239.94572
50 764.33453 239.72017 764.4923 239.87514
51 764.3372 239.81335 764.5076 239.97794
52 764.4964 239.95917 764.63336 240.09032
53 764.5726 240.05646 764.63544 240.11885
54 764.4849 240.0819 764.64105 240.23938
55 764.44336 240.17346 764.58075 240.3108
56 764.17053 239.76999 764.3256 239.92021
57 764.39246 239.9102 764.54 240.05405
58 764.30975 239.85202 764.4295 239.9698
59 764.26355 239.76457 764.3974 239.89891
60 764.25824 239.87903 764.3455 239.96715
61 764.0889 239.8412 764.24426 240.0134
62 764.17615 239.90208 764.2843 240.0101
63 764.2204 239.91037 764.3847 240.07635
64 764.35974 240.01431 764.5461 240.20097
65 764.3014 240.00153 764.4491 240.15453
66 764.05365 239.94208 764.19275 240.07951
67 764.1039 239.99835 764.2658 240.16579
68 764.19916 240.00249 764.35504 240.16487
69 763.9464 240.02141 764.14557 240.21756
70 764.0827 240.11107 764.2344 240.26656
71 764.18005 240.16269 764.3104 240.29489
72 764.24493 240.10779 764.3209 240.18297
73 764.2514 240.08952 764.4101 240.2482
74 764.32434 240.1344 764.50366 240.3142
75 764.2397 240.18561 764.39856 240.34218
76 764.16583 240.23923 764.3495 240.4045
77 764.2761 240.272 764.47626 240.46996
78 765.17163 239.93988 765.26624 240.04297
79 764.88574 240.45738 764.9516 240.5224
80 764.5308 240.49875 764.65344 240.61
81 763.96857 240.10944 764.0651 240.19946
