0 -76.427345 536.9932 -76.340706 537.0735
1 -76.43798 536.97833 -76.22694 537.1921
2 -76.335335 537.0747 -76.28076 537.1474
3 -76.277115 537.0637 -76.15981 537.1869
4 -76.32388 537.03516 -76.252945 537.0998
5 -76.42549 536.8699 -76.29794 536.99603
6 -76.37276 536.78754 -76.20926 536.9265
7 -76.3394 536.8655 -76.20263 537.0213
8 -76.25827 536.9157 -76.16343 537.00604
9 -76.26907 536.97595 -76.167404 537.07764
10 -76.17912 537.07446 -76.09211 537.1842
11 -76.11041 537.08905 -76.01057 537.1925
12 -76.03195 537.09656 -75.9469 537.1834
13 -76.082115 537.01556 -75.967445 537.12573
14 -76.14394 536.8725 -76.02419 536.994
15 -76.20424 536.95325 -76.11284 537.03375
16 -76.17545 536.9928 -76.0815 537.0881
17 -76.1133 536.96045 -76.00837 537.0613
18 -76.01734 536.8317 -75.81317 537.0581
19 -75.90747 536.92316 -75.78291 537.06726
20 -75.88922 537.0602 -75.82508 537.1316
21 -75.91889 537.088 -75.812584 537.2056
22 -75.83914 537.0792 -75.717445 537.2195
23 -75.75467 537.11786 -75.67493 537.2026
24 -75.68363 537.04895 -75.537834 537.21967
25 -75.61329 537.0849 -75.5334 537.2083
26 -75.571884 537.0751 -75.496994 537.1894
27 -75.53408 537.11926 -75.480125 537.19586
28 -75.624435 537.0017 -75.553955 537.0808
29 -75.83059 536.95514 -75.720566 537.06744
30 -75.78811 537.02155 -75.6727 537.1342
31 -75.725914 537.0569 -75.641335 537.14014
32 -75.70522 536.97485 -75.59755 537.077
33 -76.56358 537.32526 -76.380264 537.5263
34 -76.61385 537.4731 -76.453926 537.6562
35 -76.54719 537.69763 -76.51222 537.7272
36 -76.50894 537.61646 -76.46018 537.66516
37 -76.36578 537.698 -76.3031 537.75433
38 -76.29427 537.4167 -76.12064 537.61664
39 -76.181305 537.6925 -76.06454 537.7998
40 -76.18811 537.63654 -76.04762 537.7448
41 -76.17824 537.45496 -75.959755 537.64795
42 -76.07446 537.29834 -75.83352 537.52026
43 -75.730934 537.3468 -75.57436 537.48615
44 -75.82012 537.4011 -75.72745 537.49603
45 -75.88272 537.44226 -75.786674 537.53467
46 -75.95106 537.4787 -75.84637 537.5706
47 -75.68908 537.48987 -75.55702 537.62146
48 -75.768524 537.5273 -75.677086 537.6301
49 -75.866936 537.5091 -75.71493 537.64886
50 -76.00815 537.52026 -75.88167 537.6508
51 -75.92473 537.6078 -75.775505 537.742
52 -75.72713 537.61005 -75.591576 537.7315
53 -76.01285 537.66547 -75.92443 537.7639
54 -76.08535 537.78503 -75.987785 537.8867
55 -76.14238 537.8393 -76.04747 537.91376
56 -75.926506 537.7395 -75.708275 537.9196
57 -75.83857 537.6765 -75.68141 537.8078
58 -75.75239 537.7752 -75.64325 537.89246
59 -75.54717 537.01404 -75.409004 537.13043
60 -76.25126 536.816 -76.1182 536.9169
