0 621.4262 657.28076 621.5008 657.35596
1 621.3219 657.2026 621.43164 657.3136
2 621.4069 657.1118 621.5188 657.2137
3 621.2164 657.2467 621.32697 657.3498
4 621.15717 657.25836 621.2379 657.3378
5 621.13336 657.0866 621.30237 657.23676
6 621.2961 657.1166 621.3984 657.21326
7 621.32965 657.02734 621.4361 657.12756
8 621.40405 656.9478 621.51904 657.06903
9 621.25586 657.03656 621.34283 657.1211
10 621.13727 657.0236 621.2407 657.14026
11 620.96594 656.9705 621.127 657.156
12 621.00354 657.18896 621.0773 657.27344
13 620.88586 657.08484 620.9949 657.25415
14 620.7855 657.0852 620.892 657.2571
15 620.5899 657.25024 620.72144 657.33594
16 620.6476 657.12213 620.783 657.2651
17 620.5662 657.1715 620.6585 657.2669
18 620.62994 657.15094 620.7014 657.2186
19 620.5969 657.0673 620.6864 657.16064
20 620.69446 657.08954 620.7897 657.1778
21 620.59424 656.9612 620.7709 657.0938
22 620.7521 656.9412 620.85504 657.0379
23 620.79645 656.9529 620.94806 657.1007
24 621.35767 656.84705 621.47656 656.9672
25 621.2313 656.8234 621.36633 656.99493
26 621.0551 656.8196 621.2282 657.00775
27 621.06586 656.78485 621.2039 656.8802
28 620.92523 656.93225 621.07043 657.0486
29 620.96387 656.8129 621.0859 656.9412
30 620.84985 656.796 620.97034 656.95605
31 620.58185 656.8593 620.7203 656.98517
32 620.5599 656.86176 620.63525 656.9861
33 620.7593 656.8235 620.8679 656.939
34 620.6593 656.79456 620.7754 656.9251
35 620.7941 656.76556 620.9102 656.8597
36 620.6104 656.6873 620.76624 656.8288
37 620.5851 656.7772 620.65967 656.853
38 620.558 656.5819 620.6855 656.73706
39 620.6982 656.6617 620.777 656.74243
40 620.7627 656.6751 620.8726 656.77673
41 620.83203 656.6197 620.9957 656.7815
42 620.7841 656.49176 620.9279 656.6412
43 620.6593 656.5018 620.7974 656.6342
44 620.91046 656.5415 621.0693 656.67456
45 621.0083 656.6172 621.1439 656.7635
46 621.1239 656.62103 621.26385 656.7729
47 621.45184 656.7228 621.5221 656.8402
48 621.2374 656.65515 621.4127 656.82294
49 621.31226 656.5924 621.44574 656.70074
50 621.20074 656.5522 621.3268 656.6826
51 620.9228 656.486 621.0348 656.57794
52 620.90405 656.44995 621.0008 656.531
53 620.9556 656.3987 621.03577 656.46686
54 620.78217 656.3918 620.9032 656.526
55 620.78217 656.3406 620.90607 656.4305
56 620.76324 656.417 620.82385 656.5153
57 620.5985 656.2843 620.7472 656.4983
58 620.5966 656.402 620.65204 656.49133
59 621.2725 656.45447 621.47266 656.6149
60 621.3132 656.3788 621.4843 656.4959
61 621.16547 656.3261 621.3267 656.5395
62 621.02203 656.3654 621.1909 656.574
63 621.475 656.86755 621.561 656.97
64 621.422 657.11566 621.5263 657.21246
65 621.5325 656.4225 621.597 656.5322
66 621.4885 656.49524 621.5802 656.63904
67 620.5762 656.4831 620.66113 656.6139
68 620.9366 657.2547 621.0347 657.34845
