0 765.7341 243.35983 765.8865 243.51685
1 765.6735 243.25757 765.831 243.41138
2 765.6427 243.3429 765.78534 243.48268
3 765.69 243.46176 765.8331 243.60571
4 765.6847 243.45381 765.7712 243.54488
5 765.63904 243.36752 765.6999 243.42934
6 765.56696 243.24551 765.7143 243.38809
7 765.6224 243.18091 765.73615 243.29019
8 765.59546 243.16376 765.6771 243.24654
9 765.47406 243.13158 765.62164 243.27945
10 765.50586 243.2448 765.63086 243.37158
11 765.37244 243.05414 765.5358 243.21786
12 765.43024 243.21448 765.56445 243.34883
13 765.30865 243.14212 765.49243 243.33006
14 765.3001 243.03448 765.4375 243.17406
15 765.18463 242.92903 765.36426 243.10529
16 765.25555 242.91385 765.33344 242.99208
17 765.08594 242.88814 765.2168 243.02773
18 765.1642 242.93774 765.26917 243.04272
19 765.19415 243.02681 765.34656 243.183
20 765.2257 243.11617 765.3925 243.27739
21 765.2303 243.15002 765.31213 243.23077
22 765.09576 243.01208 765.2718 243.18637
23 765.03876 242.9741 765.17615 243.1099
24 765.7155 243.45096 765.84216 243.57236
25 765.5679 243.40851 765.7076 243.54756
26 765.48804 243.32758 765.6322 243.47144
27 765.51385 243.414 765.6375 243.53276
28 765.4202 243.31082 765.55115 243.44012
29 765.2363 243.21416 765.39197 243.36613
30 764.98615 243.03502 765.0958 243.14932
31 764.95496 243.07771 765.1602 243.29991
32 765.084 243.12103 765.2346 243.2714
33 765.15924 243.19559 765.3067 243.34178
34 765.58704 243.50832 765.76624 243.68402
35 765.50885 243.4918 765.66675 243.65166
36 765.4617 243.4872 765.59106 243.61517
37 765.4044 243.40688 765.54395 243.54987
38 765.35095 243.41287 765.46405 243.52469
39 765.2804 243.31659 765.4639 243.49918
40 765.1292 243.26729 765.3408 243.46072
41 765.5906 243.60063 765.6848 243.69502
42 765.47626 243.56473 765.6178 243.70564
43 765.64606 243.7178 765.71967 243.79192
44 765.41956 243.61987 765.629 243.8257
45 765.4513 243.6565 765.5433 243.74765
46 765.5832 243.77977 765.6707 243.86969
47 765.4919 243.74503 765.5996 243.85007
48 765.3561 243.72455 765.51276 243.88295
49 765.44995 243.82413 765.5655 243.94092
50 765.33484 243.86127 765.5254 244.04713
51 765.4009 243.83461 765.4725 243.9051
52 765.28864 243.7414 765.4314 243.88017
53 765.29865 243.67226 765.36914 243.73924
54 765.3752 243.9797 765.4849 244.08371
55 765.353 243.9253 765.44025 244.0109
56 765.3058 244.05013 765.3919 244.13686
57 765.2245 243.9011 765.3607 244.02682
58 765.266 243.87206 765.3594 243.95522
59 765.2221 243.80186 765.3873 243.9554
60 765.4511 243.56792 765.53406 243.65321
61 765.2146 243.54807 765.4478 243.78783
62 765.31116 243.52301 765.3885 243.60081
63 765.2834 243.5906 765.36115 243.66896
64 764.9148 243.15195 765.04175 243.27681
65 764.8646 243.21199 765.0267 243.37148
66 764.99023 243.23138 765.1204 243.36508
67 764.9841 243.25926 765.18744 243.4684
68 765.09546 243.3761 765.2455 243.5252
69 765.17566 243.39932 765.34686 243.56172
70 765.1563 243.49437 765.31305 243.64795
71 765.07214 243.46548 765.2196 243.61168
72 765.00104 243.40286 765.1425 243.5467
73 764.8865 243.30853 765.0769 243.50552
74 764.9191 243.43123 765.03796 243.54657
75 764.7547 243.30397 764.95935 243.51183
76 764.79517 243.23787 764.9217 243.36598
77 764.65656 243.37895 764.89343 243.6066
78 764.6514 243.47128 764.8724 243.6852
79 764.64545 243.58609 764.80444 243.7467
80 764.5761 243.57518 764.70874 243.70462
81 764.69934 243.66953 764.76337 243.73276
82 765.11597 243.73279 765.2338 243.84908
83 765.20245 243.74713 765.3301 243.87413
84 765.1532 243.83208 765.28394 243.96341
85 765.1385 243.93842 765.2628 244.06033
86 765.08075 243.87857 765.19995 243.99738
87 765.12585 243.81017 765.2138 243.89685
88 765.02734 243.5956 765.27167 243.841
89 765.0077 243.50935 765.1169 243.61948
90 765.01 243.53653 765.1944 243.71729
91 764.8504 243.5983 765.09595 243.8405
92 764.9583 243.7588 765.1234 243.92264
93 764.92096 243.75337 765.0365 243.87291
94 764.8853 243.50368 765.02405 243.6363
95 764.87177 243.59001 765.0044 243.72406
96 764.80945 243.66054 764.96173 243.8112
97 764.77026 243.63649 764.89465 243.7732
98 764.9025 243.81053 765.0182 243.91872
99 765.80444 243.31161 765.9144 243.41905
100 764.8937 243.09554 765.0134 243.21832
101 764.66864 243.43092 764.7737 243.54059
