0 526.0635 -82.63929 526.1502 -82.557304
1 526.1313 -82.58941 526.19006 -82.534065
2 526.15204 -82.532364 526.23376 -82.44799
3 526.0578 -82.49908 526.1662 -82.400986
4 526.047 -82.54549 526.11237 -82.47662
5 526.0094 -82.54875 526.06537 -82.48806
6 525.9107 -82.54893 526.0326 -82.40899
7 525.9966 -82.4886 526.04425 -82.4448
8 525.92566 -82.67067 526.02356 -82.568016
9 525.75726 -82.71616 525.9007 -82.57836
10 525.6935 -82.70846 525.784 -82.62864
11 525.7536 -82.62031 525.8819 -82.48341
12 525.68353 -82.57124 525.8022 -82.423836
13 525.73883 -82.47464 525.8484 -82.37106
14 525.8096 -82.52943 525.9366 -82.40544
15 525.89386 -82.4401 526.0022 -82.33862
16 525.8923 -82.48095 525.9548 -82.41927
17 525.99786 -82.44913 526.0812 -82.3705
18 525.93866 -82.36751 526.0534 -82.26568
19 525.9634 -82.31402 525.99927 -82.28026
20 525.8886 -82.29818 525.9495 -82.24328
21 525.8313 -82.39902 525.8881 -82.34088
22 525.59875 -82.566765 525.65625 -82.51353
23 525.6334 -82.662964 525.7142 -82.58175
24 525.4316 -82.563126 525.57544 -82.41324
25 525.43475 -82.48981 525.4891 -82.43589
26 525.43896 -82.448555 525.5424 -82.36401
27 525.4866 -82.392075 525.60516 -82.27819
28 525.5366 -82.32792 525.6519 -82.229294
29 525.6043 -82.46067 525.76324 -82.3099
30 525.61053 -82.53726 525.696 -82.45738
31 525.6699 -82.37593 525.8119 -82.249374
32 525.6469 -82.3852 525.6954 -82.333755
33 525.7651 -82.32434 525.8332 -82.26994
34 525.74506 -82.27681 525.8813 -82.16121
35 525.4715 -82.27628 525.5744 -82.17601
36 525.6912 -82.269424 525.7621 -82.19255
37 525.57184 -82.25563 525.68774 -82.1466
38 525.5247 -82.20151 525.6293 -82.085335
39 525.6254 -82.18553 525.7186 -82.094055
40 525.67755 -82.1958 525.84595 -82.02265
41 526.2091 -82.477516 526.24774 -82.43892
42 526.1684 -82.38636 526.2452 -82.308716
43 526.0304 -82.370995 526.1704 -82.21893
44 526.1003 -82.28589 526.21576 -82.18154
45 526.1795 -82.31852 526.3077 -82.187355
46 526.1615 -82.22021 526.28564 -82.110214
47 526.0629 -82.187325 526.2095 -82.02919
48 526.01215 -82.22065 526.0541 -82.17869
49 525.94995 -82.20508 526.01654 -82.12561
50 525.8532 -82.17725 525.94183 -82.077034
51 525.62836 -82.13213 525.68024 -82.08413
52 525.7019 -82.124115 525.76404 -82.060295
53 525.5933 -82.08531 525.633 -82.046936
54 525.6297 -82.05039 525.67804 -81.990456
55 525.9516 -82.12878 526.0695 -82.0066
56 525.88464 -82.09776 525.98895 -81.99135
57 525.79895 -82.08675 525.90076 -81.989655
58 525.7115 -82.07069 525.81586 -81.971054
59 525.64386 -82.041504 525.7488 -81.93149
60 525.6977 -81.97407 525.78455 -81.88635
61 525.6702 -81.9556 525.72394 -81.900185
62 525.7697 -81.99923 525.8543 -81.9168
63 525.8327 -81.94926 525.88385 -81.89296
64 525.73157 -81.92076 525.8207 -81.84878
65 525.8497 -82.004585 525.9326 -81.928925
66 525.7986 -81.86143 525.8692 -81.7801
67 525.69507 -81.843575 525.7998 -81.73928
68 525.7698 -81.75381 525.8361 -81.67158
69 525.63226 -81.75759 525.75256 -81.64542
70 525.84875 -81.7732 525.9153 -81.69205
71 525.8875 -81.80825 525.97644 -81.69487
72 525.92993 -81.83501 526.0603 -81.69347
73 525.898 -81.932076 525.99774 -81.82371
74 525.94476 -82.01986 526.03125 -81.93
75 526.00507 -82.03999 526.1262 -81.923584
76 526.14905 -82.09985 526.261 -81.99438
77 526.22687 -82.13907 526.3403 -82.03255
78 526.26654 -82.07127 526.3298 -82.01448
79 526.1668 -82.00049 526.32275 -81.851814
80 526.3294 -81.98795 526.40765 -81.90926
81 526.1913 -81.90545 526.2652 -81.83668
82 526.0775 -81.938156 526.20386 -81.795074
83 526.14636 -82.01318 526.19543 -81.95814
84 525.6415 -81.85251 525.7201 -81.76576
85 525.5932 -81.81296 525.6923 -81.7065
86 525.5971 -81.923386 525.67975 -81.839874
87 525.5649 -81.89005 525.64935 -81.80253
88 525.5237 -81.97403 525.63214 -81.87764
89 525.48676 -82.09173 525.55225 -82.02626
90 525.43744 -82.10078 525.4679 -82.06651
91 525.56055 -82.12955 525.60504 -82.08676
92 525.63684 -82.0974 525.6975 -82.04313
93 525.49225 -81.90406 525.56885 -81.82875
94 525.416 -81.98325 525.5315 -81.86699
95 525.4049 -81.91404 525.4693 -81.84666
96 525.4382 -81.86811 525.51105 -81.799126
97 525.46 -81.803 525.5585 -81.705864
98 525.4915 -81.742455 525.58496 -81.65204
99 525.53375 -81.687386 525.6199 -81.6073
100 525.48535 -82.04091 525.5778 -81.95878
101 525.43933 -81.74432 525.52527 -81.63644
102 525.45337 -82.17038 525.54553 -82.080376
103 525.4125 -82.34701 525.5232 -82.22942
104 525.36646 -82.30815 525.4673 -82.180695
105 525.2688 -82.296616 525.3788 -82.17415
106 525.25116 -82.381226 525.349 -82.29279
107 525.38855 -82.41628 525.4796 -82.32608
108 525.4241 -82.470695 525.4561 -82.42967
109 525.37164 -82.495995 525.42334 -82.446915
110 525.3743 -82.543526 525.4716 -82.44108
111 525.27606 -82.49722 525.3639 -82.42226
112 525.28827 -82.43354 525.39575 -82.32781
113 526.0547 -82.82462 526.1171 -82.77037
114 525.3015 -82.220695 525.3692 -82.14825
115 525.9805 -81.920616 526.107 -81.77521
116 525.8638 -82.63293 525.95703 -82.53063
117 526.0454 -82.271095 526.12555 -82.19009
118 525.93976 -82.277985 526.0489 -82.17057
119 525.58215 -82.0559 525.6393 -82.00052
120 525.8706 -82.364426 525.9383 -82.29368
121 526.0029 -82.69106 526.0838 -82.59903
122 526.0387 -82.77318 526.15564 -82.66097
123 526.12415 -82.706055 526.185 -82.646065
124 525.7213 -82.67238 525.7986 -82.59856
125 525.454 -81.65908 525.56226 -81.55762
126 526.0456 -81.85784 526.1793 -81.74647
127 526.32825 -82.11103 526.3946 -82.0254
128 526.27576 -82.2148 526.359 -82.11176
129 525.8569 -82.75588 525.988 -82.63683
130 525.3944 -82.62651 525.51526 -82.54259
131 525.1828 -82.52937 525.26746 -82.439514
132 525.35645 -81.97327 525.4602 -81.86133
