0 617.5981 -20.079105 617.6475 -20.022795
1 617.5467 -20.235939 617.5995 -20.190659
2 617.5841 -20.343105 617.67975 -20.259834
3 617.5093 -20.326632 617.58417 -20.247412
4 617.60315 -20.267927 617.6895 -20.185947
5 617.4312 -20.280907 617.5097 -20.21601
6 617.40594 -20.22594 617.43604 -20.192123
7 617.3964 -20.15749 617.4575 -20.105022
8 617.2334 -20.016705 617.28235 -19.969034
9 617.2474 -20.093876 617.3192 -20.010227
10 617.14453 -20.075176 617.2407 -19.983257
11 617.1015 -20.001347 617.14825 -19.966406
12 617.0629 -20.054348 617.134 -19.983332
13 617.04266 -20.12612 617.10803 -20.060787
14 617.1926 -20.163187 617.26776 -20.070045
15 617.22076 -20.23221 617.24146 -20.209621
16 617.3056 -20.184801 617.3591 -20.109018
17 617.25476 -20.257086 617.3354 -20.190722
18 617.22675 -20.335012 617.303 -20.254377
19 617.112 -20.207928 617.1657 -20.157284
20 617.2933 -20.389164 617.378 -20.300673
21 617.3157 -20.29573 617.4047 -20.20231
22 617.3735 -20.370007 617.47015 -20.282034
23 617.38635 -20.45888 617.4487 -20.398384
24 617.47327 -20.413746 617.53314 -20.340174
25 617.51514 -20.417067 617.5737 -20.323717
26 617.627 -20.461355 617.67926 -20.383663
27 617.55786 -20.452879 617.6291 -20.358679
28 617.4914 -20.602488 617.58795 -20.515844
29 617.5679 -20.741106 617.65234 -20.646008
30 617.54706 -20.804283 617.60565 -20.750664
31 617.4819 -20.774477 617.5307 -20.718872
32 617.3721 -20.75607 617.4577 -20.674139
33 617.3753 -20.668451 617.46674 -20.579508
34 617.403 -20.574953 617.49774 -20.476515
35 617.39905 -20.49833 617.52637 -20.387756
36 617.26575 -20.713348 617.37225 -20.587633
37 617.1737 -20.681887 617.2781 -20.547703
38 617.1523 -20.654615 617.20624 -20.59005
39 617.3148 -20.457254 617.34937 -20.41652
40 617.22614 -20.54857 617.3379 -20.403961
41 617.15686 -20.515076 617.2498 -20.413448
42 617.1699 -20.421396 617.2781 -20.30947
43 617.07556 -20.501383 617.16614 -20.395943
44 617.0806 -20.412285 617.1816 -20.319384
45 617.1078 -20.327135 617.2018 -20.238014
46 617.1065 -20.739618 617.17535 -20.650875
47 617.0138 -20.76209 617.09283 -20.670012
48 616.8098 -20.77 616.8917 -20.70421
49 616.7731 -20.734287 616.8332 -20.666658
50 616.6534 -20.736832 616.7554 -20.620028
51 616.83716 -20.701868 616.92285 -20.619932
52 616.91504 -20.588924 616.94867 -20.562151
53 616.9271 -20.548824 616.96423 -20.509237
54 616.92645 -20.653345 617.03564 -20.56452
55 616.7628 -20.655645 616.8627 -20.55951
56 616.7218 -20.657276 616.7814 -20.588362
57 616.6995 -20.578129 616.79315 -20.486387
58 616.77704 -20.559788 616.88324 -20.457264
59 616.9401 -20.574856 617.0609 -20.482601
60 616.97614 -20.50039 617.07684 -20.401548
61 616.9155 -20.485384 616.98596 -20.422354
62 616.72626 -20.499626 616.8262 -20.432621
63 616.6753 -20.45676 616.7532 -20.352179
64 616.7315 -20.402424 616.83276 -20.315464
65 616.8205 -20.421312 616.92487 -20.326193
66 616.92615 -20.407042 617.004 -20.332918
67 616.86597 -20.342829 616.9339 -20.26938
68 616.7689 -20.313017 616.8741 -20.227118
69 616.70667 -20.342485 616.7801 -20.275284
70 616.71796 -20.275541 616.7984 -20.20257
71 616.7527 -20.216413 616.833 -20.144773
72 616.7019 -20.185268 616.76746 -20.117275
73 616.83374 -20.23329 616.9047 -20.16228
74 616.8019 -20.159529 616.86505 -20.106926
75 616.8867 -20.155231 616.9403 -20.096653
76 616.66986 -20.086014 616.812 -19.932726
77 616.9052 -20.09811 616.95905 -20.056068
78 616.99945 -20.126667 617.02893 -20.110767
79 616.997 -20.102787 617.02716 -20.078238
80 616.9773 -20.191298 617.0751 -20.10656
81 616.96387 -20.264927 617.0421 -20.184816
82 616.91516 -20.262981 616.9788 -20.183199
83 616.92084 -20.340563 617.0252 -20.245443
84 617.0271 -20.36342 617.11584 -20.274658
85 617.0111 -20.276232 617.1366 -20.172401
86 616.8625 -20.010262 617.0164 -19.84823
87 616.7401 -19.948385 616.90936 -19.746254
88 617.5269 -19.947453 617.686 -19.749987
89 617.2449 -19.891964 617.4332 -19.769318
90 617.28827 -19.98744 617.5121 -19.70349
91 616.7268 -19.965895 616.79913 -19.895458
92 616.8837 -20.205296 616.9596 -20.14124
93 617.2272 -20.247293 617.2736 -20.197145
94 616.8956 -20.506521 616.9413 -20.46768
95 617.10504 -20.631865 617.15656 -20.56482
96 616.9811 -20.704414 617.0119 -20.669222
97 617.6639 -20.202648 617.71246 -20.120573
98 617.63806 -20.535177 617.6887 -20.460907
99 617.6116 -20.616854 617.67834 -20.510374
100 617.28394 -20.811386 617.4043 -20.754917
101 617.0929 -20.79676 617.15295 -20.750326
102 616.6798 -20.555437 616.73376 -20.473
