0 611.8559 664.044 611.9244 664.13086
1 611.9045 664.0607 611.9815 664.1469
2 611.87976 663.93646 611.97986 664.0549
3 611.9806 664.0217 612.0413 664.09406
4 611.99365 663.9815 612.0473 664.0328
5 612.01776 664.00507 612.1011 664.08777
6 611.9796 664.0753 612.0695 664.18176
7 612.05884 664.0796 612.1501 664.20264
8 612.13525 664.12823 612.2144 664.23236
9 612.12427 664.05664 612.22217 664.1472
10 612.14813 663.9947 612.23334 664.0756
11 612.2149 664.1614 612.2707 664.2385
12 612.24725 664.16016 612.32324 664.26544
13 612.32385 664.2014 612.3655 664.2754
14 612.3315 664.1917 612.41516 664.28705
15 612.31757 664.0937 612.44403 664.20306
16 612.2499 664.0627 612.3524 664.1701
17 612.2274 664.10614 612.2853 664.1756
18 612.2535 664.07434 612.3053 664.11884
19 612.22485 663.9871 612.30756 664.05396
20 612.29974 664.00415 612.38477 664.091
21 612.37146 663.99316 612.4878 664.1083
22 612.53674 664.3317 612.65436 664.4377
23 612.6311 664.36487 612.74927 664.4789
24 612.70917 664.3169 612.79126 664.4002
25 612.63135 664.2925 612.73224 664.37994
26 612.5499 664.27216 612.64966 664.3615
27 612.5297 664.1606 612.6596 664.27155
28 612.6569 664.2233 612.7613 664.3052
29 612.7484 664.24615 612.82684 664.3259
30 612.65894 664.1279 612.76447 664.223
31 612.7583 664.18176 612.8344 664.25793
32 612.70026 664.03876 612.8152 664.15247
33 612.6455 664.08685 612.71185 664.1557
34 611.9318 664.6175 611.9709 664.65906
35 611.88513 664.9351 611.92444 664.972
36 612.1032 664.41656 612.1402 664.45715
37 612.7128 664.0258 612.82227 664.0882
38 612.7505 664.39484 612.82245 664.51556
39 611.85675 663.9798 611.90906 664.0455
