0 747.3866 464.56647 747.45996 464.63074
1 747.3533 464.57553 747.5025 464.70938
2 747.27734 464.62097 747.42096 464.79083
3 747.4292 464.7098 747.4899 464.7787
4 747.46185 464.6905 747.52783 464.76917
5 747.473 464.65512 747.5599 464.75046
6 747.51025 464.66425 747.6071 464.77985
7 747.532 464.61227 747.67566 464.77676
8 747.6632 464.66583 747.74347 464.7498
9 747.6162 464.59348 747.7082 464.69177
10 747.5205 464.5623 747.59973 464.64392
11 747.43866 464.5258 747.5393 464.6243
12 747.5683 464.53555 747.6791 464.63907
13 747.5803 464.3917 747.76825 464.5663
14 747.6942 464.49658 747.79865 464.6028
15 747.6581 464.5589 747.7727 464.67383
16 747.68195 464.61154 747.82745 464.7652
17 747.783 464.6154 747.9042 464.73892
18 747.79785 464.59027 747.8666 464.66086
19 747.746 464.45023 747.88245 464.59854
20 747.8405 464.30994 747.9623 464.42657
21 747.76654 464.3495 747.99304 464.58838
22 747.9245 464.27917 748.08594 464.4321
23 748.03143 464.25098 748.19867 464.4231
24 747.98413 464.39145 748.1125 464.51227
25 747.9731 464.45856 748.0877 464.57437
26 747.9388 464.52756 748.0564 464.64038
27 747.92523 464.6101 748.00793 464.69705
28 747.99225 464.6017 748.0923 464.69904
29 748.0631 464.5737 748.1624 464.6842
30 748.12573 464.40112 748.23206 464.49838
31 748.0852 464.4383 748.1745 464.5276
32 748.0496 464.49088 748.144 464.58493
33 748.13763 464.47452 748.2386 464.5646
34 748.22186 464.51028 748.2966 464.582
35 748.1413 464.54462 748.2609 464.67053
36 748.2595 464.5584 748.32227 464.62598
37 748.1249 464.8815 748.3328 465.10492
38 748.1181 464.91818 748.25073 465.07498
39 747.8995 464.83926 748.1162 465.0503
40 747.79395 464.82343 747.9768 465.02808
41 747.9144 465.00705 747.9899 465.0877
42 747.7367 464.9369 747.8481 465.0407
43 747.58606 464.89474 747.7502 465.0495
44 747.4398 464.9476 747.58344 465.1067
45 747.6028 465.04095 747.737 465.17822
46 747.7141 465.05957 747.81824 465.16702
47 747.76526 465.03934 747.9 465.17953
48 748.0609 465.05542 748.2143 465.18774
49 748.0973 465.11276 748.23816 465.2434
50 748.08386 465.15305 748.2238 465.2882
51 748.3533 465.16483 748.4114 465.22015
52 748.08997 465.22266 748.14886 465.27795
53 747.978 465.17682 748.0595 465.2686
54 747.8984 465.03836 748.0454 465.18417
55 747.8306 465.13693 747.9828 465.27942
56 747.7384 465.16632 747.9006 465.32733
57 747.527 465.085 747.6603 465.22586
58 747.6068 465.2285 747.7277 465.34424
59 747.83356 465.21808 748.0154 465.40237
60 747.74524 465.2616 747.89355 465.39722
61 747.6094 465.32993 747.761 465.47485
62 748.4877 465.0624 748.53973 465.1139
63 747.3003 464.5952 747.3945 464.67697
64 748.0821 464.21152 748.16907 464.29156
65 747.7464 464.34677 747.87476 464.46762
66 747.556 464.44705 747.6719 464.56168
67 747.4646 464.49234 747.5882 464.60446
68 748.18805 464.34198 748.29706 464.48123
