0 154.44942 740.23956 154.54291 740.3337
1 154.37355 740.20734 154.48656 740.32587
2 154.01076 740.3329 154.06522 740.3897
3 153.98741 740.23425 154.05898 740.30646
4 154.1182 740.29944 154.15643 740.3383
5 154.13452 740.1537 154.26402 740.2908
6 154.22209 740.1763 154.27359 740.2274
7 154.23631 740.1758 154.3435 740.2844
8 154.28587 740.1312 154.37924 740.23083
9 154.34232 740.15393 154.451 740.2557
10 153.92105 740.1001 154.04356 740.2188
11 154.01483 740.1175 154.07184 740.1745
12 154.12291 740.1266 154.18588 740.1882
13 154.25064 740.0687 154.35153 740.1651
14 154.28168 739.8791 154.4422 740.06934
15 154.22723 739.9808 154.3302 740.0865
16 154.14983 740.0014 154.27753 740.14124
17 154.0366 739.9718 154.17375 740.1197
18 153.75813 740.16034 153.82265 740.22205
19 153.83794 740.11707 153.93373 740.2028
20 153.77069 740.0102 153.9042 740.13367
21 153.88362 740.05347 153.97221 740.1455
22 153.94954 740.0196 154.04236 740.1145
23 154.00555 739.8893 154.13719 740.0164
24 154.07971 739.8473 154.20268 739.9716
25 154.11954 739.9443 154.22603 740.0535
26 154.17699 739.866 154.30821 740.0014
27 153.72136 739.9265 153.84517 740.0448
28 153.88135 739.8924 154.02553 740.0359
29 153.9665 739.81134 154.08566 739.93604
30 154.0612 739.83563 154.1305 739.90497
31 154.19003 739.7654 154.27347 739.8513
32 154.2699 739.72156 154.44691 739.8927
33 154.35966 739.76 154.49342 739.9069
34 154.43622 739.82733 154.5126 739.9027
35 154.43602 739.7861 154.50468 739.8516
36 154.39957 739.9024 154.56207 740.0881
37 154.4964 739.9582 154.54587 740.01044
38 154.4129 739.9118 154.47948 739.97943
39 154.54619 739.9831 154.59946 740.0394
40 154.62918 740.23126 154.72598 740.3239
41 154.60744 740.3377 154.65454 740.38446
42 154.5194 740.11237 154.62123 740.2132
43 154.57663 740.0202 154.69342 740.1315
44 153.72658 740.04175 154.03241 740.3359
45 153.87386 740.2583 154.09962 740.44916
46 153.75856 740.3684 153.89445 740.53503
47 153.82277 740.4588 153.98628 740.63995
48 153.94823 740.32086 154.19522 740.5571
49 153.87923 740.5917 154.05164 740.7842
50 153.97914 740.4564 154.25954 740.7479
51 154.1423 740.532 154.42642 740.7863
52 154.09319 740.195 154.35114 740.4519
53 154.26248 740.218 154.46262 740.4161
54 154.17332 740.3805 154.41289 740.60315
55 154.32942 740.316 154.54254 740.52905
56 154.45418 740.20856 154.68945 740.44867
57 154.6082 740.257 154.90285 740.5299
58 154.69537 740.32294 154.9369 740.5523
59 154.45525 740.5387 154.58986 740.6715
60 153.95003 740.73596 154.1206 740.9048
61 154.10193 739.7699 154.20338 739.86755
62 153.86983 739.8612 153.99034 739.96954
63 153.62798 739.95264 153.76257 740.0821
64 153.62605 740.05835 153.74995 740.19055
65 154.46262 739.7036 154.61356 739.89124
