0 611.31604 -25.384678 611.37836 -25.296896
1 611.15894 -25.42795 611.2957 -25.317265
2 611.08655 -25.381624 611.20605 -25.257267
3 611.031 -25.37832 611.1137 -25.298672
4 610.9376 -25.374727 611.01624 -25.312572
5 610.9854 -25.43939 611.08704 -25.331741
6 611.075 -25.47166 611.1798 -25.387466
7 610.8778 -25.4505 610.9968 -25.316956
8 610.82324 -25.398792 610.91876 -25.292986
9 610.74054 -25.312054 610.84717 -25.213854
10 610.745 -25.405422 610.83777 -25.286009
11 610.7356 -25.441883 610.7864 -25.380808
12 610.6294 -25.401575 610.7432 -25.27441
13 610.6916 -25.314291 610.76636 -25.241915
14 610.5946 -25.341928 610.6867 -25.229822
15 610.53906 -25.43757 610.6608 -25.302471
16 610.4824 -25.40841 610.5675 -25.316025
17 610.36865 -25.301834 610.47504 -25.17597
18 610.4649 -25.315235 610.57904 -25.199911
19 610.62366 -25.506792 610.731 -25.408535
20 610.7163 -25.511677 610.831 -25.405537
21 610.7999 -25.52591 610.93915 -25.402489
22 610.67694 -25.56051 610.78186 -25.4829
23 610.36804 -25.476496 610.47766 -25.366833
24 610.405 -25.512405 610.55865 -25.374552
25 610.5306 -25.5543 610.6394 -25.438774
26 610.60455 -25.607103 610.6997 -25.504618
27 610.6766 -25.629316 610.77203 -25.516262
28 610.6963 -25.662037 610.8525 -25.501549
29 610.76843 -25.728434 610.92224 -25.589252
30 610.84393 -25.642548 610.9729 -25.516054
31 610.96075 -25.686863 611.0658 -25.584846
32 610.9159 -25.790812 611.06 -25.649168
33 611.0486 -25.820051 611.1469 -25.72719
34 611.0847 -25.875078 611.23267 -25.749586
35 611.15106 -25.77496 611.2723 -25.6755
36 611.046 -25.728111 611.17316 -25.607048
37 611.10706 -25.690619 611.264 -25.590723
38 611.27625 -25.665262 611.35175 -25.553928
39 611.166 -25.627054 611.27155 -25.534225
40 611.0884 -25.540344 611.2708 -25.397375
41 611.2611 -26.261047 611.3035 -26.205309
42 611.23987 -26.210138 611.303 -26.151293
43 611.19006 -26.184647 611.22656 -26.151173
44 611.1489 -26.254824 611.2418 -26.16308
45 611.1915 -26.15555 611.2756 -26.090948
46 611.21185 -26.106459 611.3029 -26.006308
47 611.1048 -25.978092 611.23505 -25.866652
48 611.1061 -26.061218 611.2045 -25.967026
49 611.1548 -26.116005 611.233 -26.042015
50 611.1182 -26.139214 611.18677 -26.078583
51 611.0696 -26.211473 611.1477 -26.10716
52 611.00006 -26.195465 611.0832 -26.126328
53 610.93677 -26.148663 611.0111 -26.066437
54 610.99677 -26.137835 611.0953 -26.050888
55 611.0457 -26.093798 611.1355 -26.007599
56 610.89044 -26.027575 611.0688 -25.900776
57 610.9977 -25.920067 611.12976 -25.795282
58 610.8951 -25.888075 611.0262 -25.76667
59 610.81555 -25.840956 610.9505 -25.705378
60 610.7528 -25.794065 610.8613 -25.697685
61 610.66956 -25.743286 610.7827 -25.623428
62 610.5889 -25.708101 610.6958 -25.599997
63 610.5118 -25.678246 610.6163 -25.537386
64 610.44855 -25.638922 610.5434 -25.5101
65 610.4529 -25.641907 610.4863 -25.590897
66 610.4118 -25.634087 610.4554 -25.5644
67 610.3672 -25.71557 610.44324 -25.629246
68 610.4172 -25.751854 610.52783 -25.646059
69 610.4102 -25.803677 610.4976 -25.730213
70 610.34186 -25.800167 610.4232 -25.71338
71 610.5475 -25.773125 610.60345 -25.72017
72 610.60187 -25.769518 610.63776 -25.735437
73 610.59015 -25.814003 610.7027 -25.694204
74 610.67566 -25.863672 610.803 -25.724796
75 610.73694 -25.914068 610.91144 -25.80145
76 610.7949 -25.983162 610.87964 -25.90993
77 610.8561 -26.000805 610.9635 -25.886059
78 610.8435 -26.05287 610.8993 -25.99466
79 610.73395 -26.015066 610.82837 -25.921879
80 610.678 -26.006685 610.75415 -25.919031
81 610.6661 -25.937334 610.76 -25.856714
82 610.61725 -25.896381 610.68726 -25.833649
83 610.5795 -25.844952 610.65106 -25.764944
84 610.44507 -25.880896 610.5812 -25.77027
85 610.5072 -25.818455 610.5708 -25.760885
86 610.4659 -25.961838 610.5103 -25.912516
87 610.3394 -25.90989 610.46234 -25.768753
88 610.50745 -25.980206 610.5539 -25.916208
89 610.5285 -25.979303 610.60675 -25.89806
90 610.5326 -26.023119 610.627 -25.92861
91 610.58044 -26.037697 610.68256 -25.909569
92 610.6882 -26.062908 610.7527 -25.994713
93 610.74426 -26.105183 610.84283 -25.994495
94 610.7512 -26.075678 610.8026 -26.022463
95 610.8096 -26.123962 610.9038 -26.032108
96 611.0796 -25.532665 611.15643 -25.466703
97 610.97986 -25.59772 611.0838 -25.492502
98 610.9789 -25.530386 611.07697 -25.448088
99 611.0542 -25.612507 611.16125 -25.51757
100 611.00037 -25.627165 611.0555 -25.584171
101 610.4013 -25.57632 610.47546 -25.511913
102 610.3785 -25.334856 610.4293 -25.280369
103 610.81024 -25.587646 610.8486 -25.555992
104 610.5065 -25.933578 610.5588 -25.885557
105 610.3261 -26.196854 610.3631 -26.165314
106 610.82983 -25.31713 610.95575 -25.225845
107 610.9692 -25.303734 611.0488 -25.259287
108 611.0205 -25.313639 611.1331 -25.261074
109 611.2268 -25.335546 611.3107 -25.272272
110 611.25183 -25.797398 611.3371 -25.672699
111 611.2627 -25.906872 611.3323 -25.8033
112 611.2382 -26.005709 611.31915 -25.89259
113 610.3162 -25.880157 610.4075 -25.710114
114 610.3468 -25.710072 610.3981 -25.634447
115 610.34326 -25.525126 610.44104 -25.362423
