0 237.15993 764.462 237.25383 764.5581
1 237.05388 764.49445 237.14017 764.5778
2 237.1475 764.35406 237.21301 764.41644
3 237.14848 764.39484 237.20302 764.4497
4 237.1851 764.44446 237.23982 764.5
5 236.95235 764.4547 237.0328 764.5393
6 236.98578 764.4156 237.06944 764.50616
7 236.92696 764.3536 237.04512 764.4635
8 237.166 764.3 237.23158 764.3642
9 237.13892 764.2664 237.2011 764.3257
10 237.1957 764.30695 237.28635 764.3979
11 237.22954 764.3394 237.36043 764.4709
12 237.31102 764.32806 237.40323 764.4277
13 237.35707 764.3021 237.44931 764.4018
14 237.43329 764.2314 237.57143 764.37036
15 237.50516 764.1574 237.64552 764.2941
16 237.67873 764.27936 237.71277 764.3158
17 237.27357 764.27545 237.32846 764.3309
18 237.29314 764.23303 237.39384 764.3345
19 237.353 764.0928 237.53476 764.27716
20 237.45049 764.0856 237.56824 764.2042
21 237.33998 764.1713 237.37964 764.21045
22 237.5127 764.0484 237.59628 764.1325
23 236.85501 764.2874 236.97977 764.412
24 236.81091 764.26154 236.89436 764.3505
25 236.91959 764.24146 237.02312 764.34186
26 237.01866 764.1668 237.20682 764.3503
27 237.1689 764.1507 237.27698 764.25397
28 237.2077 764.116 237.35356 764.26117
29 237.35245 764.15247 237.38506 764.1847
30 237.36433 764.0158 237.48352 764.1357
31 237.2926 763.89624 237.45978 764.0572
32 237.184 764.00195 237.30104 764.12036
33 237.23698 764.0215 237.28235 764.066
34 237.16728 764.12305 237.2401 764.1948
35 237.1482 764.0663 237.18735 764.1068
36 237.1099 764.08154 237.21086 764.1761
37 237.08107 764.033 237.17738 764.1267
38 237.24843 763.9758 237.29257 764.0207
39 237.01585 764.1001 237.14955 764.2398
40 236.9685 764.1883 237.0584 764.27734
41 236.88017 764.0889 237.00896 764.2207
42 236.79341 764.30817 236.85248 764.3705
43 236.76361 764.23236 236.84312 764.3114
44 236.93924 764.08844 236.99094 764.1396
45 237.19283 763.8104 237.31982 763.9421
46 237.1098 763.86346 237.2382 763.9955
47 236.99632 763.99036 237.10701 764.1012
48 237.03827 763.9408 237.14136 764.04987
49 237.09755 763.9705 237.14575 764.0234
50 237.01033 764.14996 237.05417 764.1914
51 236.75494 764.077 236.90913 764.2204
52 236.6476 764.0047 236.77089 764.1233
53 236.69382 764.0421 236.7957 764.1423
54 236.80722 764.00946 236.86691 764.06934
55 236.78043 763.90234 236.90202 764.02356
56 236.88309 764.0392 236.9326 764.088
57 236.85762 764.11273 236.89964 764.1532
58 236.73303 764.1047 236.8376 764.20026
59 236.86041 763.8452 236.98962 763.97375
60 236.84956 763.89343 236.91133 763.95123
61 236.95364 763.86597 237.02937 763.93945
62 236.91231 763.9178 237.03918 764.0467
63 236.97191 763.867 237.08496 763.98474
64 237.05284 763.86755 237.10632 763.9188
65 237.10535 763.7544 237.22255 763.8726
66 237.19415 763.79456 237.26582 763.8647
67 237.09581 763.91064 237.1402 763.95245
68 236.96321 763.715 237.0935 763.849
69 237.05363 763.68115 237.15668 763.7792
70 237.0889 763.7564 237.1585 763.8239
71 237.15054 763.71936 237.21078 763.7796
72 237.1955 763.74243 237.22112 763.76874
73 237.19308 763.6773 237.251 763.7325
74 237.26685 763.7533 237.34222 763.8263
75 237.42632 763.61523 237.61403 763.801
76 237.28293 763.7225 237.48308 763.9209
77 237.40028 763.87 237.53258 764.00006
78 237.45277 763.74243 237.62819 763.91925
79 237.38486 763.7587 237.4199 763.795
80 237.57501 763.83154 237.7172 763.9731
81 237.64995 763.9775 237.7143 764.0429
82 237.58658 764.05286 237.65921 764.1248
83 237.44612 764.05743 237.49132 764.1021
84 237.54378 763.9924 237.59993 764.04834
85 237.45883 763.9397 237.58308 764.0657
86 237.59993 764.13165 237.6986 764.2313
87 237.65492 764.16547 237.68275 764.1933
88 237.71555 763.98816 237.83617 764.11224
89 237.75089 764.26715 237.79532 764.3107
90 237.82076 764.23315 237.8621 764.2752
91 237.77365 764.0574 237.90872 764.19104
92 237.21565 763.7058 237.2838 763.7776
93 236.7681 764.0448 236.84315 764.1143
94 236.97783 764.08386 237.03592 764.1435
95 237.16125 764.0095 237.22751 764.07855
96 237.05592 764.08276 237.12209 764.14825
97 237.0152 764.22626 237.07973 764.29144
98 237.262 764.0613 237.30684 764.1054
99 237.52898 763.9431 237.59134 764.0069
100 237.29578 764.0947 237.36331 764.15875
101 237.23833 764.1424 237.28873 764.1921
102 236.98756 764.3634 237.04207 764.41736
103 237.19421 764.24475 237.28778 764.3421
104 237.62265 764.0275 237.66718 764.07294
105 237.06328 764.44196 237.1456 764.5246
106 237.20619 764.393 237.26741 764.4551
107 237.6811 764.14935 237.72816 764.1959
108 237.55501 764.12665 237.8447 764.4191
109 237.50078 764.37036 237.67303 764.5438
110 237.35356 764.35 237.54301 764.54425
111 237.31953 764.46466 237.48099 764.6313
112 236.74876 763.90765 236.8319 763.983
113 236.61626 763.98596 236.71371 764.07666
114 236.92258 764.4626 237.02954 764.5799
