0 552.09235 707.99084 552.1668 708.0653
1 552.0517 708.02924 552.0941 708.07263
2 551.9593 708.0384 552.0184 708.09265
3 551.94135 708.04834 551.96936 708.0754
4 551.9897 708.00433 552.0431 708.0553
5 551.9993 707.9441 552.08057 708.0215
6 551.94183 707.9076 552.0233 708.0002
7 551.8908 707.96 551.93286 708.00696
8 551.82367 707.9507 551.874 708.00385
9 551.83514 707.8309 551.9663 707.9408
10 551.96497 707.81915 552.06744 707.9255
11 552.0428 707.8326 552.15063 707.9554
12 551.6831 707.85944 551.76227 707.9284
13 551.6084 707.8162 551.6945 707.89856
14 551.5159 707.79846 551.59814 707.8797
15 551.5649 707.75555 551.641 707.83167
16 551.6301 707.72504 551.731 707.8298
17 551.70886 707.7914 551.7937 707.8733
18 551.7958 707.7602 551.87476 707.83826
19 551.87933 707.7662 551.9625 707.8562
20 551.9749 707.7441 552.0627 707.83276
21 552.0385 707.70447 552.1702 707.8261
22 552.1043 707.6219 552.21924 707.7368
23 552.02405 707.643 552.1036 707.7351
24 552.0559 707.59564 552.13556 707.6762
25 551.9814 707.61993 552.0244 707.66833
26 552.12177 707.5293 552.19183 707.59595
27 552.0819 707.5704 552.1691 707.645
28 552.0658 707.46625 552.13715 707.5527
29 552.00726 707.51605 552.101 707.6166
30 551.9279 707.5271 552.0006 707.6042
31 551.94556 707.42523 552.0486 707.5384
32 551.8775 707.4175 551.9721 707.53577
33 551.86975 707.5815 551.9686 707.6784
34 551.9091 707.68176 552.0067 707.78326
35 551.8309 707.65674 551.9241 707.76495
36 551.7505 707.6303 551.85315 707.7422
37 551.8153 707.5952 551.8817 707.6689
38 551.8393 707.51385 551.9256 707.60645
39 551.7952 707.43243 551.8898 707.5192
40 551.76685 707.3751 551.83746 707.4655
41 551.76117 707.4741 551.85767 707.59283
42 551.7157 707.56354 551.8093 707.6683
43 551.6613 707.641 551.7632 707.74963
44 551.60535 707.62225 551.6876 707.7229
45 551.64594 707.5085 551.7457 707.6305
46 551.718 707.4946 551.7854 707.57214
47 551.64496 707.42194 551.7355 707.5217
48 551.56866 707.55115 551.65607 707.6337
49 551.5888 707.6661 551.6175 707.6957
50 551.4492 707.588 551.55963 707.68964
51 551.5249 707.54834 551.58606 707.6134
52 551.3763 707.5097 551.4893 707.62177
53 551.33673 707.56 551.4023 707.6207
54 551.333 707.63116 551.3864 707.6821
55 551.2546 707.5659 551.3214 707.6342
56 551.294 707.3936 551.39386 707.49927
57 551.4773 707.3494 551.5958 707.4714
58 551.57526 707.3551 551.68085 707.47614
59 551.408 707.40485 551.5517 707.5331
60 551.38715 707.3676 551.4751 707.47156
61 551.3087 707.2892 551.4183 707.4046
62 551.41437 707.30347 551.5186 707.40234
63 551.3838 707.2726 551.4607 707.34216
64 551.85944 708.00354 551.9028 708.0387
65 551.96014 708.0128 551.9828 708.0379
66 551.3628 707.7916 551.5507 707.96796
67 551.1844 707.55597 551.34607 707.78674
68 551.2327 707.57416 551.45935 707.7983
69 551.831 708.00305 551.9077 708.0939
70 551.3013 707.77563 551.44116 707.9368
71 551.1592 707.82776 551.29407 707.952
72 551.59937 707.9271 551.73987 708.06903
73 551.67377 707.92285 551.8434 708.0769
74 551.94305 708.0583 552.1171 708.242
75 551.8734 708.1406 551.98737 708.2469
76 551.8322 708.1471 551.90894 708.2185
77 551.677 708.06714 551.8228 708.18677
78 551.61835 708.07196 551.72986 708.17816
79 551.25543 707.8963 551.5105 708.1108
80 551.1577 707.89996 551.3301 708.06995
81 551.93567 708.2169 552.08673 708.36945
82 551.87775 708.05945 551.98785 708.1671
83 551.7559 708.1625 551.9503 708.35254
84 551.6943 708.1442 551.8301 708.27954
85 551.5624 708.1339 551.7134 708.267
86 551.47565 708.08795 551.61786 708.2176
87 551.34515 708.125 551.51086 708.28296
88 551.1555 708.0665 551.2794 708.1789
89 551.1317 708.07605 551.3558 708.2445
90 551.5307 708.2196 551.7476 708.36206
91 551.3242 707.25433 551.3995 707.32715
92 551.4891 707.3056 551.5617 707.3584
