0 -20.407925 21.956627 -20.367624 22.005001
1 -20.151476 21.966404 -20.053623 22.073568
2 -20.08887 22.014486 -20.004318 22.1009
3 -20.12112 22.075459 -20.011824 22.165504
4 -20.29404 22.033445 -20.203415 22.131521
5 -20.3689 22.055153 -20.312233 22.100641
6 -20.339794 22.094698 -20.263308 22.14945
7 -20.417364 22.240686 -20.358837 22.294245
8 -20.230337 22.039371 -20.179394 22.098387
9 -20.22235 22.11882 -20.163292 22.18036
10 -20.277613 22.151995 -20.142021 22.259022
11 -20.36467 22.180841 -20.251173 22.334082
12 -20.262552 22.241653 -20.185938 22.31827
13 -20.153688 22.152351 -20.026745 22.258802
14 -20.104122 22.219221 -20.051403 22.26511
15 -20.174839 22.252764 -20.0702 22.352434
16 -20.422037 22.316914 -20.37557 22.358414
17 -20.352526 22.32662 -20.293957 22.39078
18 -20.303013 22.31712 -20.236238 22.385134
19 -20.374758 22.388304 -20.30182 22.459377
20 -20.334038 22.45056 -20.220886 22.558743
21 -20.419584 22.565495 -20.381584 22.599146
22 -20.337385 22.548616 -20.18796 22.664507
23 -20.348478 22.68968 -20.298157 22.749317
24 -20.252335 22.579031 -20.21855 22.609093
25 -20.23853 22.615158 -20.193172 22.659893
26 -20.193167 22.6349 -20.159248 22.666954
27 -20.202919 22.711424 -20.120628 22.803648
28 -20.2228 22.786093 -20.170748 22.841871
29 -20.31025 22.780493 -20.230795 22.859945
30 -20.37466 22.776953 -20.303322 22.85388
31 -20.380861 22.840517 -20.326591 22.88982
32 -20.244278 22.854736 -20.188324 22.909449
33 -20.160685 22.844604 -20.084335 22.927162
34 -20.07562 22.813398 -20.01231 22.88913
35 -20.037683 22.813864 -20.017687 22.835724
36 -20.128826 22.767 -20.068884 22.831913
37 -20.129963 22.678932 -20.060352 22.749784
38 -20.072533 22.675169 -20.030855 22.714363
39 -20.046757 22.724249 -19.972757 22.801353
40 -20.103477 22.63729 -20.069338 22.67267
41 -20.095022 22.598688 -20.061636 22.632696
42 -20.026894 22.63815 -19.986456 22.678585
43 -20.118336 22.32903 -20.017199 22.415884
44 -20.212374 22.336039 -20.102411 22.42613
45 -20.221949 22.423376 -20.113895 22.5246
46 -20.135717 22.42479 -20.040302 22.515238
47 -20.213917 22.508987 -20.106525 22.590298
48 -20.025938 22.32019 -19.977167 22.366478
49 -20.029984 22.361559 -20.007902 22.384882
50 -20.043922 22.427015 -20.001446 22.46825
51 -19.989695 22.463081 -19.934982 22.519037
52 -19.91941 22.491165 -19.881456 22.52415
53 -19.943796 22.570078 -19.880615 22.63388
54 -20.012394 22.53765 -19.940432 22.604021
55 -20.088203 22.542755 -20.012207 22.610058
56 -20.034067 22.589989 -19.985384 22.634947
57 -19.960417 22.632887 -19.91723 22.67483
58 -19.989061 22.725803 -19.963657 22.759281
59 -19.96631 22.716274 -19.940996 22.74842
60 -19.950926 22.835508 -19.899137 22.887295
61 -19.85219 22.73664 -19.78205 22.815475
62 -19.882557 22.78624 -19.793129 22.886223
63 -19.791586 22.819622 -19.728895 22.895975
64 -19.714928 22.786535 -19.648468 22.859827
65 -19.635363 22.746555 -19.559855 22.816473
66 -19.647331 22.821655 -19.552889 22.907402
67 -19.59837 22.701855 -19.551771 22.755285
68 -19.62191 22.670052 -19.587193 22.704147
69 -19.913223 22.694073 -19.862103 22.745815
70 -19.87408 22.554302 -19.824291 22.61589
71 -19.888224 22.634865 -19.787577 22.73427
72 -19.832176 22.667238 -19.785002 22.719381
73 -19.794308 22.68454 -19.753344 22.742891
74 -19.746458 22.678392 -19.668074 22.781616
75 -19.769796 22.742237 -19.738495 22.774782
76 -19.701899 22.721636 -19.643019 22.780516
77 -19.68084 22.639143 -19.586 22.730877
78 -19.659409 22.584116 -19.55765 22.67035
79 -19.575272 22.624773 -19.490675 22.711853
80 -19.575321 22.547062 -19.467266 22.63835
81 -19.745928 22.5828 -19.701544 22.622835
82 -19.81211 22.569954 -19.733187 22.63149
83 -19.859167 22.492487 -19.814964 22.539795
84 -19.792828 22.497566 -19.703926 22.5697
85 -19.717245 22.519287 -19.63256 22.607698
86 -19.626902 22.464632 -19.517298 22.579203
87 -19.541128 22.432457 -19.420086 22.549774
88 -19.694632 22.433987 -19.637482 22.496727
89 -19.75789 22.426105 -19.684025 22.501215
90 -19.838974 22.416182 -19.744492 22.51253
91 -19.819649 22.35358 -19.78134 22.391888
92 -19.53242 22.350233 -19.457134 22.42676
93 -19.597376 22.302282 -19.514286 22.386614
94 -19.740047 22.34523 -19.626717 22.44614
95 -19.9066 22.412653 -19.87091 22.451448
96 -19.89399 22.335493 -19.850584 22.380764
97 -19.957846 22.312517 -19.878529 22.409842
98 -19.94168 22.214159 -19.868214 22.283281
99 -19.976389 22.24716 -19.939411 22.28538
100 -19.87557 22.252802 -19.784899 22.34161
101 -19.794508 22.267008 -19.717583 22.34828
102 -19.723955 22.27345 -19.655539 22.326344
103 -19.577227 22.223175 -19.489882 22.311762
104 -19.52564 22.283333 -19.481972 22.342527
105 -19.625982 22.210896 -19.577879 22.277006
106 -19.692432 22.203993 -19.608723 22.287703
107 -19.801477 22.199217 -19.754925 22.25198
108 -19.761965 22.194572 -19.698212 22.276957
109 -19.846907 22.173512 -19.790375 22.226938
110 -19.897005 22.112837 -19.831696 22.178766
111 -19.9714 22.134794 -19.911629 22.18711
112 -20.061935 22.150715 -20.01578 22.19749
113 -20.030285 22.107203 -19.952604 22.179914
114 -19.9673 22.042122 -19.851397 22.14188
115 -19.940964 21.961084 -19.829271 22.047316
116 -19.858221 21.992756 -19.794329 22.057268
117 -19.791817 22.015411 -19.707308 22.091228
118 -19.818617 22.085295 -19.744038 22.151178
119 -19.756247 22.099562 -19.69386 22.141457
120 -19.716211 22.031616 -19.62266 22.133862
121 -19.640207 22.066305 -19.579288 22.125984
122 -19.597828 21.923302 -19.512432 22.00249
123 -19.67587 21.897469 -19.628252 21.94633
124 -19.717615 21.961811 -19.651724 22.006588
125 -20.334282 22.872435 -20.272787 22.940762
126 -19.50073 22.652586 -19.448854 22.705704
127 -20.280766 22.70154 -20.203575 22.786804
128 -19.901533 22.457424 -19.845222 22.507524
129 -19.970516 22.370134 -19.924583 22.413586
130 -20.316704 22.36893 -20.273561 22.41021
131 -19.661808 22.295477 -19.620132 22.344604
132 -20.01782 22.20026 -19.957561 22.240026
133 -19.79205 21.968908 -19.74394 22.005219
134 -19.871176 21.924038 -19.815138 21.999949
135 -20.270388 21.964663 -20.222767 22.003588
136 -20.318016 21.972631 -20.28237 22.010763
137 -20.399557 22.021154 -20.343557 22.066599
138 -19.899 22.856852 -19.833378 22.907572
139 -20.111532 22.876518 -20.054554 22.916729
140 -20.426716 22.636301 -20.34159 22.741297
141 -20.447708 22.391438 -20.37141 22.503132
142 -20.465166 22.113518 -20.387712 22.212706
143 -20.234968 21.91853 -20.172136 21.957144
144 -19.9284 21.900726 -19.848454 21.947762
145 -19.815273 21.898224 -19.724596 21.957232
146 -19.558344 21.953358 -19.454817 22.0662
147 -19.54359 22.120567 -19.447292 22.234253
148 -19.567497 22.039911 -19.514425 22.09112
149 -19.49449 22.500923 -19.453703 22.556614
150 -19.49936 22.56689 -19.435823 22.62608
