0 120.283905 -85.95904 120.3628 -85.87973
1 120.25534 -85.89061 120.32937 -85.81575
2 120.16978 -85.801 120.20531 -85.765465
3 120.42963 -85.99093 120.47364 -85.94358
4 120.38809 -85.80923 120.46923 -85.73808
5 120.34358 -85.75699 120.44041 -85.66599
6 120.33575 -85.72189 120.39659 -85.66937
7 120.470314 -85.77931 120.519585 -85.73129
8 120.44906 -85.70815 120.51783 -85.635635
9 120.504326 -85.71411 120.59456 -85.632614
10 120.400856 -85.694885 120.46935 -85.629715
11 120.19972 -85.77192 120.24663 -85.73084
12 120.172455 -85.70468 120.30193 -85.570206
13 120.25415 -85.66723 120.38581 -85.523094
14 120.347496 -85.62714 120.414734 -85.56239
15 120.22784 -85.58825 120.325874 -85.50186
16 120.16092 -85.62512 120.20509 -85.583855
17 120.14293 -85.60193 120.19786 -85.55366
18 120.31768 -85.56173 120.39595 -85.48096
19 120.37914 -85.5662 120.52913 -85.38625
20 120.46152 -85.644196 120.54247 -85.56864
21 120.504715 -85.673706 120.53495 -85.64388
22 120.59025 -85.788414 120.648865 -85.72605
23 120.620544 -85.83301 120.6933 -85.76025
24 120.664566 -85.865456 120.704315 -85.82737
25 120.728645 -85.852135 120.79758 -85.7857
26 120.68932 -85.781525 120.76885 -85.702
27 120.77448 -85.77929 120.85022 -85.70105
28 120.82467 -85.84208 120.84714 -85.81378
29 120.83685 -85.79837 120.86013 -85.77426
30 120.85699 -85.77099 120.90734 -85.71814
31 120.914894 -85.71793 120.95802 -85.67646
32 120.88241 -85.67964 120.93426 -85.62405
33 120.804436 -85.62188 120.97364 -85.45268
34 120.7735 -85.553314 120.85337 -85.4826
35 120.69123 -85.54492 120.73879 -85.500275
36 120.73337 -85.49324 120.82009 -85.405685
37 120.61132 -85.708405 120.73141 -85.59331
38 120.699905 -85.66283 120.752304 -85.61709
39 120.67295 -85.63209 120.743744 -85.56837
40 120.64112 -85.604805 120.69227 -85.557816
41 120.56835 -85.65793 120.67817 -85.568085
42 120.518105 -85.56875 120.70023 -85.409096
43 120.47959 -85.50991 120.556885 -85.44677
44 120.64387 -85.49316 120.69229 -85.44598
45 120.675545 -85.424385 120.758606 -85.347565
46 120.73637 -85.36632 120.814644 -85.285545
47 120.59402 -85.424866 120.6823 -85.32618
48 120.46925 -85.45991 120.5295 -85.40257
49 120.51575 -85.45326 120.63342 -85.3256
50 120.20329 -85.55135 120.27845 -85.49284
51 120.08476 -85.51312 120.14184 -85.46021
52 120.13604 -85.49786 120.281166 -85.34858
53 120.22804 -85.451225 120.34805 -85.31998
54 120.318794 -85.43819 120.450195 -85.29971
55 120.29797 -85.36037 120.34326 -85.31259
56 120.40587 -85.41308 120.508385 -85.29225
57 120.37552 -85.367355 120.43824 -85.315865
58 120.33885 -85.32461 120.468094 -85.218666
59 120.38956 -85.23161 120.55283 -85.06834
60 120.50165 -85.27259 120.6056 -85.15574
61 120.590935 -85.27429 120.674255 -85.191795
62 120.66494 -85.27612 120.744064 -85.19451
63 120.724945 -85.23055 120.77933 -85.172424
64 120.632416 -85.21166 120.68991 -85.15749
65 120.68036 -85.19687 120.698524 -85.1812
66 120.677895 -85.16858 120.75053 -85.11092
67 120.59079 -85.16899 120.6802 -85.086655
68 120.54238 -85.08609 120.63382 -84.986336
69 120.47505 -85.162094 120.59535 -85.04637
70 120.39931 -85.10374 120.53234 -84.97028
71 120.07057 -85.40008 120.202965 -85.268524
72 120.16281 -85.34503 120.32189 -85.18263
73 120.019226 -85.29624 120.181145 -85.14514
74 120.01049 -85.237015 120.06667 -85.18999
75 120.06667 -85.198326 120.24681 -85.0003
76 120.23163 -85.20703 120.46422 -84.981094
77 120.204414 -85.09235 120.334526 -84.95766
78 120.10571 -85.12018 120.23247 -84.98552
79 120.277275 -85.073265 120.346855 -84.97872
80 120.33337 -85.05327 120.44509 -84.93488
81 120.33578 -85.11745 120.397934 -85.057785
82 120.47961 -84.996765 120.526634 -84.94058
83 120.51615 -85.03694 120.55525 -85.00075
84 120.64014 -84.96595 120.72769 -84.87923
85 120.79178 -84.92579 120.86659 -84.85847
86 120.63457 -85.07261 120.83476 -84.88449
87 120.81044 -85.05529 120.91019 -84.96553
88 120.759705 -85.14813 120.89786 -85.03079
89 120.84427 -85.101524 120.8916 -85.05918
90 120.901024 -85.16638 120.939384 -85.11929
91 120.92081 -85.21021 120.97158 -85.15777
92 120.8053 -85.21482 120.887115 -85.13675
93 120.85165 -85.28702 120.940285 -85.195465
94 120.9408 -85.128235 121.00014 -85.05559
95 120.84549 -85.3977 120.899216 -85.34314
96 120.914474 -85.35863 121.02387 -85.26837
97 121.01681 -85.37496 121.09014 -85.3087
98 120.952614 -85.399536 121.00548 -85.3475
99 120.98005 -85.436676 121.030396 -85.3855
100 121.01673 -85.48202 121.040436 -85.45665
101 120.94187 -85.525406 120.96535 -85.50235
102 121.08541 -85.5725 121.14142 -85.521065
103 120.71772 -85.71905 120.801216 -85.64096
104 120.473816 -85.36491 120.584045 -85.24926
105 120.55793 -85.35861 120.63834 -85.27321
106 120.860565 -84.95902 120.9507 -84.86472
107 120.92031 -85.152336 120.96752 -85.09888
108 121.000404 -85.24893 121.0351 -85.21257
109 120.29097 -85.50849 120.35084 -85.44738
110 120.371994 -85.49544 120.430756 -85.44084
111 120.26742 -85.77008 120.32134 -85.71657
112 120.42442 -85.850525 120.49124 -85.78537
113 120.40205 -85.92562 120.47075 -85.8615
114 120.49551 -85.92904 120.55701 -85.87295
115 120.52186 -85.96007 120.5884 -85.90394
116 120.533066 -84.967636 120.66922 -84.83814
117 120.19482 -85.88272 120.33945 -85.716866
118 120.23325 -85.9909 120.35072 -85.86219
