0 747.6539 172.2167 747.6919 172.2535
1 747.5295 172.17857 747.5898 172.24222
2 747.29364 172.1167 747.4701 172.2913
3 747.3156 172.13353 747.37805 172.19592
4 747.20056 172.16203 747.3622 172.30244
5 747.4284 172.29395 747.5834 172.43933
6 747.3861 172.36548 747.50104 172.47769
7 747.3013 172.2955 747.42896 172.42535
8 747.2232 172.26259 747.3415 172.37778
9 747.226 172.1978 747.28107 172.24701
10 747.1987 172.22638 747.2686 172.29102
11 747.3499 172.47754 747.47424 172.61078
12 747.3282 172.38873 747.41895 172.47084
13 747.31805 172.43599 747.40204 172.50978
14 747.2773 172.49384 747.383 172.59929
15 747.23315 172.40106 747.3241 172.48924
16 747.23254 172.45558 747.3 172.51906
17 747.27814 172.35643 747.3296 172.40572
18 747.2034 172.30464 747.2606 172.35352
19 747.1814 172.39345 747.22784 172.43526
20 747.1178 172.31593 747.19476 172.38863
21 747.32043 172.03539 747.38544 172.10133
22 747.1179 171.94052 747.21405 172.02618
23 747.2182 172.02231 747.25085 172.05557
24 747.2233 172.10622 747.29083 172.17152
25 747.1885 172.14764 747.23224 172.19734
26 747.1317 172.20216 747.20215 172.27257
27 747.0612 172.16206 747.1322 172.23547
28 747.0142 172.09003 747.16486 172.23972
29 747.111 172.0633 747.1449 172.09625
30 747.1129 171.9879 747.15826 172.0397
31 747.0261 172.01955 747.0757 172.07248
32 746.97235 172.02675 747.0157 172.07071
33 747.0452 171.93178 747.094 171.97383
34 746.9327 171.90265 747.0324 172.00426
35 746.973 172.08307 747.03546 172.14
36 747.03033 172.1385 747.0728 172.18251
37 747.0454 172.23596 747.11084 172.29617
38 746.9395 172.2584 747.0729 172.37726
39 747.0089 172.34903 747.06757 172.41418
40 747.0078 172.34258 747.1401 172.4687
41 746.94403 172.3298 746.9995 172.38655
42 746.9346 172.24992 747.00616 172.32272
43 746.92755 172.19038 747.01196 172.26898
44 746.84155 172.28296 746.92053 172.36441
45 746.8577 172.13712 746.8984 172.18114
46 746.75684 172.31871 746.836 172.39015
47 746.87476 172.39581 746.89935 172.42198
48 746.8377 172.41739 746.86176 172.44417
49 746.76666 172.40675 746.82074 172.4596
50 746.8272 172.46954 746.8851 172.53018
51 746.88666 172.43173 746.9657 172.50864
52 746.99084 172.4129 747.05115 172.47292
53 746.98486 172.4867 747.0258 172.52768
54 746.857 172.50746 746.9417 172.59213
55 746.95276 172.52747 747.0275 172.60411
56 746.96124 172.58527 747.0171 172.64174
57 747.1372 172.47736 747.2056 172.53993
58 747.32104 172.56212 747.43616 172.66708
59 747.2185 172.59013 747.3559 172.7192
60 747.2305 172.56177 747.2798 172.6141
61 747.26514 172.69116 747.33887 172.76453
62 747.27856 172.68074 747.413 172.82347
63 747.2507 172.75267 747.3164 172.81258
64 747.23627 172.7933 747.369 172.94026
65 747.23425 172.832 747.29816 172.89282
66 747.2798 172.893 747.3223 172.93245
67 747.2225 172.88803 747.28076 172.94565
68 747.0905 172.71783 747.16754 172.79053
69 747.0613 172.77014 747.15826 172.86032
70 747.08777 172.82793 747.1463 172.88524
71 747.09247 172.92503 747.2259 173.0723
72 747.0087 172.89508 747.14014 173.03908
73 746.9816 172.87329 747.06116 172.9559
74 747.17737 172.8664 747.2172 172.90407
75 747.01245 172.78638 747.0838 172.85677
76 747.0315 172.69826 747.08527 172.75322
77 746.9919 172.74083 747.0586 172.81038
78 746.91595 172.698 747.01416 172.80208
79 746.9002 172.77841 746.9934 172.87592
80 746.7027 172.76167 746.8849 172.93953
81 746.8175 172.68869 746.9287 172.79312
82 746.8034 172.6841 746.85565 172.73605
83 746.7756 172.62932 746.8497 172.69876
84 746.8055 172.59734 746.857 172.64207
85 746.7864 172.5364 746.877 172.62488
86 746.80664 172.60599 746.9314 172.72803
87 746.73444 172.69533 746.7775 172.73778
88 746.735 172.7631 746.7784 172.8071
89 746.59576 172.68034 746.6965 172.78378
90 746.6331 172.61072 746.7205 172.6935
91 746.55176 172.50008 746.7271 172.6714
92 746.6823 172.44955 746.7403 172.50566
93 746.68823 172.40419 746.7453 172.4585
94 746.6136 172.59795 746.657 172.63919
95 746.5066 172.67271 746.5643 172.72823
96 746.4437 172.55536 746.4981 172.6079
97 746.4341 172.59703 746.49146 172.65465
98 746.569 172.53377 746.5933 172.56027
99 746.5468 172.60048 746.58185 172.63583
100 746.75995 172.24121 746.8535 172.33388
101 746.65466 172.27184 746.7586 172.3764
102 746.67285 172.23471 746.72284 172.2819
103 746.71204 172.17126 746.79596 172.2487
104 746.65295 172.17574 746.7106 172.23032
105 746.668 172.04703 746.7296 172.1058
106 746.64136 171.97377 746.759 172.0914
107 746.74524 172.01027 746.8369 172.10477
108 746.79333 172.0861 746.8588 172.16235
109 746.6914 172.07262 746.78955 172.16519
110 746.8155 171.99425 746.9143 172.09772
111 746.6823 171.89175 746.8424 172.05156
112 746.9011 171.8662 746.9486 171.91493
113 746.7095 171.77467 746.86566 171.91884
114 746.73804 171.87395 746.78577 171.9251
115 747.03876 171.95851 747.0843 171.99852
116 747.1012 172.66028 747.1796 172.74052
117 747.17676 172.83797 747.22986 172.89537
118 747.27826 172.96402 747.32983 173.02296
119 747.2174 172.92195 747.271 172.97272
120 747.1286 172.51164 747.1873 172.56078
121 747.13464 172.56326 747.1849 172.61469
122 747.09155 172.57047 747.15186 172.62682
123 746.82904 172.35527 746.95715 172.48027
124 746.6937 172.21513 746.7812 172.29701
125 746.8672 172.15977 746.94275 172.22766
126 747.2044 172.34412 747.2558 172.39519
127 747.32056 172.3662 747.37933 172.42592
128 746.9744 172.15742 747.0261 172.21004
129 746.9545 172.11575 747.01715 172.1769
130 746.8447 171.93419 746.9583 172.04068
131 747.15607 172.23637 747.2202 172.30052
132 747.4683 172.29778 747.5331 172.36224
133 747.53015 172.21588 747.59467 172.27881
134 747.49634 172.20222 747.5536 172.26347
135 747.4558 172.23354 747.51074 172.29092
136 747.3686 172.25235 747.43506 172.32039
137 747.2322 172.1661 747.28503 172.21837
138 747.1275 172.04236 747.2113 172.12341
139 746.3717 172.62355 746.47974 172.71959
140 746.6314 172.75874 746.6978 172.81529
141 746.8576 172.8425 746.9938 172.987
142 747.4848 172.40742 747.5785 172.5125
