0 565.8204 -59.651276 565.936 -59.53511
1 565.90497 -59.608707 566.00745 -59.50468
2 566.02313 -59.53907 566.0746 -59.47893
3 565.9047 -59.521606 566.02264 -59.406822
4 565.84656 -59.544464 565.93066 -59.44187
5 565.79254 -59.532703 565.8643 -59.462
6 565.7015 -59.660748 565.804 -59.55112
7 565.56177 -59.602154 565.6767 -59.47494
8 565.4244 -59.63735 565.55035 -59.525192
9 565.46204 -59.553986 565.57745 -59.432884
10 565.3829 -59.586067 565.4733 -59.480255
11 565.68005 -59.521763 565.7352 -59.467674
12 565.5456 -59.483097 565.6786 -59.341446
13 565.6431 -59.40334 565.6781 -59.35604
14 565.52094 -59.38119 565.6336 -59.252586
15 565.94495 -59.010845 566.0429 -58.913387
16 565.91956 -59.095398 566.0132 -59.003845
17 566.04 -58.974457 566.1312 -58.870335
18 565.1447 -59.48105 565.21783 -59.40071
19 565.0997 -59.55604 565.2229 -59.442616
20 565.8512 -59.720116 565.8921 -59.680275
21 565.6462 -58.87228 565.9568 -58.56887
22 565.203 -58.829597 565.6697 -58.46233
23 565.64307 -59.08617 565.88916 -58.84569
24 565.43616 -59.013184 565.71295 -58.740017
25 565.94104 -59.164024 566.16925 -58.876347
26 566.0791 -58.898853 566.2384 -58.69497
27 565.9039 -59.362823 566.1191 -59.118366
28 565.91583 -59.26058 566.0038 -59.18081
29 565.8506 -59.26328 565.94653 -59.151936
30 565.76685 -59.215435 565.8491 -59.14745
31 565.10486 -58.972363 565.41205 -58.67029
32 565.67175 -59.26796 565.73157 -59.203545
33 565.12396 -59.232876 565.48895 -58.90477
34 565.1185 -59.24755 565.2724 -58.98447
35 565.59436 -59.398266 565.8373 -59.137928
36 565.6647 -59.21453 565.7326 -59.13842
37 564.9995 -59.452026 565.40375 -59.11802
38 565.865 -59.734684 566.0027 -59.620014
