0 609.83594 665.6746 609.9844 665.8043
1 609.97974 665.7361 610.0983 665.85657
2 610.10974 665.83417 610.17975 665.9108
3 610.1721 665.8325 610.26373 665.9374
4 610.2535 665.886 610.32776 665.9663
5 609.85706 665.8137 609.93616 665.8971
6 609.9321 665.8597 609.9892 665.93195
7 609.9625 665.8562 610.0575 665.95483
8 610.0419 665.8812 610.13995 665.9775
9 610.147 665.9457 610.2065 666.0003
10 610.1912 665.9405 610.2933 666.0371
11 610.24817 665.99164 610.3421 666.0783
12 610.2855 665.9064 610.4049 666.01306
13 610.35504 665.8836 610.5081 666.06573
14 610.4548 665.9931 610.59064 666.13684
15 610.5938 666.0772 610.67596 666.16486
16 610.64935 666.0218 610.7822 666.19165
17 610.59955 666.19763 610.6688 666.2584
18 610.6812 666.1996 610.77356 666.2835
19 610.645 666.2176 610.7249 666.31696
20 610.694 666.2731 610.7726 666.365
21 610.60565 666.31213 610.70935 666.40497
22 610.50525 666.18805 610.6255 666.34155
23 610.60803 666.24603 610.67694 666.32526
24 610.60156 666.3884 610.705 666.48584
25 610.5941 666.52106 610.7204 666.6752
26 610.50244 666.57056 610.6094 666.6775
27 610.5425 666.5097 610.6488 666.59546
28 610.5131 666.4262 610.6433 666.5272
29 610.4723 666.47754 610.56445 666.57385
30 610.42444 666.55896 610.52313 666.65454
31 610.4465 666.4039 610.5451 666.49097
32 610.4871 666.34296 610.6062 666.4457
33 610.3857 666.35974 610.48376 666.44806
34 610.42633 666.29974 610.53076 666.3939
35 610.42615 666.16656 610.54504 666.3049
36 610.5145 666.16943 610.56836 666.23413
37 610.5581 666.1629 610.6157 666.22595
38 610.3738 666.43176 610.47705 666.54175
39 610.3218 666.53595 610.43036 666.647
40 610.2283 666.47516 610.3334 666.62146
41 610.2551 666.4014 610.3775 666.5261
42 610.2815 666.33923 610.3861 666.43475
43 610.30927 666.2398 610.4299 666.3598
44 610.3528 666.1859 610.45416 666.2818
45 610.37695 666.12213 610.4772 666.2199
46 610.08734 666.58887 610.2051 666.67694
47 610.1421 666.4861 610.24774 666.6008
48 610.0087 666.55695 610.1074 666.65985
49 610.0433 666.47473 610.1533 666.58716
50 609.76337 666.46985 609.87396 666.5738
51 609.84863 666.446 609.9983 666.5745
52 609.95703 666.46704 610.02576 666.5146
53 610.0501 666.4291 610.1055 666.49
54 610.2126 666.4525 610.28467 666.5234
55 610.2106 666.3702 610.30414 666.4681
56 610.0877 666.413 610.2069 666.5236
57 610.08563 666.31555 610.2001 666.433
58 609.89325 666.3111 610.0213 666.441
59 609.791 666.3789 609.91003 666.4882
60 609.84894 666.3592 609.90717 666.41504
61 609.7693 666.2868 609.85675 666.3676
62 609.9656 666.29315 610.0201 666.3514
63 610.04926 666.3393 610.1044 666.3896
64 610.0412 666.3877 610.0934 666.4345
65 610.0916 666.3895 610.12854 666.43494
66 610.0614 666.2849 610.1315 666.3471
67 610.2055 666.30066 610.2736 666.37915
68 610.19696 666.2023 610.3363 666.33374
69 610.25555 666.1422 610.3722 666.2322
70 610.16095 666.1638 610.27826 666.269
71 609.81287 666.19257 609.94073 666.3205
72 609.786 666.18524 609.85815 666.26337
73 609.8292 666.1005 609.92163 666.1995
74 609.7923 666.02185 609.88635 666.1098
75 609.8423 666.0265 609.99994 666.1477
76 609.8814 665.9329 610.0486 666.06555
77 609.8948 666.13086 610.00745 666.2587
78 609.97797 666.14526 610.1015 666.284
79 610.0992 666.2083 610.2026 666.32745
80 610.0012 666.06366 610.1593 666.20544
81 609.88 665.91504 609.9694 665.99475
82 610.06976 665.95734 610.185 666.0617
83 610.0709 666.02405 610.21344 666.1301
84 610.26324 666.07806 610.33167 666.1368
85 610.3651 666.0533 610.4342 666.1193
86 610.2973 666.0426 610.41077 666.14874
87 610.1529 666.0552 610.2834 666.1832
88 610.7352 665.7832 610.786 665.83575
89 610.81824 665.7941 610.84906 665.83765
90 610.02594 666.3201 610.071 666.3676
91 609.96356 665.80884 610.02045 665.8639
92 609.8446 666.3584 609.87665 666.40076
93 609.79376 665.82025 609.90564 665.9988
94 609.7967 666.11487 609.86005 666.19025
95 609.7493 666.55945 609.87506 666.6476
96 609.85205 666.58514 609.9908 666.6639
97 610.24506 666.649 610.37274 666.7069
98 610.6526 666.4848 610.75476 666.59784
99 610.6965 666.39026 610.7753 666.50793
