0 72.93594 698.9011 73.051674 699.0184
1 73.03402 698.84753 73.17681 698.9867
2 73.035515 698.86774 73.09076 698.9081
3 73.15223 698.9489 73.18643 698.981
4 72.99451 698.8013 73.066475 698.8588
5 72.96006 698.68933 73.102234 698.796
6 72.94018 698.691 73.00317 698.74725
7 72.904686 698.60236 72.976875 698.67865
8 73.00018 698.6179 73.12406 698.7413
9 73.09605 698.5829 73.24629 698.72485
10 73.17985 698.6364 73.2405 698.7053
11 73.218834 698.70135 73.26962 698.75006
12 73.231636 698.557 73.355484 698.6773
13 73.06389 698.7718 73.10276 698.8142
14 73.13213 698.64496 73.32549 698.8347
15 73.29903 698.65375 73.42537 698.75336
16 73.332245 698.6444 73.3838 698.6908
17 73.264786 698.7207 73.41737 698.8738
18 73.34888 698.70374 73.46585 698.81506
19 73.40612 698.764 73.44729 698.80255
20 73.37682 698.83 73.46732 698.9252
21 73.32659 698.94336 73.36344 698.9792
22 73.21138 698.88654 73.3126 698.9852
23 73.33255 698.9414 73.4215 699.02625
24 73.41057 698.9209 73.490555 699.00757
25 73.45126 698.8352 73.53379 698.9162
26 73.527016 698.85974 73.60123 698.9309
27 73.59021 698.8308 73.642105 698.88477
28 73.50094 698.81537 73.54849 698.8665
29 73.46515 698.73663 73.55368 698.8195
30 73.55228 698.7656 73.61256 698.82385
31 73.51558 698.57996 73.663635 698.7352
32 73.61211 698.6696 73.65572 698.7168
33 73.4336 698.66034 73.51115 698.7384
34 73.40766 698.64496 73.44159 698.6758
35 73.376305 698.5645 73.42052 698.6175
36 73.54347 698.5397 73.62202 698.6136
37 73.441284 698.44055 73.58279 698.5913
38 73.342865 698.46155 73.41914 698.5424
39 73.27813 698.45544 73.41832 698.60596
40 73.206345 698.4411 73.32033 698.5648
41 73.129295 698.49 73.22986 698.60034
42 73.05295 698.4924 73.151566 698.6142
43 72.97386 698.52484 73.10035 698.64874
44 72.86827 698.4915 72.99832 698.6087
45 72.948814 698.46124 73.04718 698.5612
46 73.033676 698.4792 73.101364 698.5371
47 73.0928 698.4023 73.187935 698.5165
48 73.16904 698.36096 73.29054 698.48193
49 73.27344 698.37396 73.38791 698.48224
50 73.3917 698.42773 73.450676 698.4857
51 73.362915 698.3216 73.47858 698.4326
52 73.45563 698.33075 73.552536 698.406
53 73.47278 698.3388 73.61327 698.47003
54 73.49352 698.26324 73.57708 698.3432
55 73.302765 698.1931 73.44321 698.35364
56 73.410416 698.23145 73.526665 698.33636
57 73.227684 698.3084 73.327034 698.4041
58 73.36792 698.1554 73.4865 698.2595
59 73.18687 698.1867 73.326164 698.3152
60 73.125854 698.3021 73.241325 698.4063
61 73.03948 698.2879 73.1624 698.4186
62 72.99828 698.26697 73.08696 698.3387
63 73.032906 698.3208 73.08032 698.35944
64 73.06004 698.29987 73.097176 698.33704
65 72.797386 698.3232 72.88682 698.4162
66 73.09685 698.2339 73.18848 698.3255
67 72.97701 698.3288 73.096085 698.46484
68 72.90728 698.3858 72.9972 698.48706
69 72.82297 698.3834 72.93971 698.5084
70 72.88914 698.3033 72.99866 698.39996
71 72.82574 698.1991 72.93426 698.3117
72 72.89666 698.1785 72.98184 698.28687
73 72.88694 698.19507 72.92156 698.2292
74 72.96839 698.138 73.074615 698.2545
75 72.96081 698.1677 73.00033 698.1985
76 73.06964 698.1616 73.16737 698.2527
77 73.03503 698.1237 73.12043 698.19464
78 73.08904 698.1489 73.14725 698.1973
79 73.031906 698.0777 73.133545 698.1459
80 73.117455 698.09033 73.1747 698.14606
81 73.16453 698.1841 73.2224 698.2368
82 73.2064 698.04846 73.34532 698.17816
83 73.306854 698.02344 73.40079 698.1348
84 73.40601 698.0976 73.48586 698.1718
85 73.38658 698.02563 73.47982 698.1101
86 73.37923 698.0089 73.44203 698.0614
87 73.443794 697.9636 73.54473 698.07275
88 73.526184 698.02356 73.576775 698.0773
89 73.65035 697.951 73.73088 698.02844
90 73.59709 698.00665 73.66255 698.0747
91 73.55566 698.05115 73.655014 698.1469
92 73.51313 698.13556 73.60647 698.20575
93 73.65773 698.14056 73.72068 698.1937
94 73.691505 698.03345 73.753296 698.0988
95 73.62811 698.0709 73.69237 698.1244
96 73.59478 698.1305 73.678154 698.19476
97 73.532845 698.14514 73.66376 698.25757
98 73.623375 698.165 73.70968 698.25793
99 73.56687 698.2496 73.65395 698.31964
100 73.5908 698.3218 73.69128 698.40216
101 73.5752 698.4471 73.62154 698.49243
102 73.55619 698.38605 73.60376 698.43726
103 73.66855 698.26746 73.7713 698.36456
104 73.700676 698.3849 73.75668 698.44653
105 73.60977 698.5141 73.65527 698.5555
106 73.69284 698.5225 73.75322 698.5783
107 73.696014 698.6379 73.790115 698.7176
108 73.793396 698.5283 73.861916 698.602
109 73.71836 698.722 73.75738 698.76514
110 73.64388 698.6915 73.77205 698.80273
111 73.67543 698.8118 73.742775 698.874
112 73.71241 698.8758 73.79696 698.9516
113 73.78463 698.8237 73.836624 698.8752
114 73.769516 698.78735 73.806465 698.8326
115 73.75123 698.7445 73.79375 698.7865
116 72.804085 698.1836 72.857735 698.2429
117 73.131424 698.1435 73.195786 698.1945
118 73.48925 698.1108 73.54469 698.16675
119 73.273735 698.1972 73.34448 698.26074
120 73.72561 698.30756 73.808815 698.3918
121 73.77311 698.4159 73.83376 698.4848
122 73.786674 698.4861 73.848564 698.549
123 73.76534 698.56366 73.838356 698.632
124 73.6458 698.54767 73.68237 698.58215
125 72.873085 698.7665 72.9244 698.8266
126 73.200264 698.019 73.3234 698.10046
127 72.844025 698.1012 72.93208 698.1759
128 72.89124 698.7647 72.99395 698.91473
129 73.07941 698.9471 73.200226 699.0648
130 73.174034 698.9824 73.27907 699.0637
131 73.26085 698.96094 73.35238 699.0433
