0 -98.57994 150.48642 -98.45221 150.60954
1 -98.50979 150.49068 -98.425766 150.5701
2 -98.50142 150.38605 -98.382904 150.50528
3 -98.5812 150.40358 -98.46203 150.51604
4 -98.515076 150.31209 -98.42149 150.41167
5 -98.58393 150.31837 -98.47367 150.42052
6 -98.53226 150.24303 -98.467575 150.3077
7 -98.59507 150.25806 -98.50489 150.33658
8 -98.68134 150.32994 -98.51486 150.4851
9 -98.65426 150.44765 -98.54251 150.56752
10 -98.737625 150.45122 -98.62682 150.55107
11 -98.766815 150.3994 -98.67562 150.48389
12 -98.82399 150.44069 -98.738 150.52951
13 -98.87902 150.45555 -98.793365 150.54121
14 -98.888695 150.40373 -98.82471 150.46559
15 -98.83049 150.50644 -98.64043 150.68874
16 -98.83491 150.34456 -98.71844 150.46846
17 -98.77652 150.31232 -98.67844 150.40828
18 -98.78011 150.22946 -98.67513 150.33339
19 -98.66491 150.2108 -98.50222 150.3689
20 -98.624435 150.17265 -98.55399 150.24382
21 -98.6929 150.13882 -98.582565 150.2435
22 -98.63468 150.09929 -98.55635 150.17479
23 -98.7141 150.02103 -98.550156 150.1726
24 -98.80919 150.11394 -98.73489 150.18823
25 -98.77983 150.14862 -98.666405 150.2511
26 -98.86986 150.23828 -98.77453 150.33961
27 -98.89952 150.2957 -98.77322 150.42024
28 -98.96619 150.37547 -98.82663 150.52174
29 -98.98212 150.44186 -98.81119 150.58736
30 -98.98566 150.52493 -98.85144 150.65031
31 -99.059784 150.54068 -98.98471 150.6168
32 -98.98351 150.30807 -98.89945 150.3971
33 -98.92859 150.21407 -98.834335 150.31998
34 -98.853424 150.16724 -98.739365 150.28305
35 -98.901695 150.15018 -98.848305 150.20604
36 -98.883675 150.08893 -98.77955 150.18846
37 -99.06152 150.25339 -98.975975 150.34354
38 -99.01145 150.14258 -98.91285 150.23976
39 -98.99078 150.2195 -98.876396 150.33849
40 -99.06399 150.32558 -98.94091 150.44724
41 -99.044685 150.40659 -98.95404 150.49687
42 -99.051216 150.46751 -98.99669 150.52487
43 -99.12388 150.43794 -98.98741 150.60304
44 -99.20569 150.461 -99.07949 150.59003
45 -99.1799 150.53746 -99.045296 150.67206
46 -99.34179 150.53583 -99.20053 150.69087
47 -99.27796 150.47346 -99.18073 150.58163
48 -99.417564 150.54294 -99.33327 150.63608
49 -99.43678 150.47835 -99.367455 150.56111
50 -99.37594 150.40187 -99.214645 150.57448
51 -99.224976 150.37827 -99.11256 150.48785
52 -99.28351 150.39589 -99.2165 150.46962
53 -99.329994 150.39772 -99.267876 150.46585
54 -99.30089 150.3 -99.156075 150.43138
55 -99.377174 150.33687 -99.306564 150.4096
56 -99.47183 150.3472 -99.34485 150.46146
57 -99.23926 150.2793 -99.13502 150.39095
58 -99.16363 150.23695 -99.001976 150.39258
59 -99.17168 150.31972 -99.09318 150.3968
60 -99.25924 150.8034 -99.210434 150.84726
61 -98.734886 150.25945 -98.660965 150.3376
62 -98.84862 150.25363 -98.777916 150.3254
63 -99.14922 150.36485 -99.0633 150.45113
64 -98.80194 150.05211 -98.70602 150.14061
65 -98.45263 150.43785 -98.36913 150.53267
66 -98.57451 150.15111 -98.478424 150.27441
67 -98.63037 150.01468 -98.544395 150.12361
68 -99.094604 150.17062 -98.987816 150.26575
69 -99.15941 150.2027 -99.09434 150.26
