0 77.15471 701.6644 77.24454 701.7846
1 77.22331 701.64435 77.30997 701.75024
2 77.35545 701.7102 77.436455 701.7907
3 77.3027 701.6022 77.419876 701.72845
4 77.2025 701.5536 77.323204 701.6596
5 77.146324 701.46246 77.271 701.5891
6 77.20285 701.4 77.30541 701.53845
7 77.19949 701.4263 77.24166 701.46844
8 77.27531 701.4056 77.31884 701.44006
9 77.16111 701.36005 77.24601 701.42474
10 77.28029 701.3886 77.380974 701.51306
11 77.369644 701.56445 77.46078 701.6738
12 77.4169 701.65594 77.512955 701.76514
13 77.49393 701.60516 77.619415 701.7382
14 77.59889 701.61914 77.70072 701.7265
15 77.54778 701.55774 77.64506 701.66406
16 77.450195 701.55963 77.559555 701.662
17 77.41698 701.4883 77.52084 701.58813
18 77.51238 701.422 77.6623 701.5648
19 77.6251 701.47406 77.766556 701.6038
20 77.713005 701.664 77.77058 701.7226
21 77.68355 701.58014 77.7903 701.6707
22 77.765205 701.551 77.85309 701.643
23 77.8588 701.5979 77.92294 701.65546
24 77.8152 701.4999 77.88954 701.5671
25 77.735695 701.4998 77.82877 701.58734
26 77.66606 701.3697 77.83586 701.51013
27 77.48399 701.4299 77.54056 701.4839
28 77.520874 701.3053 77.67297 701.43005
29 77.50346 701.22577 77.63942 701.342
30 77.43244 701.33154 77.48951 701.3851
31 77.36283 701.3997 77.476585 701.48004
32 77.35602 701.3432 77.46298 701.4264
33 77.39239 701.44666 77.49869 701.5241
34 77.718796 701.32074 77.80189 701.3856
35 77.62875 701.28357 77.721405 701.3747
36 77.711075 701.26904 77.79568 701.3379
37 77.68723 701.2245 77.759476 701.29065
38 77.75157 701.1867 77.85174 701.2894
39 77.599884 701.2467 77.65536 701.3042
40 77.13093 701.26575 77.256615 701.3636
41 77.078514 701.1784 77.16682 701.2722
42 77.15578 701.1831 77.25616 701.26733
43 77.137146 701.16534 77.21821 701.2211
44 77.19916 701.0513 77.351395 701.1934
45 77.12752 701.1367 77.19716 701.1856
46 77.24854 701.1931 77.35775 701.2836
47 77.27308 701.2089 77.44621 701.3643
48 77.38012 701.18176 77.49562 701.30884
49 77.328705 701.0626 77.4748 701.2077
50 77.40359 701.09174 77.4605 701.15015
51 77.44258 701.15735 77.49429 701.20905
52 77.53032 701.1397 77.593544 701.2014
53 77.46059 701.1441 77.57378 701.25525
54 77.56434 701.2351 77.61974 701.2784
55 77.72084 701.1842 77.78079 701.234
56 77.76462 701.08295 77.8324 701.16235
57 77.67373 701.06866 77.752785 701.16547
58 77.62579 701.09625 77.66159 701.12646
59 77.60182 701.0696 77.71291 701.19635
60 77.62859 701.00555 77.75131 701.09283
61 77.475235 701.06476 77.559494 701.14594
62 77.45578 700.95526 77.58134 701.06366
63 77.5568 701.04297 77.583626 701.07184
64 77.3789 701.0088 77.49296 701.09607
65 77.093704 700.9803 77.20964 701.0927
66 77.00856 700.98486 77.10823 701.12146
67 77.13264 700.9741 77.17416 701.0162
68 77.001724 700.861 77.08287 700.9533
69 77.07375 700.79596 77.20734 700.9377
70 77.190994 700.883 77.25847 700.9444
71 77.25276 700.81006 77.332756 700.886
72 77.34702 700.81934 77.42072 700.8976
73 77.46104 700.9051 77.49142 700.936
74 77.410904 700.9335 77.475784 701.011
75 77.318115 700.8608 77.436806 701.01337
76 77.222755 700.9241 77.35187 701.079
77 77.47882 700.88086 77.56128 700.97345
78 77.56969 700.7954 77.595726 700.81793
79 77.856094 700.8442 77.88221 700.8698
80 77.8659 700.6341 77.9822 700.7509
81 77.927536 701.0719 78.0063 701.13403
82 77.797264 701.1581 77.88167 701.2344
83 77.832214 701.24927 77.875244 701.28973
84 77.90763 701.229 77.964836 701.27203
85 77.95707 701.16034 78.03194 701.2383
86 78.00598 701.2316 78.08343 701.29895
87 77.93621 701.27277 78.00266 701.32404
88 77.85988 701.2532 77.96576 701.3565
89 77.970505 701.3379 78.03827 701.395
90 77.89967 701.3371 77.97041 701.40485
91 77.81945 701.3516 77.922226 701.42706
92 77.87258 701.15546 77.935356 701.21515
93 77.91152 701.5258 77.99803 701.6144
94 77.98309 701.4665 78.08738 701.56824
95 78.01622 701.5961 78.0672 701.65015
96 78.08861 701.51917 78.135765 701.581
97 77.93845 701.37256 78.03218 701.4713
98 77.87954 701.4599 77.9714 701.53357
99 77.84959 701.36774 77.97716 701.474
100 77.78246 701.46045 77.8158 701.4963
101 77.320526 701.5019 77.416 701.60297
102 77.55772 700.8609 77.60371 700.9064
103 77.17193 700.9601 77.22278 701.00793
104 77.949 700.9166 78.006424 700.969
105 77.82898 700.9676 77.89624 701.02527
106 77.61137 700.97833 77.67045 701.03534
107 77.525826 700.97784 77.58274 701.0307
108 77.053185 701.16284 77.091606 701.2104
109 77.11402 701.10236 77.17029 701.1551
110 77.95016 701.124 78.01018 701.18256
111 77.81865 701.10565 77.87775 701.1627
112 77.114456 701.4395 77.1614 701.492
113 77.65074 701.2035 77.70643 701.25916
114 77.591194 701.42456 77.6662 701.492
115 78.04663 701.51215 78.13133 701.6065
116 77.13559 701.59595 77.21067 701.68866
117 77.80388 701.5891 77.94288 701.69116
118 77.90497 700.73737 77.98338 700.8284
