0 45.430733 -39.610268 45.55401 -39.50873
1 45.546207 -39.614624 45.66338 -39.49574
2 45.52481 -39.50635 45.71558 -39.332172
3 45.466724 -39.423336 45.603706 -39.311527
4 45.521587 -39.324944 45.59434 -39.227585
5 45.43642 -39.36746 45.556416 -39.29037
6 45.404915 -39.52711 45.5387 -39.395615
7 45.427883 -39.290695 45.545937 -39.165203
8 45.506283 -39.242466 45.58082 -39.175365
9 45.408024 -39.233906 45.497368 -39.153145
10 45.558205 -39.15495 45.68264 -39.035088
11 45.438072 -39.166607 45.58956 -39.038578
12 45.407772 -39.073345 45.550983 -38.939285
13 45.3194 -39.016186 45.426643 -38.86489
14 45.373577 -38.94729 45.475227 -38.847355
15 45.531967 -39.056637 45.66959 -38.920734
16 45.49366 -38.97237 45.65412 -38.854816
17 45.393692 -38.85509 45.458767 -38.776287
18 45.46208 -38.866817 45.58058 -38.728287
19 45.55746 -38.880684 45.66776 -38.71146
20 45.678352 -38.993862 45.74968 -38.916813
21 45.63336 -39.092823 45.690174 -39.04173
22 45.635403 -39.05081 45.712807 -38.97684
23 45.77062 -38.964077 45.828934 -38.91148
24 45.75451 -38.903885 45.819744 -38.843227
25 45.81368 -38.83507 45.84604 -38.79699
26 45.65951 -38.907284 45.76677 -38.789726
27 45.603676 -38.80404 45.713535 -38.68159
28 45.492092 -38.74049 45.619625 -38.60724
29 45.591957 -38.71306 45.68672 -38.625725
30 45.711052 -38.798332 45.849285 -38.61433
31 45.79358 -38.75193 45.865883 -38.667614
32 45.773823 -39.00814 45.93577 -38.855347
33 45.73963 -39.144516 45.8722 -38.99307
34 45.657078 -39.173 45.75746 -39.05831
35 45.694218 -39.248703 45.759422 -39.173775
36 45.724335 -39.316612 45.80095 -39.238853
37 45.585117 -39.23652 45.681255 -39.143814
38 45.614197 -39.315216 45.772526 -39.170048
39 45.63841 -39.38679 45.752872 -39.292927
40 45.654423 -39.46266 45.787975 -39.34742
41 45.68203 -39.539738 45.76978 -39.470867
42 45.70773 -39.573917 45.863174 -39.401882
43 45.80203 -39.53453 45.88262 -39.43677
44 45.766083 -39.438915 45.87999 -39.32501
45 45.74419 -39.356777 45.787704 -39.308117
46 45.81038 -39.32139 45.931023 -39.210472
47 45.77178 -39.243023 45.893555 -39.142986
48 45.845062 -39.0928 45.98617 -38.9454
49 45.987675 -39.049583 46.13524 -38.92662
50 46.055565 -38.992573 46.144386 -38.906036
51 46.175255 -38.941547 46.32124 -38.81101
52 46.185387 -39.039627 46.29533 -38.926254
53 46.099796 -39.07071 46.204403 -38.96324
54 46.20208 -39.132767 46.285404 -39.033993
55 46.12941 -39.134697 46.23384 -39.02855
56 46.04192 -39.13624 46.1569 -39.00467
57 45.972263 -39.179134 46.11611 -39.020985
58 45.87127 -39.214264 46.00625 -39.078712
59 45.914192 -39.313484 46.04287 -39.181377
60 46.057774 -39.25044 46.200268 -39.1314
61 46.152794 -39.220585 46.242233 -39.12943
62 46.18192 -39.311092 46.275875 -39.195972
63 46.269638 -39.306442 46.386204 -39.172714
64 46.079758 -39.34917 46.258957 -39.21288
65 45.848595 -39.411182 46.003403 -39.263237
66 45.949036 -39.405712 46.05323 -39.31582
67 45.901737 -39.5037 46.052532 -39.361485
68 45.986404 -39.455284 46.0975 -39.33332
69 46.012302 -39.547688 46.15147 -39.405087
70 46.100887 -39.5472 46.206783 -39.425285
71 46.144314 -39.5065 46.290142 -39.348083
72 46.291626 -39.46057 46.372494 -39.351097
73 46.31425 -39.53563 46.37575 -39.468983
74 46.21916 -39.43629 46.319454 -39.32226
75 46.131264 -39.43037 46.238102 -39.340122
76 46.09302 -38.873123 46.257965 -38.717335
77 46.185993 -38.842575 46.24053 -38.779457
78 46.022003 -38.897926 46.083363 -38.83714
79 45.98856 -38.825897 46.090572 -38.713585
80 45.94407 -38.95041 46.09234 -38.82216
81 45.919987 -38.87468 46.016422 -38.794262
82 45.892815 -38.801216 46.003014 -38.69559
83 46.061646 -38.79245 46.146187 -38.713627
84 46.141407 -38.742664 46.312645 -38.593166
85 46.117245 -38.66068 46.238903 -38.54703
86 46.03247 -38.720947 46.126064 -38.618202
87 45.942257 -38.69916 46.09232 -38.53823
88 45.87719 -38.744556 45.93471 -38.688175
89 46.291866 -39.386765 46.344444 -39.34792
90 45.849777 -38.93346 45.927086 -38.869884
91 45.309326 -38.886166 45.42947 -38.74028
92 45.46354 -39.665424 45.590836 -39.60163
93 45.828194 -39.611984 45.94013 -39.541817
94 45.925636 -39.59021 46.07084 -39.49936
