0 20.548735 658.2567 20.612003 658.3256
1 20.585178 658.3282 20.633558 658.39215
2 20.660267 658.31 20.727238 658.3745
3 20.698656 658.29504 20.740683 658.3421
4 20.524786 658.15497 20.605925 658.2449
5 20.694815 658.23865 20.734594 658.28156
6 20.707779 658.21545 20.758665 658.25574
7 20.774385 658.24115 20.886045 658.3422
8 20.763224 658.18805 20.82607 658.2608
9 20.860659 658.1881 20.897984 658.2342
10 20.888317 658.17993 20.957064 658.2624
11 20.866886 658.2595 20.939333 658.3482
12 20.921745 658.2838 20.971952 658.35583
13 21.005596 658.25433 21.104527 658.3639
14 21.098806 658.21136 21.205635 658.3307
15 20.993465 658.12274 21.105778 658.2557
16 21.093418 658.12524 21.188236 658.22186
17 21.199533 658.2489 21.27173 658.33356
18 21.181528 658.1423 21.244423 658.20514
19 21.236843 658.1842 21.284647 658.2389
20 21.274738 658.4513 21.30633 658.47974
21 21.20859 658.4139 21.230204 658.4417
22 20.590225 658.2414 20.658941 658.302
23 21.157118 658.24036 21.190834 658.27094
24 21.274881 658.3134 21.310797 658.3475
25 21.120028 658.3225 21.30623 658.4819
26 21.190924 658.44055 21.316845 658.5578
27 21.29062 658.3472 21.501188 658.62146
28 21.111013 658.5063 21.192202 658.57556
29 20.98047 658.41296 21.105312 658.52344
30 20.867071 658.3561 20.994446 658.47534
31 20.781687 658.4298 20.876093 658.51984
32 20.674559 658.3757 20.88666 658.5679
33 20.463083 658.41034 20.617884 658.58704
34 20.470968 658.20667 20.669369 658.4344
35 20.470114 658.6049 20.612617 658.7437
36 20.682066 658.58356 20.791418 658.73285
37 20.768612 658.56714 20.893686 658.71344
38 20.84515 658.5684 20.9628 658.6698
39 20.85504 658.48566 20.972107 658.5884
40 21.000332 658.4471 21.228844 658.66876
41 21.171064 658.5384 21.330278 658.7008
42 21.030495 658.6646 21.156208 658.7785
43 20.920042 658.72125 21.02276 658.8171
44 20.891474 658.61884 21.038189 658.7294
45 20.57618 658.6482 20.768318 658.8285
46 20.730513 658.72784 20.859383 658.84985
47 20.797688 658.7884 20.915827 658.90845
48 20.84734 658.7398 20.93892 658.83765
49 21.351547 658.64 21.471403 658.8304
50 21.27578 658.6822 21.419067 658.83356
51 21.171976 658.69507 21.299116 658.87463
52 21.090796 658.70575 21.213194 658.88367
53 21.001438 658.7845 21.10307 658.9055
54 20.92117 658.80853 21.040422 658.9464
55 20.65543 658.8228 20.83273 658.9883
56 20.545305 658.8777 20.729622 659.0708
57 20.776474 658.8934 20.98441 659.09314
58 20.897448 658.98975 21.040703 659.1193
59 20.988207 658.8911 21.140316 659.03516
60 21.16489 658.92944 21.30992 659.0875
61 21.308832 658.9393 21.468138 659.0817
62 21.253044 658.79663 21.454586 658.9682
63 20.643116 658.4015 20.678114 658.4421
64 21.354126 658.29724 21.419168 658.3947
65 21.33898 658.1759 21.421934 658.29504
66 20.434092 658.1395 20.54491 658.2697
