0 500.41318 734.3673 500.50677 734.4613
1 500.27246 734.34564 500.4333 734.5106
2 500.21704 734.31 500.33893 734.4387
3 500.28418 734.2315 500.4458 734.3878
4 500.42307 734.24744 500.49655 734.3304
5 500.29297 734.0836 500.46317 734.25385
6 500.49084 734.17633 500.59164 734.28204
7 500.53256 734.18243 500.68066 734.3445
8 500.698 734.3578 500.82523 734.48126
9 500.81412 734.44507 500.87814 734.5106
10 500.8396 734.3233 500.95593 734.43506
11 500.88043 734.2314 501.0243 734.36926
12 500.72632 734.2081 500.88513 734.37335
13 500.64154 734.14886 500.7828 734.2962
14 500.74387 734.1684 500.83606 734.2561
15 500.34668 734.02686 500.48218 734.1472
16 500.47668 734.0078 500.59976 734.1302
17 500.53156 733.933 500.66208 734.0635
18 500.60162 734.00037 500.7674 734.15515
19 500.84402 734.11084 500.98752 734.2491
20 500.7847 734.054 500.91476 734.17535
21 500.71796 733.95557 500.86505 734.09625
22 500.66647 733.9336 500.76868 734.03876
23 500.86005 733.9999 501.00577 734.1343
24 501.00772 734.02954 501.1422 734.16895
25 500.77768 733.94916 500.8167 733.9897
26 500.91153 733.9547 501.03192 734.05817
27 500.81726 733.8526 500.9685 734.0038
28 500.82916 733.87964 500.8938 733.9507
29 500.74368 733.77747 500.86615 733.89954
30 500.68756 733.85986 500.73566 733.9129
31 501.06882 733.8361 501.16754 733.9379
32 501.15475 733.81226 501.2658 733.92664
33 500.99316 733.78094 501.1054 733.8917
34 501.11963 733.8273 501.17227 733.87836
35 500.95294 733.8458 501.09137 733.9831
36 500.89508 733.7965 501.0041 733.90967
37 500.88892 733.70984 501.0268 733.83374
38 500.1519 733.92035 500.2527 734.0355
39 500.4098 733.9801 500.50687 734.07227
40 500.219 734.17914 500.36307 734.3134
41 500.25473 734.0401 500.3786 734.1832
42 500.15146 734.0969 500.28748 734.23486
43 500.07556 734.13367 500.2008 734.2547
44 500.13882 734.05334 500.2444 734.1578
45 500.84137 733.7708 500.9418 733.8769
46 500.6693 733.5951 500.79184 733.71985
47 500.42868 733.5118 500.7446 733.85785
48 500.05347 733.3586 500.58377 733.93524
49 500.69333 733.67523 500.81354 733.78235
50 500.85132 733.78217 500.94632 733.8798
51 501.15503 733.9568 501.2315 734.0367
52 500.9889 734.0032 501.09296 734.117
53 500.8528 734.24506 500.91022 734.3043
54 500.83014 734.19995 500.88922 734.26355
55 500.2881 734.1691 500.7523 734.55347
56 501.13248 734.0103 501.2118 734.1055
57 500.0682 734.3334 500.24048 734.46875
58 499.99673 734.17126 500.15768 734.35254
