0 407.9042 -123.68166 408.01013 -123.58138
1 407.98846 -123.63295 408.04504 -123.57672
2 407.95236 -123.56507 408.04822 -123.46849
3 408.0391 -123.58043 408.09665 -123.51958
4 407.93344 -123.49017 408.11673 -123.31826
5 408.08914 -123.4517 408.1674 -123.374565
6 407.98593 -123.37265 408.15387 -123.208565
7 408.0776 -123.2976 408.1818 -123.19362
8 408.0345 -123.24553 408.1349 -123.14529
9 408.18884 -123.294556 408.28577 -123.19634
10 408.1359 -123.220116 408.28552 -123.07469
11 408.2067 -123.151 408.34555 -123.01798
12 408.21246 -123.08239 408.26407 -123.02949
13 408.05887 -123.09357 408.14508 -123.0059
14 408.05392 -123.16318 408.12683 -123.09084
15 408.15088 -123.084496 408.19806 -123.03824
16 408.09976 -123.151855 408.23688 -123.00596
17 407.781 -123.74205 407.81378 -123.70819
18 407.6597 -123.79517 407.70264 -123.75297
19 407.56894 -123.682594 407.63718 -123.6149
20 407.65744 -123.71498 407.77753 -123.588135
21 407.56137 -123.626595 407.71466 -123.48024
22 407.62604 -123.548805 407.673 -123.499626
23 407.67715 -123.57587 407.75793 -123.499466
24 407.73752 -123.55349 407.78488 -123.5065
25 407.6981 -123.47782 407.85294 -123.32373
26 407.63452 -123.3988 407.77994 -123.251945
27 407.78046 -123.43152 407.88974 -123.326256
28 407.79666 -123.3554 407.9193 -123.23568
29 407.7598 -123.32634 407.87125 -123.20466
30 407.7183 -123.282616 407.82452 -123.16686
31 407.84756 -123.28082 407.94077 -123.18541
32 407.81787 -123.22904 407.8704 -123.173386
33 407.83694 -123.19256 407.9544 -123.0751
34 407.89706 -123.14217 407.93237 -123.10447
35 407.85477 -123.115105 407.89972 -123.06851
36 407.7649 -123.150696 407.86124 -123.059296
37 407.70364 -123.189606 407.8107 -123.08675
38 407.66223 -123.12247 407.7636 -123.01761
39 407.72278 -123.0811 407.83044 -122.974174
40 407.84668 -123.050995 408.00003 -122.899124
41 407.8335 -122.90768 407.93524 -122.8041
42 407.9781 -122.94662 408.00708 -122.9165
43 407.76944 -122.95905 407.86783 -122.86045
44 407.75378 -122.99012 407.7971 -122.94645
45 407.79974 -123.02977 407.8434 -122.984634
46 407.6833 -123.4101 407.78506 -123.29917
47 407.63593 -123.451324 407.69644 -123.39156
48 407.57367 -123.42507 407.60565 -123.39235
49 407.62207 -123.389206 407.66278 -123.34484
50 407.66098 -123.32898 407.7322 -123.25777
51 407.60434 -123.24093 407.75122 -123.092766
52 407.60175 -123.18111 407.67145 -123.11028
53 407.62927 -123.06571 407.71838 -122.97547
54 407.68622 -123.03732 407.74652 -122.97739
55 407.64435 -122.98841 407.68506 -122.94588
56 407.56778 -123.03767 407.62903 -122.979546
57 407.5323 -123.114365 407.64618 -123.00449
58 407.5435 -123.06789 407.58508 -123.0272
59 407.9285 -122.86355 407.98495 -122.807106
60 408.12668 -122.99424 408.2068 -122.91434
61 407.70172 -122.693 407.7772 -122.61771
62 407.64813 -122.65136 407.6948 -122.603615
63 407.6058 -122.725586 407.72476 -122.60775
64 407.64563 -122.80884 407.81674 -122.63681
65 407.58997 -122.85346 407.735 -122.71359
66 407.4874 -122.707 407.6444 -122.5542
67 407.484 -122.81813 407.63736 -122.66717
68 407.46127 -122.918625 407.64972 -122.74265
69 407.50876 -122.9733 407.58072 -122.90463
70 407.48212 -122.99116 407.55 -122.92219
71 407.37717 -122.93621 407.50958 -122.80599
72 407.41928 -122.83875 407.47214 -122.78623
73 407.4744 -122.8015 407.51733 -122.75747
74 407.47366 -122.756874 407.5416 -122.68787
75 407.37006 -122.97929 407.43497 -122.91841
76 407.32483 -123.00836 407.4162 -122.920296
77 407.42407 -123.033455 407.5306 -122.93555
78 407.50793 -123.17088 407.60187 -123.08171
79 407.44797 -123.10066 407.5386 -123.01004
80 407.33148 -123.0753 407.44 -122.9684
81 407.28952 -123.03628 407.35928 -122.965416
82 407.27185 -123.11263 407.37964 -123.00958
83 407.1918 -123.15938 407.31976 -123.037636
84 407.21848 -123.07387 407.31674 -122.97048
85 407.11118 -123.22092 407.25446 -123.0886
86 407.30264 -123.189316 407.3951 -123.09867
87 407.3856 -123.1438 407.46255 -123.063545
88 407.40778 -123.20486 407.54663 -123.07367
89 407.52667 -123.238495 407.62762 -123.13697
90 407.49954 -123.32548 407.64194 -123.17939
91 407.5182 -123.2839 407.55222 -123.25042
92 407.42935 -123.38387 407.55286 -123.26786
93 407.50943 -123.46758 407.55878 -123.41987
94 407.5331 -123.5218 407.64005 -123.41506
95 407.49298 -123.56172 407.57608 -123.475525
96 407.37946 -123.50104 407.53726 -123.344345
97 407.37207 -123.55434 407.44403 -123.48202
98 407.40387 -123.427956 407.4945 -123.33456
99 407.304 -123.51591 407.36392 -123.45653
100 407.2379 -123.4781 407.32635 -123.38803
101 407.38425 -123.26282 407.47562 -123.17383
102 407.29504 -123.2948 407.3879 -123.199905
103 407.3841 -123.36427 407.45493 -123.2927
104 407.31183 -123.413925 407.4117 -123.31494
105 407.11398 -123.43538 407.2312 -123.32418
106 407.14822 -123.367004 407.18634 -123.32926
107 407.1164 -123.36898 407.1575 -123.3268
108 407.17834 -123.386345 407.335 -123.23226
109 407.17517 -123.30985 407.25064 -123.230896
110 407.72336 -122.898224 407.8177 -122.803894
111 407.90106 -123.14699 407.99173 -123.05541
112 407.6346 -122.95317 407.75018 -122.838486
113 407.2926 -122.99207 407.3479 -122.93825
114 407.88922 -123.47976 407.94934 -123.41964
115 407.76474 -123.59704 407.8611 -123.500114
116 407.75842 -123.522545 407.87704 -123.399734
117 407.29034 -123.22874 407.3414 -123.177124
118 407.6108 -123.47494 407.67075 -123.41738
119 407.43307 -123.660416 407.51126 -123.58698
120 407.5588 -122.61593 407.65793 -122.52083
121 407.85703 -122.79299 407.9288 -122.72323
122 408.18143 -123.351074 408.253 -123.276566
123 407.07062 -123.28625 407.2042 -123.14698
