0 454.91302 751.2364 455.00586 751.3343
1 454.9242 751.1155 455.05228 751.23566
2 455.0675 751.147 455.14185 751.2219
3 455.3727 750.76917 455.4557 750.8581
4 455.25775 750.8302 455.3261 750.8995
5 455.36197 750.62616 455.46014 750.71954
6 455.25854 750.61005 455.42618 750.77966
7 455.12192 750.6241 455.3014 750.8081
8 455.18945 750.5254 455.3363 750.679
9 455.0855 750.4355 455.19022 750.5421
10 455.12173 750.4683 455.25375 750.60345
11 454.99652 750.503 455.09866 750.6014
12 454.91345 750.52814 455.05252 750.6652
13 455.06998 750.5573 455.22098 750.70496
14 454.994 750.61273 455.16763 750.77905
15 455.00537 750.75116 455.17346 750.9159
16 454.94193 750.71533 455.08054 750.8565
17 454.88132 750.6134 455.02658 750.7632
18 454.84787 750.77136 455.00842 750.9257
19 454.9934 750.8957 455.13498 751.02936
20 454.90277 750.9101 455.07123 751.07715
21 454.78223 750.9651 454.9138 751.09357
22 454.90494 751.05426 455.00107 751.16675
23 454.8675 751.05005 454.95126 751.14795
24 454.85434 751.1734 454.95047 751.276
25 454.80035 751.1673 454.90536 751.2845
26 454.66202 750.98834 454.8826 751.1959
27 454.60098 751.12054 454.78586 751.291
28 455.31958 750.5126 455.66428 750.8228
29 455.67722 750.6983 455.92 750.95746
30 455.31 750.8113 455.39587 750.9009
31 455.4104 750.823 455.4902 750.9051
32 455.31415 750.8249 455.58926 751.11383
33 455.1003 750.77795 455.3246 751.0025
34 454.9764 750.7934 455.35245 751.15955
35 454.9226 751.08026 455.18948 751.3567
36 454.79044 751.246 455.0054 751.43945
37 455.27417 751.0231 455.57837 751.3298
38 455.14685 751.2039 455.54633 751.5952
39 455.06232 751.0669 455.4176 751.44934
40 455.01688 750.39703 455.11133 750.49146
41 455.24988 750.5144 455.38895 750.64075
42 454.63696 751.081 454.75018 751.2089
43 454.72153 750.81854 454.90018 751.0223
44 454.83218 750.6804 454.9618 750.8307
