0 531.77716 -79.45737 531.93646 -79.29188
1 531.56366 -79.435684 531.80835 -79.19495
2 531.7086 -79.34282 531.8543 -79.197105
3 531.3742 -79.36512 531.5448 -79.22852
4 531.2404 -79.26501 531.4556 -79.0414
5 531.41064 -79.25665 531.5243 -79.14386
6 531.4791 -79.3056 531.5792 -79.210815
7 531.69446 -79.27976 531.78735 -79.18371
8 531.4842 -79.30151 531.65155 -79.171684
9 531.54456 -79.22706 531.7065 -79.079254
10 531.45233 -79.16879 531.59576 -79.03071
11 531.388 -79.1683 531.4775 -79.085434
12 531.7931 -79.25623 531.9586 -79.104454
13 531.70526 -79.205765 531.85864 -79.0444
14 531.63135 -79.15504 531.7592 -79.028076
15 531.5442 -79.09755 531.6659 -78.98285
16 531.4185 -79.07198 531.5655 -78.922424
17 531.3717 -79.0192 531.51373 -78.87808
18 531.37024 -78.93902 531.4856 -78.83205
19 531.94635 -79.2368 532.1319 -79.05519
20 531.8696 -79.15312 532.0244 -78.98901
21 531.7537 -79.10881 531.9221 -78.93997
22 531.674 -79.082924 531.7928 -78.974335
23 531.66345 -79.036125 531.73236 -78.96593
24 531.5723 -78.982864 531.6933 -78.8482
25 531.5225 -78.97288 531.6206 -78.85273
26 531.4594 -78.906876 531.5617 -78.79351
27 531.53754 -78.87728 531.62195 -78.79019
28 531.3838 -78.867584 531.53613 -78.694405
29 531.5574 -78.857834 531.7141 -78.69892
30 531.66296 -78.90739 531.8275 -78.70391
31 531.7712 -78.986725 531.90106 -78.864334
32 531.80896 -78.91333 531.92395 -78.81687
33 531.7367 -78.82615 531.9471 -78.618454
34 531.87994 -78.74934 531.98096 -78.65889
35 531.72504 -78.74925 531.8246 -78.65983
36 531.5125 -78.73682 531.7567 -78.522224
37 531.5006 -78.6942 531.6299 -78.56276
38 531.67487 -78.65126 531.77466 -78.5612
39 531.76245 -78.68143 531.90625 -78.5438
40 531.82794 -78.62479 531.97546 -78.488335
41 531.96106 -78.849396 532.12115 -78.69638
42 531.9969 -79.13691 532.1986 -78.94976
43 531.84796 -79.02168 532.1004 -78.77453
44 532.0714 -79.06696 532.2452 -78.92015
45 532.14514 -78.99045 532.27075 -78.882065
46 532.061 -78.91955 532.2426 -78.74145
47 532.0248 -78.76027 532.17535 -78.61941
48 532.2054 -78.91926 532.3737 -78.76199
49 532.30054 -78.82733 532.457 -78.66734
50 532.119 -78.806915 532.32025 -78.62512
51 531.7482 -79.032776 531.84845 -78.93737
52 531.54596 -78.55896 531.7182 -78.38894
53 531.6615 -78.59297 531.8462 -78.42954
54 532.2216 -78.73603 532.38763 -78.62395
55 531.3806 -79.437126 531.49243 -79.34742
56 531.4679 -79.459114 531.5988 -79.34854
57 531.2218 -79.37639 531.3755 -79.238625
58 531.42255 -78.74942 531.56335 -78.59712
59 531.4623 -78.587654 531.633 -78.40193
60 532.04926 -78.66012 532.1558 -78.57605
