0 771.30566 305.9895 771.3825 306.06628
1 771.31055 305.553 771.4046 305.64642
2 771.5887 305.659 771.649 305.71838
3 771.6882 305.7463 771.7532 305.8114
4 771.7503 305.70117 771.8438 305.7952
5 771.668 305.65735 771.7738 305.7636
6 771.58563 305.59653 771.67834 305.6885
7 771.61536 305.52542 771.71027 305.61996
8 771.6242 305.51645 771.6525 305.54462
9 771.599 305.52817 771.63336 305.56256
10 771.59436 305.46548 771.62555 305.49646
11 771.5302 305.3955 771.6095 305.4746
12 771.46063 305.33426 771.5588 305.43207
13 771.45026 305.26215 771.57306 305.38525
14 771.50903 305.18338 771.60364 305.27728
15 771.5594 305.24567 771.6106 305.2962
16 771.5593 305.2209 771.6771 305.33774
17 771.5381 305.30338 771.63696 305.40244
18 771.6185 305.32974 771.7176 305.42856
19 771.6727 305.3699 771.7784 305.4763
20 771.695 305.39447 771.8507 305.5497
21 771.84235 305.5672 771.967 305.69226
22 771.8441 305.58365 771.8765 305.61633
23 771.7345 305.60168 771.84644 305.714
24 771.6103 305.43344 771.74084 305.564
25 771.66284 305.44366 771.69336 305.4744
26 771.73926 305.51816 771.80963 305.5882
27 771.82947 305.6544 771.93567 305.76117
28 771.9716 305.7177 772.01434 305.7607
29 771.94366 305.6015 772.0483 305.70694
30 771.9933 305.68448 772.10986 305.80157
31 772.078 305.8022 772.14905 305.87338
32 771.93475 305.7652 771.99335 305.82352
33 771.47577 306.28085 771.6857 306.49023
34 771.44446 306.37054 771.6021 306.52676
35 771.3652 306.27344 771.5362 306.44357
36 771.13983 306.04114 771.39294 306.2931
37 771.10535 305.93457 771.24945 306.07883
38 770.8561 305.81357 771.1817 306.1362
39 771.04266 305.68393 771.1754 305.81686
40 771.0697 305.70233 771.2364 305.8702
41 771.1593 305.83725 771.31433 305.99326
42 771.23566 305.86697 771.40533 306.03656
43 771.3003 305.98758 771.4787 306.16443
44 771.4752 306.10416 771.6642 306.29315
45 771.5864 306.0344 771.73016 306.1781
46 771.4554 306.01617 771.60754 306.16846
47 771.49567 305.93628 771.6335 306.0746
48 771.3575 305.90475 771.53516 306.0833
49 771.3265 305.80292 771.48663 305.96414
50 771.0383 305.5775 771.21985 305.75977
51 771.25146 305.43143 771.4489 305.62976
52 771.33167 305.48874 771.55133 305.7092
53 771.41144 306.19202 771.5664 306.34805
54 771.60974 306.21704 771.7386 306.3454
55 771.6373 306.1458 771.7806 306.28806
56 771.6706 305.98575 771.8556 306.17114
57 771.5747 305.80258 771.81525 306.04163
58 771.6468 305.73224 771.9424 306.02655
59 771.85315 305.58774 771.912 305.6467
60 771.5885 305.37042 771.67236 305.4544
61 772.1232 305.7989 772.2467 305.92313
62 772.1493 305.7525 772.2655 305.86716
63 772.07367 305.6948 772.1944 305.81442
64 771.90656 305.5085 772.00287 305.60352
65 771.8224 305.4321 771.92975 305.53772
66 771.6249 305.25824 771.72955 305.36182
67 771.46375 305.20245 771.547 305.28687
