0 687.4546 583.7402 687.57715 583.85504
1 687.4425 583.6955 687.5784 583.8177
2 687.22235 583.6515 687.4241 583.8274
3 687.36426 583.56824 687.5206 583.71747
4 687.24475 583.48425 687.443 583.6621
5 687.192 583.59314 687.3458 583.72656
6 687.16724 583.5145 687.30585 583.63336
7 687.3569 583.3976 687.4584 583.4968
8 687.1735 583.3856 687.34717 583.5504
9 687.3869 583.3609 687.53314 583.5379
10 687.0027 583.31226 687.2078 583.5207
11 687.2194 583.3302 687.3214 583.4404
12 686.934 583.2216 687.1782 583.39105
13 686.90497 583.1692 687.1159 583.31525
14 687.18005 583.1652 687.4028 583.38367
15 687.2259 583.1137 687.4013 583.2616
16 687.423 583.10675 687.49927 583.189
17 687.30853 583.0701 687.43585 583.1711
18 686.9843 583.01416 687.2206 583.22516
19 687.22565 582.9862 687.35223 583.12164
20 687.3042 582.838 687.45 583.03546
21 687.28644 582.9343 687.35455 583.00635
22 687.07336 582.865 687.2454 583.04755
23 687.11383 583.0252 687.1789 583.0903
24 687.0987 582.9462 687.1615 583.02057
25 686.8361 582.9857 687.06934 583.1745
26 686.77747 582.9215 687.0376 583.0833
27 686.5478 583.2507 686.7495 583.4189
28 686.54913 583.2538 686.6316 583.339
29 686.54956 583.3776 686.6362 583.4764
30 686.62695 583.39166 686.7868 583.5344
31 686.5235 583.5292 686.6702 583.6857
32 686.71844 583.50806 686.8488 583.61975
33 686.69855 583.5851 686.7702 583.65894
34 686.7259 583.55835 686.92206 583.72375
35 686.73584 583.68854 686.7956 583.756
36 686.682 583.67267 686.7462 583.7523
37 686.6398 583.70807 686.71313 583.7847
38 686.69415 583.7578 686.7638 583.82306
39 686.70215 583.7439 686.82166 583.85187
40 686.8047 583.7183 686.99335 583.885
41 686.7807 583.821 686.88513 583.915
42 686.712 583.89264 686.8371 583.9881
43 686.9333 583.8153 687.1222 583.94037
44 686.69714 583.85077 686.77594 583.929
45 686.5948 583.4624 686.6868 583.5556
46 687.4584 583.29156 687.5383 583.4
47 687.2214 583.8046 687.4431 583.90765
48 687.24713 582.8788 687.36224 582.9604
49 686.8229 583.7453 686.9002 583.838
