0 164.9077 -105.06472 165.03722 -104.92585
1 164.9829 -104.99887 165.14421 -104.83336
2 164.86281 -104.97415 164.9707 -104.86238
3 164.92625 -104.92154 165.0422 -104.80365
4 164.85263 -104.83861 165.02258 -104.67996
5 164.78847 -104.81406 164.86626 -104.739494
6 164.90192 -104.721436 164.97522 -104.64328
7 164.78276 -104.73536 164.91621 -104.62258
8 164.96634 -104.765114 165.12335 -104.61391
9 165.0693 -104.82823 165.1632 -104.73434
10 165.0507 -104.861946 165.08702 -104.82563
11 165.18797 -104.98442 165.25894 -104.90925
12 165.14983 -104.99549 165.18378 -104.96123
13 165.10025 -104.94558 165.12799 -104.91752
14 165.11862 -104.910126 165.24197 -104.78548
15 165.25705 -104.94495 165.35622 -104.84482
16 165.4249 -104.858345 165.4929 -104.7926
17 165.50046 -104.84392 165.55252 -104.79411
18 165.54407 -104.789604 165.58932 -104.746284
19 165.48593 -104.812386 165.55116 -104.75362
20 165.4345 -104.77309 165.52055 -104.67669
21 165.49715 -104.76242 165.55841 -104.69792
22 165.36325 -104.819176 165.48541 -104.70219
23 165.31192 -104.88202 165.4014 -104.806755
24 165.28917 -104.837 165.38052 -104.74855
25 165.19331 -104.871315 165.31517 -104.74074
26 165.23213 -104.76864 165.32516 -104.67656
27 165.1395 -104.79737 165.24603 -104.68955
28 164.96059 -104.65391 165.10216 -104.51558
29 164.87813 -104.627266 164.95093 -104.55835
30 165.04616 -104.604225 165.16432 -104.48767
31 165.09978 -104.63248 165.22406 -104.50077
32 165.06871 -104.72769 165.19115 -104.603004
33 165.15753 -104.708405 165.27756 -104.58484
34 165.27962 -104.69336 165.33102 -104.63582
35 165.28485 -104.60374 165.36183 -104.524826
36 165.32927 -104.65496 165.446 -104.54759
37 165.43842 -104.67827 165.49648 -104.61763
38 165.3775 -104.71481 165.47778 -104.61227
39 165.30965 -104.751 165.41371 -104.64337
40 165.49083 -104.633484 165.60828 -104.528625
41 165.44443 -104.56643 165.57597 -104.44554
42 165.35133 -104.59213 165.46754 -104.47981
43 165.39738 -104.51221 165.54312 -104.39134
44 165.30603 -104.51397 165.38087 -104.43558
45 165.35075 -104.452835 165.45161 -104.35618
46 164.81477 -104.64817 164.88544 -104.579765
47 164.83456 -104.59607 164.90192 -104.529686
48 164.76042 -104.56779 164.8304 -104.49782
49 165.18407 -104.57721 165.28331 -104.478935
50 165.23076 -104.533325 165.30168 -104.45722
51 165.4269 -104.4469 165.48024 -104.3913
52 165.38148 -104.38611 165.47095 -104.29665
53 165.3053 -104.40363 165.37318 -104.335106
54 165.2437 -104.45684 165.37148 -104.34813
55 165.18587 -104.39122 165.2988 -104.28184
56 165.24391 -104.33404 165.36073 -104.20817
57 165.3283 -104.31648 165.41167 -104.22891
58 165.1078 -104.511475 165.23454 -104.386665
59 165.01451 -104.53616 165.13164 -104.42389
60 164.87485 -104.55315 165.0367 -104.392586
61 164.81125 -104.55054 164.87708 -104.48439
62 164.70055 -104.50033 164.7633 -104.43466
63 164.74374 -104.48392 164.8105 -104.41781
64 164.83183 -104.471695 164.93658 -104.36565
65 164.90883 -104.425705 165.04265 -104.28671
66 165.03665 -104.39114 165.08177 -104.34504
67 165.05519 -104.35467 165.15405 -104.24805
68 165.1365 -104.33137 165.25734 -104.21925
69 165.17874 -104.24612 165.31735 -104.10395
70 165.29167 -104.24552 165.38077 -104.154816
71 165.22769 -104.1944 165.32306 -104.09934
72 165.01627 -104.282936 165.11934 -104.18052
73 164.94829 -104.339386 165.0581 -104.22246
74 164.83922 -104.36318 164.9759 -104.23328
75 164.7252 -104.39538 164.82765 -104.27904
76 164.77501 -104.395294 164.85645 -104.30578
77 164.66354 -104.41827 164.76344 -104.32063
78 164.99208 -104.24031 165.03513 -104.195656
79 165.06232 -104.4503 165.15375 -104.35661
80 165.12914 -104.41547 165.19926 -104.3421
81 164.58473 -104.33333 164.68906 -104.23127
82 164.67706 -104.31433 164.7846 -104.208405
83 164.62712 -104.225075 164.67212 -104.17619
84 164.67657 -104.23112 164.7618 -104.14362
85 164.77574 -104.28064 164.90744 -104.14927
86 164.73268 -104.2061 164.82729 -104.10762
87 164.8978 -104.26615 165.02689 -104.14547
88 164.82742 -104.197365 164.94154 -104.06613
89 164.894 -104.16285 164.9952 -104.04615
90 164.9653 -104.12003 165.09259 -103.986916
91 165.02841 -104.19718 165.12434 -104.10092
92 165.07826 -104.13761 165.24167 -103.96355
93 165.036 -104.064735 165.13773 -103.952995
94 165.18172 -104.01317 165.2595 -103.93152
95 165.13997 -103.97638 165.21779 -103.90275
96 165.41302 -104.31146 165.54561 -104.17921
97 165.49527 -104.26808 165.62373 -104.14058
98 165.36475 -104.24222 165.47969 -104.12953
99 165.4301 -104.19123 165.54057 -104.08205
100 165.50783 -104.16208 165.6024 -104.06977
101 165.4479 -104.12617 165.49182 -104.08063
102 165.31262 -104.17603 165.4324 -104.0611
103 165.37698 -104.12724 165.48146 -104.0218
104 165.46674 -104.079605 165.5302 -104.022606
105 165.39673 -104.03952 165.4762 -103.95424
106 165.42911 -104.00095 165.51682 -103.9
107 165.31848 -104.053185 165.42854 -103.94182
108 165.25893 -104.11575 165.38995 -103.997
109 165.2423 -104.013824 165.37367 -103.88923
110 165.27228 -103.96055 165.3868 -103.85185
111 165.55894 -104.347496 165.67136 -104.24025
112 165.502 -104.40481 165.59335 -104.31636
113 165.60681 -104.421974 165.71422 -104.31327
114 165.55042 -104.46471 165.65315 -104.37522
115 165.58759 -104.513794 165.69748 -104.41908
116 165.6343 -104.56656 165.7209 -104.482216
117 165.67975 -104.61549 165.74243 -104.55506
118 165.5399 -104.691605 165.63971 -104.59922
119 165.63603 -104.791885 165.6876 -104.745155
120 165.75652 -104.68623 165.84059 -104.60733
121 165.71072 -104.66458 165.78557 -104.58619
122 165.62302 -104.68973 165.73836 -104.565025
123 165.58824 -104.6204 165.6647 -104.543625
124 165.5967 -104.74871 165.69429 -104.65499
125 165.34756 -103.94371 165.41211 -103.876274
126 165.1009 -104.268456 165.19742 -104.17808
127 164.99602 -104.479645 165.0399 -104.43318
128 165.50406 -104.36403 165.56613 -104.29679
129 165.23479 -103.924774 165.32323 -103.853775
130 164.78021 -104.15531 164.90869 -104.02781
131 164.53578 -104.274796 164.67017 -104.1346
132 164.72168 -104.65771 164.86736 -104.514626
133 165.66783 -104.516136 165.76651 -104.41197
