0 686.2954 54.56042 686.34216 54.608303
1 686.1748 54.44225 686.25 54.51969
2 686.1423 54.52897 686.25854 54.64248
3 686.1407 54.513435 686.17676 54.546135
4 686.141 54.59782 686.18805 54.643177
5 686.22546 54.648388 686.25885 54.67681
6 686.15125 54.67316 686.193 54.70933
7 686.0157 54.40978 686.08875 54.461864
8 686.0592 54.423138 686.1689 54.519554
9 685.9689 54.465683 686.0695 54.55745
10 685.9887 54.39275 686.048 54.446476
11 685.8705 54.403004 685.9708 54.492798
12 685.8796 54.450996 685.9206 54.490906
13 685.70685 54.38496 685.8443 54.51853
14 685.8429 54.481785 685.8797 54.51524
15 685.6205 54.348503 685.72687 54.43605
16 685.5579 54.432888 685.7396 54.57866
17 685.6662 54.535416 685.7119 54.588905
18 685.7365 54.53444 685.8431 54.64769
19 685.66943 54.60543 685.72943 54.65992
20 685.7565 54.58464 685.78705 54.611984
21 685.8201 54.53817 685.9464 54.6738
22 685.9203 54.55838 686.03754 54.673325
23 685.97723 54.483105 686.0102 54.521084
24 686.00323 54.54019 686.1022 54.638107
25 685.8997 54.636036 685.9459 54.67228
26 685.9027 54.68753 685.9531 54.72637
27 686.01227 54.63655 686.11914 54.751125
28 685.935 54.653152 686.0353 54.762825
29 685.972 54.722878 686.035 54.775913
30 685.7716 54.653637 685.86127 54.74493
31 685.7465 54.62452 685.8054 54.680115
32 685.73425 54.72199 685.78235 54.77008
33 685.66797 54.739277 685.7197 54.782185
34 685.7232 54.71639 685.7486 54.742893
35 685.9166 54.73959 685.9737 54.78784
36 685.8396 54.76506 685.9378 54.86991
37 685.801 54.71869 685.85626 54.763435
38 685.7232 54.764664 685.8401 54.85774
39 685.80096 54.834255 685.8525 54.883537
40 685.70483 54.783134 685.75696 54.83251
41 685.9788 54.8317 686.1225 54.964344
42 685.9749 54.845768 686.03735 54.907703
43 686.13916 54.84466 686.21716 54.93538
44 686.0897 54.73936 686.2065 54.867702
45 685.99414 54.726707 686.1162 54.852043
46 686.13965 54.915882 686.1938 54.973923
47 686.0139 54.9184 686.0618 54.961334
48 685.99695 54.949596 686.0378 54.984344
49 685.7681 54.98752 685.9078 55.122723
50 685.9134 55.02124 685.96967 55.068066
51 685.8991 54.894783 685.9597 54.95707
52 685.82587 54.913597 685.8786 54.966278
53 685.7914 54.92372 685.8181 54.950447
54 685.67346 54.87049 685.7648 54.96013
55 685.5884 54.822067 685.6427 54.87693
56 685.5967 54.89785 685.6443 54.959347
57 685.61566 54.97407 685.6523 55.018402
58 685.5564 54.99684 685.59454 55.03501
59 685.5742 55.052452 685.63214 55.097622
60 685.67084 55.005596 685.72046 55.043026
61 685.7952 55.050377 685.83545 55.09721
62 685.82715 55.009766 685.8811 55.06649
63 685.6508 55.069218 685.7617 55.193424
64 685.64197 55.09516 685.689 55.145016
65 685.7652 55.123234 685.82214 55.18621
66 685.84186 55.09478 685.8955 55.13735
67 685.844 55.130814 685.8966 55.182835
68 685.8514 55.07849 685.98706 55.18868
69 686.1042 55.133957 686.2336 55.253418
70 686.23 55.054127 686.30225 55.11314
71 686.139 54.991676 686.1869 55.0468
72 686.19135 55.03666 686.22754 55.070667
73 686.25055 54.845924 686.28864 54.879593
74 685.96173 55.15676 686.0757 55.25963
75 685.8818 55.16565 685.98206 55.255444
76 685.95044 55.23022 685.9887 55.269047
77 686.0537 55.218273 686.15924 55.3166
78 686.1709 55.33661 686.25305 55.43312
79 686.06744 55.33127 686.16644 55.444584
80 686.1563 55.23697 686.2471 55.331005
81 686.016 55.25643 686.0821 55.320873
82 686.0238 55.306366 686.08307 55.360092
83 685.9211 55.31096 685.9984 55.42146
84 685.8643 55.29362 685.9043 55.326946
85 685.8592 55.198948 685.9104 55.246254
86 685.782 55.232998 685.85315 55.301456
87 685.6925 55.291943 685.8106 55.39292
88 685.6885 55.29602 685.735 55.346428
89 685.6224 55.29077 685.667 55.33703
90 685.51654 55.271038 685.5823 55.34119
91 685.691 55.176044 685.74744 55.220345
92 685.61786 55.234577 685.73016 55.33911
93 685.59436 55.2133 685.65436 55.271637
94 685.56024 55.166454 685.6414 55.23266
95 685.4204 55.25213 685.5022 55.33062
96 685.3467 55.21136 685.4294 55.291286
97 685.2928 55.229134 685.3459 55.27994
98 685.3052 55.122967 685.39734 55.214027
99 685.4101 55.095097 685.4621 55.151512
100 685.46106 55.125782 685.508 55.165985
101 685.4032 55.009872 685.48846 55.081863
102 685.35034 55.033253 685.42224 55.093483
103 685.2767 54.946045 685.4038 55.04717
104 685.44836 54.858826 685.48694 54.899628
105 685.4841 54.887524 685.57996 54.97789
106 685.54443 54.822346 685.5667 54.8413
107 685.4088 54.746246 685.48083 54.807785
108 685.3613 54.804688 685.4545 54.89014
109 685.5298 54.53411 685.57544 54.583107
110 685.4014 54.436535 685.5723 54.59084
111 685.5078 54.34498 685.626 54.45815
112 685.3419 55.2501 685.4238 55.317066
113 685.8661 55.23885 685.9112 55.284546
114 685.50507 55.15342 685.5607 55.20915
115 685.6028 55.11691 685.6472 55.165695
116 685.62854 55.136208 685.66876 55.1715
117 685.5741 55.0918 685.626 55.131527
118 686.1072 55.121834 686.1655 55.17414
119 686.0221 55.100567 686.0663 55.140335
120 685.8453 55.059074 685.8943 55.108593
121 685.43646 54.96629 685.51746 55.039524
122 685.6994 54.980526 685.7881 55.0659
123 686.11584 55.02528 686.158 55.06024
124 686.10406 55.048603 686.14154 55.07832
125 686.0762 55.070427 686.128 55.11334
126 686.18066 54.94069 686.2391 55.000694
127 686.2215 54.731342 686.2921 54.799706
128 686.1117 54.56344 686.158 54.60869
129 685.8768 54.474884 685.96173 54.548744
130 685.89185 54.3982 685.9311 54.435265
131 685.35803 54.742397 685.3922 54.77993
132 685.98596 55.351936 686.0833 55.423294
133 686.2527 54.744545 686.3483 54.873363
134 686.2177 54.62082 686.34894 54.755318
135 686.2312 54.451656 686.33594 54.549213
136 685.3732 54.347168 685.48486 54.499714
137 685.29004 54.852966 685.40894 54.99063
138 685.28107 55.045414 685.3628 55.143147
