0 674.415 40.744156 674.5106 40.851456
1 674.49243 40.742836 674.5886 40.865875
2 674.5806 40.733337 674.6601 40.841984
3 674.6684 40.746517 674.71436 40.809414
4 674.6849 40.728897 674.7706 40.835682
5 674.7622 40.72583 674.8631 40.822662
6 674.7492 40.813797 674.8745 40.9292
7 674.6769 40.823586 674.775 40.929882
8 674.6501 40.80967 674.713 40.88894
9 674.55255 40.815598 674.6471 40.902534
10 674.44806 40.835148 674.51984 40.901108
11 675.21893 40.616306 675.3328 40.74014
12 675.11707 40.631985 675.23553 40.75049
13 675.0212 40.643364 675.1412 40.75813
14 675.2431 40.712177 675.3517 40.813194
15 675.2731 40.789692 675.3619 40.872032
16 675.18506 40.79974 675.27936 40.884693
17 675.10675 40.80154 675.1973 40.888012
18 675.09564 40.727997 675.19385 40.834957
19 675.18353 40.722027 675.2659 40.80622
20 675.00977 40.72064 675.10846 40.815254
21 674.97546 40.80911 675.10065 40.923183
22 675.0905 40.879982 675.19354 40.97772
23 675.185 40.87119 675.271 40.951885
24 675.2455 40.882828 675.3556 40.99642
25 674.5011 40.26186 674.542 40.3098
26 674.49084 39.898453 674.5418 39.94824
27 674.53674 39.943123 674.5825 39.987717
28 674.3941 40.825798 674.46265 40.897247
29 675.1962 40.931877 675.28357 40.985325
