0 172.50781 -107.58968 172.57127 -107.519455
1 172.44603 -107.5292 172.55 -107.424614
2 172.47586 -107.45781 172.59032 -107.347664
3 172.39497 -107.458405 172.48975 -107.36424
4 172.44386 -107.38384 172.56068 -107.27071
5 172.54327 -107.31864 172.60158 -107.26464
6 172.62411 -107.45454 172.75122 -107.324974
7 172.76157 -107.46716 172.83662 -107.38625
8 172.84146 -107.4423 172.93637 -107.33847
9 172.9819 -107.451584 173.05908 -107.37012
10 172.86745 -107.31198 172.98183 -107.19821
11 172.77129 -107.33345 172.8169 -107.28014
12 172.7275 -107.271484 172.76762 -107.23319
13 172.6682 -107.24015 172.73853 -107.16521
14 172.64534 -107.34928 172.75346 -107.240845
15 172.59845 -107.2736 172.68185 -107.18588
16 172.54863 -107.22074 172.63503 -107.13158
17 172.62854 -107.166824 172.68901 -107.09805
18 172.76482 -107.18056 172.85086 -107.087456
19 172.52148 -107.158485 172.58148 -107.09817
20 172.54546 -107.078316 172.62202 -106.99714
21 172.65103 -107.04408 172.72165 -106.96854
22 172.68782 -106.96989 172.80312 -106.85613
23 172.64578 -106.90718 172.72447 -106.82634
24 172.58261 -106.8286 172.68634 -106.72734
25 172.28899 -107.205505 172.44359 -107.05798
26 172.25131 -107.11918 172.40128 -106.983055
27 172.15233 -107.15328 172.27092 -107.038376
28 172.34818 -106.9934 172.4438 -106.89563
29 172.49055 -107.01118 172.6011 -106.90247
30 172.44128 -106.96056 172.55365 -106.85189
31 172.43044 -106.902916 172.49069 -106.84019
32 172.54828 -106.933044 172.63971 -106.83731
33 172.54822 -106.7818 172.63446 -106.700485
34 172.54794 -106.6428 172.66803 -106.50887
35 172.31526 -106.78933 172.41972 -106.6781
36 172.25647 -106.901215 172.47896 -106.69502
37 172.11342 -106.9943 172.26956 -106.83138
38 172.71173 -106.565 172.87115 -106.39912
39 172.74136 -106.756676 172.86443 -106.63822
40 172.79832 -106.83777 172.91063 -106.72638
41 172.88658 -106.77696 173.03214 -106.63018
42 172.93102 -106.87642 173.08525 -106.72495
43 172.9071 -106.956696 172.97302 -106.88893
44 172.80116 -106.95575 172.86612 -106.88525
45 172.95396 -107.02128 173.06238 -106.91225
46 172.91466 -107.08616 173.02159 -106.97831
47 172.96939 -107.13419 173.00804 -107.097084
48 172.98053 -107.18666 173.12085 -107.05248
49 172.97382 -107.328354 173.10246 -107.200325
50 173.08324 -107.285904 173.19168 -107.17868
51 173.0559 -107.39596 173.17267 -107.28102
52 173.13577 -107.35821 173.25223 -107.24114
53 173.12505 -107.219025 173.16068 -107.182465
54 172.9068 -107.40022 173.03073 -107.27906
55 173.0656 -107.167595 173.18999 -107.03798
56 172.90027 -107.23613 173.0224 -107.09892
57 172.35016 -107.56871 172.48918 -107.42877
58 172.29732 -107.51994 172.45 -107.38296
59 172.32507 -107.43288 172.39899 -107.35528
60 172.24924 -107.29602 172.34972 -107.19862
61 172.18198 -107.23684 172.3148 -107.10586
62 172.34785 -107.05994 172.43056 -106.98399
63 172.28206 -107.02541 172.36053 -106.94971
64 172.42944 -106.81308 172.55148 -106.687355
65 172.12956 -106.88442 172.25769 -106.76122
66 172.81326 -106.70411 172.93802 -106.57843
67 172.81393 -107.0227 172.96979 -106.859474
68 172.70636 -107.0876 172.86813 -106.90091
69 172.68521 -107.134605 172.76369 -107.0589
70 172.58224 -107.02825 172.67836 -106.92474
71 172.21353 -106.80163 172.36357 -106.652214
72 172.37201 -106.72927 172.53596 -106.56347
73 172.10257 -107.24884 172.2332 -107.09515
