0 -131.84464 300.53653 -131.66092 300.72015
1 -131.80435 300.39044 -131.66054 300.53204
2 -131.76363 300.44724 -131.5696 300.64035
3 -131.7215 300.55057 -131.56334 300.70798
4 -131.80873 300.63113 -131.65451 300.784
5 -131.81194 300.78833 -131.66727 300.93472
6 -131.76546 300.7858 -131.6916 300.86078
7 -131.88191 300.8177 -131.7674 300.933
8 -131.72998 300.69318 -131.57811 300.84558
9 -131.65714 300.62766 -131.5093 300.7756
10 -131.69061 300.8054 -131.6035 300.89252
11 -131.75012 300.86908 -131.65814 300.9608
12 -131.62029 300.70114 -131.43689 300.8842
13 -131.59483 300.55145 -131.43993 300.7074
14 -131.59656 300.4323 -131.40405 300.6232
15 -131.63266 300.36087 -131.45294 300.541
16 -131.55354 300.346 -131.44836 300.45184
17 -131.57738 300.22495 -131.43198 300.37155
18 -131.4626 300.38077 -131.27223 300.5719
19 -131.37943 300.38297 -131.29178 300.47144
20 -131.49353 300.51315 -131.37137 300.63495
21 -131.5287 300.61523 -131.36006 300.78287
22 -131.66537 300.8349 -131.46617 301.03415
23 -131.58453 300.81122 -131.46245 300.9331
24 -131.48991 300.8379 -131.37413 300.95383
25 -131.517 300.76547 -131.41302 300.86963
26 -131.43317 300.68225 -131.24521 300.87204
27 -131.36877 300.63797 -131.22832 300.78012
28 -131.3012 300.60532 -131.19533 300.7114
29 -131.3049 300.4997 -131.17064 300.63483
30 -131.40504 300.78806 -131.26518 300.9289
31 -131.69646 301.0257 -131.61163 301.1104
32 -131.6107 300.9227 -131.43752 301.09427
33 -131.67197 301.1253 -131.6278 301.1697
34 -131.54742 301.0183 -131.43925 301.1268
35 -131.61424 301.0521 -131.48926 301.17673
36 -131.62341 301.14468 -131.47942 301.28986
37 -131.52937 301.0904 -131.44542 301.1741
38 -131.47324 300.9272 -131.29362 301.10837
39 -131.35468 300.9438 -131.14314 301.15613
40 -131.27731 300.9449 -131.21153 301.011
41 -131.27663 300.73367 -131.0311 300.97986
42 -131.20427 300.88513 -131.10266 300.98697
43 -131.16089 300.75714 -130.99992 300.91925
44 -131.11397 300.69095 -130.98325 300.82208
45 -131.06494 300.77536 -130.92656 300.9139
46 -131.06001 300.8303 -130.8387 301.05075
47 -131.14256 300.98004 -131.06209 301.06064
48 -131.18794 301.0073 -131.02011 301.1795
49 -131.25066 301.06216 -131.09729 301.2187
50 -131.31363 301.11823 -131.1634 301.2685
51 -131.4478 301.1206 -131.23877 301.3336
52 -131.5147 301.2205 -131.34201 301.3954
53 -131.5068 301.2063 -131.44487 301.2687
54 -131.19292 300.5219 -130.98471 300.73004
55 -131.01352 300.52582 -130.90717 300.6314
56 -130.8742 300.74557 -130.69737 300.92197
57 -130.89362 300.63577 -130.71674 300.81213
58 -130.79266 300.719 -130.66426 300.8487
59 -131.2119 300.45868 -131.07433 300.59616
60 -131.23056 300.3157 -131.03644 300.50967
61 -131.29977 300.26245 -131.16124 300.39896
62 -131.33623 300.1489 -131.15205 300.333
63 -131.38046 300.0939 -131.25629 300.2184
64 -131.47012 300.11258 -131.25786 300.32513
65 -130.96593 300.8197 -130.8672 300.91785
66 -131.92009 300.64825 -131.78993 300.77808
67 -131.38223 300.86353 -131.23438 301.01236
68 -130.92618 300.571 -130.79291 300.70523
69 -131.24205 300.67505 -131.09517 300.82303
70 -131.37486 300.5522 -131.2518 300.67404
71 -131.38937 301.066 -131.26697 301.1885
72 -131.05235 300.44342 -130.91815 300.57675
73 -131.52837 300.41254 -131.42255 300.5177
74 -131.49992 300.31305 -131.39809 300.41656
75 -131.7917 300.93137 -131.61787 301.10605
76 -132.04292 300.62946 -131.85571 300.8162
77 -131.88443 300.4775 -131.75346 300.60745
78 -131.1999 300.26752 -131.031 300.44147
79 -131.96754 300.55112 -131.82799 300.68942
