0 610.7015 -26.49993 610.768 -26.432148
1 610.7393 -26.42592 610.79736 -26.364817
2 610.7517 -26.339497 610.82306 -26.276566
3 610.5649 -26.396784 610.6307 -26.315891
4 610.57336 -26.318102 610.66876 -26.230005
5 610.3845 -26.269814 610.47644 -26.183338
6 610.43274 -26.215582 610.5213 -26.13731
7 610.47974 -26.24599 610.5907 -26.153234
8 610.78076 -26.272078 610.86115 -26.189249
9 610.6865 -26.294207 610.7808 -26.173248
10 610.6193 -26.248837 610.7279 -26.138496
11 610.5945 -26.17999 610.6818 -26.084684
12 610.50433 -26.14727 610.60376 -26.035753
13 610.65894 -26.136106 610.80566 -26.011223
14 610.6392 -26.10591 610.69696 -26.040876
15 610.67474 -26.038486 610.80273 -25.915895
16 610.5525 -26.02662 610.66986 -25.875969
17 610.5137 -26.016493 610.58636 -25.938288
18 610.3933 -26.081392 610.4938 -25.96583
19 610.334 -26.039894 610.4212 -25.924835
20 610.24554 -26.066845 610.31775 -25.980118
21 610.103 -26.075497 610.1906 -25.993359
22 610.3616 -26.112757 610.38226 -26.087883
23 610.1303 -26.017248 610.2297 -25.920893
24 610.3111 -26.004717 610.3654 -25.9558
25 610.7832 -25.981966 610.8803 -25.896355
26 610.5873 -25.897856 610.71045 -25.770416
27 610.36414 -25.906303 610.5019 -25.771002
28 610.2001 -25.962837 610.31415 -25.83356
29 610.1547 -25.903814 610.2652 -25.793304
30 610.15735 -25.780518 610.3011 -25.629532
31 610.3018 -25.772602 610.43066 -25.641378
32 610.303 -25.875154 610.4002 -25.76647
33 610.69116 -25.85531 610.8325 -25.67883
34 610.5916 -25.794596 610.70605 -25.691645
35 610.79144 -25.75072 610.89667 -25.647919
36 610.54016 -25.796576 610.5964 -25.726408
37 610.06464 -25.85839 610.17633 -25.726686
38 609.9893 -25.960854 610.0413 -25.901598
39 609.9167 -25.93182 609.9768 -25.877127
40 609.97675 -25.88 610.04297 -25.816868
41 609.9181 -25.83123 609.9796 -25.761257
42 609.91895 -25.766434 610.0095 -25.673489
43 609.9176 -25.725346 609.9657 -25.665113
44 609.9988 -25.81663 610.06854 -25.749226
45 610.0261 -26.472002 610.4423 -26.061874
46 609.79236 -26.471153 610.1262 -26.120304
47 610.04156 -25.94186 610.10126 -25.86216
48 610.02814 -26.012564 610.1024 -25.93225
49 610.0806 -25.96013 610.16095 -25.877966
50 610.0536 -25.786736 610.1213 -25.713583
51 609.89056 -25.665436 610.00543 -25.580246
52 610.0868 -25.69309 610.1484 -25.622454
53 610.13776 -25.68593 610.22516 -25.591284
54 610.0169 -25.678467 610.09106 -25.57641
55 610.4984 -25.952179 610.59546 -25.889635
56 610.8132 -25.875687 610.9014 -25.740763
57 610.421 -25.733074 610.54895 -25.597313
58 610.33563 -25.698528 610.4405 -25.614876
