0 12.393222 651.7034 12.546816 651.80695
1 12.524284 651.67706 12.653144 651.79504
2 12.468564 651.60596 12.60216 651.726
3 12.390072 651.5242 12.514671 651.65265
4 12.45592 651.46594 12.581926 651.5964
5 12.588534 651.5949 12.700801 651.7315
6 12.74618 651.6443 12.857328 651.7689
7 12.655552 651.7088 12.766181 651.80206
8 12.679241 651.56744 12.79944 651.6851
9 12.60478 651.512 12.739144 651.6348
10 12.77775 651.58026 12.864411 651.6554
11 12.823248 651.60925 12.937779 651.73535
12 12.931314 651.5995 13.063607 651.7203
13 12.988531 651.6746 13.122317 651.7821
14 13.029225 651.5698 13.133823 651.6795
15 12.919677 651.44904 13.091969 651.60724
16 13.012272 651.43976 13.096887 651.54877
17 12.887824 651.4027 13.001285 651.5181
18 12.808593 651.4513 12.914878 651.57043
19 12.707454 651.46704 12.8170185 651.58496
20 12.377423 651.3745 12.512493 651.516
21 12.478372 651.38116 12.582466 651.47754
22 12.551214 651.4194 12.665997 651.5521
23 12.616205 651.31946 12.769352 651.48157
24 12.684238 651.3116 12.798831 651.42175
25 12.748569 651.3632 12.862896 651.48395
26 12.955029 651.3446 13.0807085 651.4665
27 12.826152 651.3248 12.925936 651.43036
28 12.332623 651.32117 12.405243 651.4296
29 12.396995 651.28357 12.525337 651.4055
30 12.497316 651.228 12.6375885 651.36633
31 12.60624 651.26105 12.697652 651.35626
32 12.676984 651.1819 12.780728 651.3042
33 12.603621 651.19336 12.650683 651.2417
34 12.749241 651.2763 12.831918 651.36926
35 12.899958 651.26526 13.00276 651.3802
36 12.9823675 651.23035 13.087343 651.35004
37 12.902785 651.1907 12.988152 651.28436
38 12.963405 651.1354 13.047313 651.2257
39 12.807388 651.1984 12.924671 651.3093
40 12.346531 651.14935 12.460145 651.30396
41 12.437763 651.16296 12.539006 651.2719
42 12.53226 651.1551 12.676594 651.2777
43 12.478499 651.04767 12.624881 651.17163
44 12.408888 650.9631 12.533539 651.0929
45 12.479984 650.9755 12.537633 651.0575
46 12.518669 651.0025 12.556066 651.0591
47 12.5532675 651.02405 12.658935 651.1444
48 12.674371 651.0231 12.817711 651.1722
49 12.77459 651.0283 12.879915 651.1221
50 12.815363 651.10986 12.919071 651.2136
51 12.735273 651.162 12.836918 651.24634
52 12.890635 651.06213 13.010091 651.17773
53 12.338611 650.9401 12.442968 651.0258
54 12.550962 650.84595 12.721304 651.0054
55 12.696948 650.8793 12.83652 651.03424
56 12.833184 650.9532 12.980872 651.0765
57 12.962542 650.9254 13.096644 651.0589
58 12.897144 650.8455 13.031433 650.9663
59 12.796494 650.8568 12.926369 650.98413
60 12.657432 650.8128 12.811114 650.93634
61 12.492547 650.8024 12.6176605 650.9269
62 12.34454 650.7869 12.482148 650.9251
63 12.811527 650.7861 12.9624815 650.8902
64 13.024912 650.80347 13.1098995 650.88715
65 13.0563135 650.8381 13.193568 650.9669
66 13.139531 650.78033 13.280709 650.9074
67 13.206617 650.8891 13.298055 650.985
68 13.141721 650.9 13.28359 651.0278
69 13.025781 651.03687 13.147651 651.14594
70 13.0965185 650.9661 13.237697 651.0932
71 13.219024 650.9783 13.332347 651.10754
72 13.162581 651.09247 13.237866 651.16583
73 13.114017 651.0677 13.243266 651.21356
74 13.052414 651.1595 13.161237 651.2754
75 13.22741 651.1205 13.344492 651.2261
76 13.240949 651.20557 13.345173 651.3406
77 13.127261 651.2057 13.27288 651.36224
78 13.050674 651.29 13.159926 651.4172
79 13.19263 651.35693 13.29406 651.45325
80 13.107514 651.3894 13.246291 651.50574
81 13.089891 651.4798 13.211161 651.60815
82 13.179243 651.4707 13.274703 651.56744
83 13.235469 651.4141 13.325135 651.516
84 13.223005 651.50696 13.340278 651.63513
85 13.09216 651.63684 13.215098 651.75653
86 13.153614 651.5593 13.279809 651.6772
87 13.219117 651.61505 13.358058 651.75336
88 13.152482 651.7252 13.229675 651.7787
89 12.338039 651.5971 12.403436 651.7433
90 12.58618 650.8096 12.684189 650.88574
91 13.253521 651.3356 13.346491 651.4369
