0 264.60617 768.84314 264.76312 769.0043
1 264.70602 768.78754 264.8565 768.94116
2 264.789 768.7346 264.9403 768.8893
3 264.6683 768.6786 264.83316 768.84406
4 264.57303 768.7088 264.7514 768.88605
5 264.72318 768.6207 264.86655 768.7636
6 264.68454 768.62726 264.77426 768.7172
7 264.57397 768.61273 264.73627 768.7733
8 264.4714 768.6757 264.64212 768.84186
9 264.41434 768.62836 264.55634 768.769
10 264.49988 768.57135 264.64334 768.7133
11 264.58798 768.5248 264.72733 768.6662
12 264.65613 768.41614 264.84122 768.60065
13 264.7412 768.52795 264.88123 768.66864
14 264.81192 768.6059 264.92636 768.72174
15 264.91205 768.7243 264.9773 768.78815
16 265.02853 768.5181 265.1495 768.6405
17 264.89642 768.56635 264.99664 768.6692
18 264.9311 768.44165 265.08514 768.5964
19 264.79605 768.4126 264.96967 768.59265
20 264.87717 768.4033 264.9969 768.52405
21 264.9519 768.341 265.1009 768.49243
22 264.88565 768.2575 265.0357 768.4097
23 264.82434 768.35443 264.93646 768.4668
24 264.36725 768.48584 264.4871 768.6065
25 264.42377 768.4772 264.58978 768.6414
26 264.51456 768.37634 264.7112 768.5699
27 264.42337 768.3884 264.57727 768.5424
28 264.2571 768.48334 264.43564 768.6642
29 264.2341 768.4236 264.3774 768.5657
30 264.34012 768.36096 264.47644 768.4988
31 264.41058 768.23737 264.59766 768.42365
32 264.65848 768.2392 264.89783 768.47614
33 264.79727 768.2245 264.93695 768.36554
34 264.64502 768.18787 264.81467 768.35596
35 264.7192 768.1072 264.8756 768.2652
36 264.63626 768.0864 264.78012 768.2307
37 264.55972 768.15155 264.7177 768.3061
38 264.2369 768.2696 264.4231 768.4502
39 264.32983 768.172 264.52124 768.3614
40 264.4529 768.0709 264.63882 768.25934
41 264.54276 768.07666 264.65427 768.1935
42 264.36737 768.0416 264.55707 768.22815
43 264.40228 768.0128 264.51474 768.124
44 264.4806 767.91315 264.672 768.10077
45 264.596 767.966 264.68146 768.0518
46 264.4795 768.1116 264.535 768.1674
47 264.29907 768.03644 264.45386 768.19135
48 264.1644 768.2487 264.30515 768.3896
49 264.03925 768.24536 264.16956 768.3818
50 264.09747 768.2488 264.18256 768.3396
51 264.14548 768.17035 264.2747 768.2985
52 264.21313 768.11035 264.3432 768.2404
53 264.62296 768.15405 264.626 768.1566
54 264.26407 768.15607 264.43127 768.32294
55 264.6491 767.82513 264.78198 767.9561
56 264.68848 767.6765 264.87402 767.86346
57 264.70905 767.828 264.8909 768.0092
58 264.8203 767.9504 264.93616 768.0657
59 264.68832 767.91473 264.91458 768.14514
60 264.86447 767.9646 265.02676 768.1223
61 265.03232 768.0602 265.09387 768.124
62 264.91895 768.02386 265.08835 768.19226
63 264.84955 768.1015 265.02005 768.27625
64 264.99307 768.05365 265.1793 768.2417
65 264.95923 768.187 265.11633 768.3462
66 265.0296 768.2922 265.15958 768.4213
67 265.13058 768.21234 265.30154 768.3877
68 265.0956 768.31995 265.2606 768.47974
69 265.22766 768.4428 265.36166 768.5774
70 265.11295 768.4463 265.2577 768.5907
71 264.96912 768.6283 265.1043 768.7626
72 264.98947 768.57666 265.10828 768.6936
73 264.50317 768.81226 264.641 768.9504
74 264.55347 768.2863 264.74304 768.471
75 264.18723 768.4005 264.3013 768.5156
76 264.7762 767.7399 264.955 767.9187
77 265.0589 768.16223 265.22757 768.3249
78 264.58368 768.0127 264.72308 768.15314
79 264.85428 768.6662 264.94803 768.75867
80 264.96167 768.7377 265.05756 768.83075
81 264.78836 768.1062 264.89453 768.21436
82 264.32373 768.6318 264.45056 768.76324
83 264.84375 767.81024 265.00964 767.9747
84 264.9062 767.8848 265.06946 768.05664
85 265.247 768.3248 265.42245 768.50775
