0 -86.09055 120.44567 -85.97963 120.56491
1 -85.84009 120.45569 -85.70314 120.60053
2 -86.01277 120.58447 -85.85695 120.75359
3 -85.90823 120.55452 -85.75944 120.73575
4 -85.792015 120.56559 -85.611084 120.75276
5 -85.890625 120.69812 -85.78911 120.79631
6 -86.04894 120.72378 -85.98099 120.797134
7 -85.97842 120.69322 -85.85132 120.81575
8 -85.72294 120.43827 -85.55811 120.606
9 -85.696 120.3226 -85.52081 120.50112
10 -85.56493 120.33111 -85.39368 120.51442
11 -85.89958 120.79347 -85.817314 120.872826
12 -85.94199 120.86969 -85.76735 121.03352
13 -85.858826 120.88622 -85.74907 120.99224
14 -85.81027 120.76811 -85.671684 120.909615
15 -85.72513 120.76413 -85.57797 120.925835
16 -85.70795 120.65709 -85.56132 120.80579
17 -85.578926 120.631004 -85.39058 120.826836
18 -85.545265 120.568726 -85.44942 120.66666
19 -85.44499 120.503235 -85.26339 120.67112
20 -85.43894 120.40498 -85.25938 120.57998
21 -85.396164 120.60456 -85.24654 120.737564
22 -85.32059 120.69996 -85.17513 120.85829
23 -85.414604 120.718895 -85.262314 120.91525
24 -85.515915 120.724304 -85.35122 120.901474
25 -85.62175 120.76467 -85.49598 120.902916
26 -85.77474 120.86635 -85.6652 120.97173
27 -85.68977 120.8754 -85.60552 120.96547
28 -85.61587 120.86052 -85.46927 121.00587
29 -85.5109 120.837685 -85.34925 121.00266
30 -85.77599 120.94212 -85.59957 121.117714
31 -85.69729 120.94134 -85.65644 120.98426
32 -85.66654 120.961685 -85.54852 121.07721
33 -85.578 120.95181 -85.48646 121.037125
34 -85.80911 121.051796 -85.6557 121.20895
35 -85.85821 121.25556 -85.78354 121.32898
36 -85.80683 121.166245 -85.64486 121.3436
37 -85.69833 121.12802 -85.54606 121.29984
38 -85.69741 121.24039 -85.54052 121.38813
39 -85.60351 121.10918 -85.46504 121.26011
40 -85.580246 121.20355 -85.428406 121.34958
41 -85.488525 121.21318 -85.42231 121.279816
42 -85.42456 121.12008 -85.30041 121.240486
43 -85.46169 120.99103 -85.249535 121.22397
44 -85.32457 120.968025 -85.14166 121.18876
45 -85.2911 120.893425 -85.15177 121.04689
46 -85.23706 121.00611 -85.14936 121.10795
47 -85.32363 121.0924 -85.1858 121.21859
48 -85.22391 121.076385 -85.13077 121.17618
49 -85.13808 121.05288 -84.99775 121.2011
50 -85.14956 120.95787 -84.997345 121.09844
51 -85.18901 120.84798 -85.02112 121.03126
52 -85.061066 120.827324 -84.88967 121.00288
53 -85.05154 120.94943 -84.9257 121.07153
54 -84.98161 121.0088 -84.83877 121.133354
55 -85.08215 120.74199 -84.99306 120.83482
56 -85.06427 120.668755 -84.99166 120.77047
57 -85.14384 120.64334 -84.980354 120.80226
58 -85.28908 120.52092 -85.22285 120.58923
59 -85.22341 120.536964 -84.99377 120.755806
60 -85.348915 120.3242 -85.25747 120.4223
61 -85.29645 120.21754 -85.21578 120.30527
62 -85.36554 120.21872 -85.25048 120.35498
63 -85.66081 120.51383 -85.55104 120.597
64 -85.62772 120.56058 -85.52095 120.661125
65 -85.5835 120.47107 -85.44467 120.616554
66 -85.28016 120.42678 -85.15411 120.572365
67 -85.344696 120.437874 -85.21973 120.58031
68 -85.24849 120.299576 -85.128555 120.441956
69 -85.30152 120.81778 -85.16275 120.95656
70 -85.39587 120.8571 -85.275185 121.01313
71 -85.57089 121.01503 -85.46219 121.119576
72 -85.06242 121.0311 -84.973755 121.12267
73 -85.41759 121.18654 -85.31981 121.26561
74 -85.89396 121.06196 -85.77889 121.17536
75 -85.47514 120.347755 -85.376144 120.46962
76 -85.41381 120.331 -85.317566 120.44969
77 -85.1397 120.46071 -85.049675 120.58732
78 -85.196495 120.44091 -85.07517 120.597145
79 -85.91752 120.376976 -85.75412 120.525826
80 -85.81294 120.359406 -85.678894 120.508835
81 -85.46425 120.224724 -85.29407 120.38202
82 -85.108284 120.56342 -85.012215 120.686516
83 -85.98954 120.78769 -85.84285 120.94478
84 -86.10238 120.52053 -86.001854 120.62563
85 -86.004074 120.411766 -85.8611 120.55142
