0 663.07446 614.7649 663.1649 614.86755
1 662.9532 614.7027 663.0719 614.8551
2 662.8419 614.6882 662.97577 614.8318
3 662.78845 614.78284 662.88837 614.8895
4 662.65985 614.7382 662.7865 614.87537
5 662.5936 614.76746 662.68964 614.86523
6 662.46124 614.69775 662.59454 614.8612
7 662.6123 614.67596 662.73285 614.78485
8 662.7472 614.68726 662.86145 614.7911
9 663.0085 614.50726 663.0948 614.58185
10 662.723 614.5884 662.86084 614.70593
11 662.68744 614.6078 662.76184 614.6914
12 662.55066 614.5865 662.67065 614.7046
13 662.5372 614.6247 662.5888 614.6789
14 662.45953 614.4339 662.6344 614.58734
15 662.63354 614.39734 662.73987 614.51843
16 662.6986 614.5144 662.8034 614.6162
17 662.75745 614.4892 662.91895 614.631
18 662.898 614.47644 662.95306 614.53156
19 662.70233 614.3881 662.85406 614.5245
20 662.9523 614.47687 663.01886 614.54474
21 662.9894 614.395 663.1049 614.5062
22 662.914 614.38007 663.01434 614.46564
23 662.8472 614.3373 662.94507 614.4425
24 662.7888 614.3448 662.86646 614.42664
25 662.6518 614.31946 662.77423 614.4266
26 662.50946 614.3503 662.6379 614.4757
27 662.4096 614.41235 662.49 614.47925
28 662.88074 614.22034 663.08453 614.38855
29 662.7664 614.2537 662.87756 614.3514
30 662.6743 614.2294 662.7803 614.3286
31 662.8448 614.1619 662.9694 614.2712
32 662.8098 614.19434 662.87915 614.263
33 662.50806 614.194 662.6592 614.331
34 662.5089 614.09937 662.6577 614.22235
35 662.66125 614.11804 662.78564 614.2332
36 662.83405 614.1029 662.9131 614.1869
37 662.6033 614.0572 662.6856 614.1322
38 662.3624 614.041 662.5129 614.1945
39 662.39355 613.99304 662.4925 614.08514
40 662.4635 613.973 662.5963 614.10406
41 662.64294 614.0093 662.69086 614.0658
42 662.6565 613.95276 662.7971 614.0811
43 662.8262 613.95514 662.96674 614.1092
44 662.9502 613.95056 663.09015 614.11383
45 662.77325 613.90106 662.8469 614.00116
46 662.83923 613.9108 662.9256 614.0126
47 662.93805 613.8532 663.06714 613.9958
48 662.2694 614.04224 662.3311 614.0978
49 662.32764 614.13446 662.40424 614.22156
50 662.32153 614.1409 662.4835 614.3152
51 662.2799 614.2453 662.4179 614.38336
52 662.2276 614.23376 662.32294 614.358
53 662.22375 614.3734 662.30725 614.4551
54 662.1784 614.23865 662.2526 614.34607
55 662.2687 614.3675 662.39154 614.4713
56 662.21765 614.4285 662.3154 614.5496
57 662.2643 614.4426 662.4432 614.5784
58 662.3623 614.5391 662.50354 614.68396
59 662.21265 614.5341 662.37445 614.6806
60 662.2946 614.655 662.45026 614.7898
61 662.34155 614.8155 662.4314 614.87585
62 662.20154 614.72595 662.3307 614.8593
63 662.30676 614.8709 662.36115 614.9167
64 662.23596 614.8824 662.32574 614.9507
65 662.9365 614.6741 663.0184 614.7338
66 662.9148 614.64966 662.9698 614.69543
67 662.89484 614.67365 662.94073 614.73004
68 662.7345 614.68854 662.7887 614.75745
69 662.91406 614.27686 662.99066 614.36334
70 662.44824 613.93475 662.5242 614.0126
71 662.3703 613.99255 662.42834 614.0789
72 662.17224 614.1197 662.27014 614.2262
73 662.47064 614.3174 662.5618 614.40497
74 662.58276 614.3348 662.63995 614.3919
75 662.6697 614.309 662.7185 614.36096
76 662.49396 614.4791 662.54333 614.53705
77 662.7269 614.68945 662.78564 614.7574
78 662.31104 614.71045 662.3707 614.76587
79 662.15265 613.95154 662.23425 614.0509
80 663.1052 614.3634 663.1954 614.52356
81 663.08624 614.0339 663.1683 614.13995
82 663.04956 613.8667 663.14545 613.9639
83 662.6454 613.90106 662.7493 613.99023
84 662.22205 613.93005 662.3271 614.02527
85 662.3116 614.86743 662.42633 614.9429
