0 34.00975 670.39594 34.13077 670.5599
1 34.104527 670.4042 34.2385 670.5793
2 34.215725 670.3952 34.369263 670.56903
3 34.33069 670.4435 34.43002 670.5619
4 34.4329 670.4309 34.56076 670.5588
5 34.563694 670.375 34.740593 670.5591
6 34.67165 670.46454 34.744884 670.5586
7 34.01689 670.29474 34.16826 670.44073
8 34.228664 670.2749 34.351402 670.4299
9 34.3217 670.27075 34.47568 670.43604
10 34.475357 670.28204 34.66795 670.45264
11 34.605045 670.2041 34.722546 670.3657
12 34.49516 670.1821 34.634945 670.3434
13 34.390747 670.2244 34.511223 670.33777
14 34.278446 670.212 34.3868 670.3287
15 34.0285 670.1204 34.23164 670.2979
16 34.143135 670.1102 34.284058 670.2374
17 34.393436 670.0757 34.586926 670.2292
18 34.53042 670.16846 34.60905 670.2382
19 34.614727 670.1203 34.739338 670.2485
20 33.97464 670.0941 34.081654 670.20416
21 33.972176 669.9588 34.103363 670.09357
22 34.076283 669.9728 34.224735 670.12244
23 34.25191 670.00244 34.372627 670.1375
24 34.3571 670.0098 34.46644 670.12335
25 34.468803 670.0251 34.570236 670.13184
26 34.556614 670.0317 34.69475 670.1573
27 34.67602 670.105 34.74847 670.1655
28 34.64748 670.0048 34.76284 670.113
29 34.56689 669.9449 34.703556 670.0625
30 34.47584 669.9479 34.55683 670.0408
31 34.529152 669.915 34.612045 669.9943
32 34.437714 669.91614 34.51137 669.9886
33 34.400467 669.9568 34.49267 670.05676
34 34.302197 669.9171 34.41969 670.0334
35 34.180958 669.93567 34.28401 670.0584
36 33.94008 669.9293 34.00471 669.99695
37 33.993244 669.8839 34.077656 670.0041
38 34.07298 669.8817 34.178345 670.00134
39 34.178497 669.8494 34.273968 669.9556
40 34.260853 669.8242 34.372673 669.9557
41 34.37442 669.8667 34.485928 669.96924
42 34.543465 669.7947 34.668797 669.91705
43 33.94252 669.7077 34.06083 669.83203
44 33.940018 669.68286 34.02296 669.74976
45 34.016327 669.64795 34.155582 669.8492
46 34.121567 669.6882 34.25486 669.85657
47 34.112095 669.6572 34.24076 669.7478
48 34.23255 669.6492 34.360695 669.74756
49 34.237206 669.6974 34.377884 669.83514
50 34.36543 669.6698 34.544163 669.8461
51 34.504234 669.6087 34.677006 669.7845
52 34.589207 669.6123 34.67134 669.67773
53 34.49881 669.6015 34.598286 669.689
54 34.61717 669.60956 34.74992 669.7661
55 34.691128 669.6096 34.775475 669.69037
56 34.713963 669.6618 34.812027 669.7742
57 34.787216 669.58594 34.907185 669.7136
58 34.798153 669.7077 34.90574 669.804
59 34.66588 669.7405 34.854095 669.9132
60 34.833523 669.75336 34.96486 669.8573
61 34.683 669.89594 34.83206 670.0128
62 34.759644 669.93396 34.88478 670.06085
63 34.81702 669.99475 34.934914 670.10846
64 34.7064 670.116 34.828503 670.25183
65 34.766273 670.05896 34.886898 670.18024
66 34.868015 670.068 34.98685 670.191
67 34.812614 670.1249 34.945335 670.26184
68 34.68208 670.3425 34.82645 670.4649
69 34.704746 670.2431 34.842476 670.36475
70 34.803356 670.22327 34.95763 670.40436
71 34.90627 670.2691 35.0006 670.40936
72 34.857185 670.3872 35.001717 670.4918
73 34.75989 670.4009 34.92467 670.55615
74 34.883595 670.50464 34.968067 670.58014
75 34.217594 670.21844 34.303402 670.30066
76 34.254456 670.13855 34.38133 670.23083
77 34.350258 669.6437 34.477936 669.7439
78 34.0615 670.1337 34.14001 670.20874
79 34.40315 669.59534 34.54936 669.70996
80 34.816784 669.7566 34.993587 669.9721
81 34.90665 670.17267 34.97947 670.3015
