0 456.9851 750.9209 457.12173 751.061
1 457.04474 750.8459 457.1753 750.9724
2 456.87686 750.7918 457.07843 750.9811
3 456.75903 750.84875 456.9171 751.01685
4 456.72586 750.86597 456.8189 750.9662
5 456.56995 750.86383 456.68964 750.9769
6 456.61856 750.70557 456.77927 750.88544
7 456.77997 750.83026 456.87744 750.92053
8 456.81454 750.73267 456.97882 750.89185
9 456.42532 750.7731 456.58597 750.9151
10 456.49426 750.6642 456.65982 750.8292
11 456.60977 750.64655 456.71912 750.7556
12 456.7005 750.60956 456.8638 750.7643
13 456.83078 750.63257 456.92633 750.72845
14 456.73105 750.52374 456.87167 750.65985
15 456.70483 750.6188 456.75974 750.678
16 456.88626 750.6798 456.99155 750.79016
17 456.95822 750.73694 457.1072 750.87823
18 457.04895 750.7324 457.1813 750.86597
19 457.12134 750.7681 457.26648 750.90875
20 457.13608 750.7002 457.2675 750.8302
21 456.9904 750.65643 457.11682 750.78516
22 456.90353 750.6063 457.01984 750.71466
23 456.85074 750.52826 456.96094 750.63727
24 457.09503 750.63196 457.21216 750.75104
25 457.22153 750.5964 457.2953 750.67444
26 457.27127 750.5996 457.3993 750.7222
27 456.9251 750.49255 457.11395 750.6631
28 456.89117 750.44226 457.01508 750.5636
29 456.93634 750.45624 456.97485 750.4996
30 456.78137 750.4262 456.90762 750.5587
31 456.67072 750.316 456.83478 750.478
32 456.74945 750.2696 456.9074 750.409
33 456.87988 750.28235 456.9522 750.35925
34 456.74002 750.1442 456.90634 750.30225
35 456.88943 750.2333 457.0442 750.3949
36 456.96283 750.3992 457.056 750.4938
37 457.00806 750.30096 457.1782 750.47144
38 456.98206 750.4203 457.13147 750.56824
39 457.0947 750.41473 457.2584 750.58356
40 457.20663 750.4177 457.3594 750.5722
41 457.3333 750.41754 457.44333 750.53125
42 457.27438 750.494 457.42572 750.6373
43 456.57172 750.3687 456.71857 750.50757
44 457.17618 750.3812 457.28363 750.48926
45 457.2447 750.3067 457.38962 750.4528
46 457.24774 750.3439 457.30563 750.4038
47 457.11804 750.2633 457.25165 750.3984
48 457.04797 750.1484 457.20505 750.3237
49 457.1684 750.1884 457.29178 750.3129
50 456.95593 750.077 457.1214 750.2502
51 456.80292 750.1475 456.8643 750.2092
52 456.6856 750.0022 456.82294 750.14777
53 456.60437 750.04895 456.74188 750.1882
54 456.5924 750.2261 456.7581 750.39465
55 456.52402 750.5218 456.6859 750.6897
56 456.45395 750.4836 456.58585 750.6069
57 456.3871 750.4487 456.4441 750.51117
58 456.3493 750.56256 456.44528 750.66516
59 456.2879 750.61237 456.47726 750.8057
60 456.37457 750.51483 456.57443 750.7193
61 457.2733 750.20557 457.39624 750.335
62 457.38336 750.2641 457.4735 750.3554
63 457.38974 750.2568 457.54446 750.41925
64 457.1194 750.1304 457.2217 750.2267
65 456.8278 749.9699 456.9086 750.04724
66 456.76813 749.9375 456.8534 750.0202
67 456.80774 750.1315 456.94266 750.24725
68 456.6986 750.47095 456.7758 750.5456
69 456.565 750.4788 456.64554 750.5574
70 456.5287 750.37213 456.6243 750.4706
71 456.45728 750.4682 456.54105 750.5632
72 457.12137 750.88043 457.25443 751.0169
73 456.86508 750.3916 456.9494 750.4842
74 456.93588 750.2022 457.03577 750.30896
75 456.8637 750.06604 456.93515 750.1321
76 457.04242 750.9568 457.20438 751.129
77 457.2353 750.73047 457.3471 750.846
78 457.3888 750.44965 457.4977 750.568
79 457.18768 750.1518 457.32312 750.2661
80 457.0379 750.07513 457.15436 750.1779
81 456.8466 749.9779 456.9868 750.0955
82 456.4081 750.3277 456.518 750.4487
83 456.22565 750.6949 456.35764 750.81085
