0 -130.9697 283.98288 -130.83104 284.12244
1 -130.96887 283.8678 -130.79428 284.03906
2 -130.88039 283.82724 -130.72716 283.97852
3 -130.88387 283.95602 -130.77232 284.06815
4 -130.82524 284.0141 -130.65918 284.18076
5 -130.77457 283.90454 -130.50925 284.18243
6 -130.79262 283.8313 -130.6985 283.9261
7 -130.6966 283.7561 -130.51523 283.93845
8 -130.68262 283.87497 -130.5471 284.00824
9 -130.76488 284.1013 -130.63937 284.2267
10 -130.83102 284.15558 -130.64934 284.34418
11 -130.69453 284.12976 -130.50987 284.3135
12 -130.63841 284.0528 -130.45653 284.23935
13 -130.55913 284.03622 -130.43994 284.15668
14 -130.61188 283.9244 -130.43083 284.10425
15 -130.59789 283.86633 -130.50787 283.9568
16 -130.60576 283.71436 -130.43532 283.89072
17 -130.51578 283.57092 -130.34917 283.73514
18 -130.50339 283.68842 -130.3633 283.82935
19 -130.43065 283.6263 -130.26251 283.79086
20 -130.49866 283.77728 -130.29005 283.9841
21 -130.5045 283.8804 -130.37035 284.0122
22 -130.48499 283.95667 -130.3214 284.1211
23 -130.46936 284.0624 -130.31706 284.21555
24 -130.53952 284.14017 -130.46838 284.21094
25 -130.39297 283.9246 -130.23837 284.0811
26 -130.29155 283.82156 -130.04257 284.07446
27 -130.34973 283.99506 -130.14864 284.19336
28 -130.7366 284.32184 -130.6409 284.41785
29 -130.67696 284.39487 -130.59303 284.47916
30 -130.67763 284.2804 -130.49149 284.46738
31 -130.58961 284.23373 -130.4031 284.42502
32 -130.51534 284.19073 -130.32053 284.3869
33 -130.18538 283.96234 -130.03355 284.11407
34 -130.21748 284.03094 -130.04097 284.20874
35 -130.3997 284.15207 -130.16272 284.38876
36 -130.39822 284.31177 -130.33743 284.37317
37 -130.4458 284.33588 -130.35645 284.42508
38 -130.51219 284.355 -130.3755 284.49277
39 -130.50746 284.45572 -130.37328 284.58936
40 -130.43289 284.42746 -130.31718 284.5448
41 -130.34401 284.31763 -130.1566 284.50333
42 -130.17386 283.83316 -129.99438 284.01083
43 -130.12315 284.1625 -129.95078 284.3369
44 -129.99246 283.96783 -129.78427 284.17316
45 -130.08682 283.9183 -129.91916 284.08524
46 -130.00575 283.89276 -129.8759 284.0223
47 -129.8029 284.02493 -129.61919 284.21152
48 -130.45193 284.5634 -130.31575 284.70068
49 -130.37129 284.4817 -130.21982 284.6319
50 -130.11841 284.256 -129.96423 284.412
51 -130.01454 284.21802 -129.83858 284.3945
52 -130.05606 283.74463 -129.84898 283.9539
53 -130.35408 283.66736 -130.12804 283.89056
54 -130.23438 283.71655 -130.10458 283.84897
55 -130.13568 283.64197 -129.9681 283.80896
56 -130.2253 283.5382 -130.02765 283.73154
57 -130.4072 283.53094 -130.22487 283.7133
58 -130.3916 283.41083 -130.20639 283.5959
59 -130.23961 283.78156 -130.1035 283.9189
60 -130.15105 283.77942 -130.04561 283.88733
61 -130.18515 284.16672 -130.09032 284.26266
62 -130.3106 284.2055 -130.19049 284.32507
63 -129.8863 284.06818 -129.76794 284.1857
64 -130.1455 284.0356 -130.02719 284.1485
65 -130.31631 283.6427 -130.20758 283.75107
66 -130.7533 283.66058 -130.57481 283.83173
67 -130.50995 284.6105 -130.36649 284.76025
68 -130.21375 284.40356 -130.0491 284.56693
69 -130.30139 284.47012 -130.12584 284.64044
70 -129.91269 283.8887 -129.76408 284.04272
71 -130.50055 283.46414 -130.3585 283.60214
