0 586.91125 685.07684 587.0554 685.20984
1 586.99054 684.9624 587.0949 685.0634
2 586.8437 685.0177 586.9507 685.1275
3 586.70264 685.10254 586.82996 685.18146
4 586.7286 685.0241 586.8432 685.1203
5 586.6472 684.9516 586.71985 685.03424
6 586.51886 685.1016 586.56854 685.1647
7 586.49036 685.0067 586.587 685.09875
8 586.51855 684.9399 586.61945 685.03467
9 586.56024 684.9219 586.6171 684.9738
10 586.4372 684.9582 586.51227 685.0316
11 586.5706 684.7622 586.75586 684.9286
12 586.8052 684.8242 586.92816 684.9661
13 586.58984 684.73535 586.6788 684.8237
14 586.58417 684.5952 586.65106 684.6577
15 586.6309 684.5216 586.67285 684.56793
16 586.74286 684.6223 586.81116 684.6895
17 586.88196 684.63513 586.9122 684.66815
18 586.9174 684.6322 587.02563 684.7454
19 587.06757 684.66724 587.1853 684.79224
20 587.09863 684.62933 587.185 684.70123
21 587.0052 684.5798 587.0556 684.6313
22 586.6997 684.4806 586.7736 684.5422
23 586.7117 684.3863 586.809 684.4792
24 587.0197 684.42584 587.10376 684.51154
25 587.0894 684.2548 587.14996 684.30927
26 586.791 684.375 586.8325 684.41876
27 586.6597 684.2514 586.7548 684.35876
28 586.7741 684.2496 586.86554 684.35376
29 586.82983 684.1666 586.9731 684.3149
30 586.6941 684.1761 586.7858 684.2823
31 586.64575 684.29614 586.67535 684.3252
32 586.44806 684.2834 586.5401 684.3793
33 586.4566 684.1823 586.57574 684.2998
34 586.47174 684.19135 586.51294 684.24146
35 586.4631 684.2561 586.5016 684.30585
36 586.24115 684.13654 586.3847 684.2784
37 586.27 684.37354 586.33044 684.43945
38 586.29004 684.6409 586.40656 684.7619
39 586.3922 684.8092 586.47284 684.88153
40 586.34576 684.85016 586.4403 684.9497
41 586.16064 684.79266 586.27344 684.9188
42 586.3441 684.97217 586.4121 685.04565
43 586.2998 685.0393 586.3828 685.1223
44 586.22833 685.08246 586.2767 685.12854
45 586.13965 684.94977 586.2303 685.0365
46 586.33936 684.5165 586.4863 684.6891
47 586.48175 684.77515 586.577 684.8754
48 586.6456 684.5709 586.7298 684.6741
49 586.9231 684.48926 587.0132 684.5932
50 587.02655 684.7188 587.12445 684.82336
51 587.0219 684.8085 587.0998 684.8964
52 587.0658 684.8385 587.148 684.92523
53 586.9957 684.9276 587.0339 684.97076
54 586.842 685.0085 586.8952 685.0617
55 586.3889 684.3623 586.4998 684.4888
56 586.9563 684.24756 587.1113 684.40594
57 586.2999 684.0996 586.441 684.209
58 586.5022 684.3989 586.5964 684.5171
59 586.54443 685.0153 586.6786 685.1506
60 586.83673 685.09155 586.93604 685.2014
61 586.7903 684.74475 586.90027 684.86084
62 586.5121 684.2708 586.64014 684.4039
63 587.0393 684.58075 587.1249 684.66797
64 587.03125 684.53766 587.10284 684.6092
65 587.05707 684.3504 587.2071 684.4888
66 586.73224 684.59314 586.8492 684.7418
67 586.66895 684.70544 586.76166 684.8099
68 586.20135 684.57385 586.2683 684.67365
