0 -105.85316 472.54907 -105.80158 472.59778
1 -105.89912 472.40616 -105.8156 472.48682
2 -105.763275 472.52252 -105.669075 472.6218
3 -105.82334 472.40607 -105.758766 472.46844
4 -105.7363 472.37952 -105.62023 472.5013
5 -105.76354 472.35062 -105.6768 472.4361
6 -105.80655 472.26324 -105.71209 472.35516
7 -105.47559 472.81857 -105.42088 472.8739
8 -105.631165 472.62714 -105.556076 472.7038
9 -105.47429 472.63834 -105.43289 472.68036
10 -105.706474 472.48126 -105.621254 472.56647
11 -105.37349 472.638 -105.242805 472.77982
12 -105.34261 472.72162 -105.189026 472.88217
13 -105.39202 472.5864 -105.27979 472.69608
14 -105.3054 472.61685 -105.234215 472.6823
15 -105.71069 472.2205 -105.59695 472.33835
16 -105.358665 472.43857 -105.24629 472.55255
17 -105.24618 472.46448 -105.127495 472.57394
18 -105.28658 472.41217 -105.19674 472.49628
19 -105.302574 472.36765 -105.24118 472.42523
20 -105.2381 472.36932 -105.11528 472.4826
21 -105.46454 472.2961 -105.28997 472.4872
22 -105.5167 472.2522 -105.39974 472.3838
23 -105.74896 472.18665 -105.68926 472.2397
24 -105.674706 472.08588 -105.54687 472.21277
25 -105.55997 472.07852 -105.40127 472.23404
26 -105.547874 472.14563 -105.37296 472.31863
27 -105.4346 472.2278 -105.31454 472.34122
28 -105.395454 472.15402 -105.28004 472.2685
29 -105.32963 472.21597 -105.18675 472.3598
30 -105.22004 472.26666 -105.06619 472.4119
31 -105.136856 472.30597 -105.04377 472.4019
32 -105.21535 472.21075 -105.08355 472.3292
33 -105.13914 472.2661 -105.06773 472.335
34 -105.11251 472.18988 -104.999535 472.30414
35 -105.06767 472.26724 -104.99034 472.34964
36 -105.63015 472.00266 -105.530754 472.10202
37 -105.6644 471.90924 -105.548065 472.02365
38 -105.42363 472.0682 -105.31881 472.18698
39 -105.447075 471.94675 -105.28539 472.11255
40 -105.391335 471.9173 -105.32673 471.98666
41 -105.50588 471.85278 -105.422844 471.93835
42 -105.54559 471.76456 -105.45547 471.8582
43 -105.45037 471.8028 -105.35318 471.90442
44 -105.30291 471.9538 -105.11554 472.14624
45 -105.165474 472.02747 -104.977585 472.1982
46 -105.074776 472.0387 -104.97753 472.13846
47 -105.00606 472.0402 -104.85531 472.19476
48 -104.83426 472.12253 -104.66598 472.28445
49 -104.964584 472.18765 -104.82202 472.32294
50 -104.85778 472.21475 -104.692024 472.3783
51 -104.904655 472.34842 -104.8168 472.43628
52 -105.021965 472.3849 -104.952995 472.4526
53 -104.992134 472.26602 -104.82454 472.42056
54 -105.08777 472.38678 -105.058525 472.41696
55 -105.023895 472.42664 -104.87479 472.5678
56 -104.93411 472.48843 -104.82108 472.6018
57 -105.04561 472.5298 -104.921265 472.6433
58 -105.064835 472.62256 -104.983376 472.70084
59 -105.09859 472.70337 -105.04379 472.75693
60 -105.18531 472.70642 -105.13293 472.7578
61 -105.152306 472.58832 -105.03297 472.71307
62 -105.261284 472.71158 -105.14076 472.84576
63 -105.19859 472.76855 -105.11662 472.85782
64 -105.12515 472.80197 -104.99258 472.93393
65 -105.221664 472.85068 -105.11696 472.95636
66 -105.60098 472.32248 -105.499 472.42734
67 -105.67298 472.3181 -105.56122 472.4318
68 -105.63326 472.2616 -105.5314 472.36917
69 -105.65352 472.1803 -105.5658 472.2728
70 -105.86417 472.2965 -105.76164 472.4114
71 -105.1627 471.93848 -105.03882 472.07382
72 -105.521774 472.5772 -105.43484 472.6651
73 -105.52634 472.662 -105.42854 472.76392
74 -105.45943 472.64984 -105.344154 472.76797
75 -105.63295 472.66638 -105.509186 472.7876
76 -105.86061 472.56973 -105.72884 472.698
77 -105.82879 472.4997 -105.76702 472.56302
78 -105.843216 472.4421 -105.770454 472.51483
79 -105.5687 472.64786 -105.50008 472.72574
80 -105.44903 472.71884 -105.31376 472.8436
81 -105.9447 472.55377 -105.84508 472.66354
82 -105.94147 472.42776 -105.80616 472.5942
83 -105.165535 472.3874 -105.02656 472.5289
84 -105.20999 472.53778 -105.12199 472.6309
85 -105.361984 472.84656 -105.23733 472.95978
86 -105.41877 472.83636 -105.33918 472.91562
87 -105.73374 472.61084 -105.60548 472.75153
88 -105.70138 472.71533 -105.62265 472.7928
89 -105.35552 471.83713 -105.24693 471.92822
90 -104.96489 472.55844 -104.85376 472.6817
