0 -118.60856 430.79007 -118.45652 430.946
1 -118.51226 430.81705 -118.37224 430.96768
2 -118.48055 430.93048 -118.334526 431.07886
3 -118.4106 431.00162 -118.26761 431.13745
4 -118.32179 431.04324 -118.21198 431.1556
5 -118.25212 431.05923 -118.13495 431.18518
6 -118.175575 431.02338 -117.9409 431.25665
7 -118.10761 431.1906 -118.05415 431.2487
8 -118.04072 431.05096 -117.88624 431.20544
9 -118.098755 430.93253 -117.938805 431.09802
10 -118.26991 430.87097 -118.09454 431.02832
11 -118.346176 430.83047 -118.25077 430.9224
12 -118.40488 430.84665 -118.25238 431.00217
13 -118.33326 430.9402 -118.1513 431.11105
14 -118.526344 430.70212 -118.3814 430.85608
15 -118.4298 430.71832 -118.26862 430.88715
16 -118.45112 430.6941 -118.36359 430.77838
17 -118.30655 430.7288 -118.1609 430.87463
18 -118.188774 430.77545 -117.9927 430.9706
19 -118.0977 430.8276 -117.973656 430.95767
20 -118.02485 430.84402 -117.87464 431.00186
21 -117.91414 430.9404 -117.8504 431.0046
22 -117.950264 430.8359 -117.89623 430.8925
23 -117.95099 430.86575 -117.89123 430.92575
24 -117.86928 430.81693 -117.72076 430.96823
25 -117.87928 430.71603 -117.72406 430.87796
26 -117.94827 430.6719 -117.8159 430.8091
27 -118.01662 430.6895 -117.79734 430.90625
28 -118.11625 430.71692 -117.98657 430.84778
29 -118.20595 430.61853 -118.00557 430.83948
30 -118.14827 430.62665 -118.06655 430.70676
31 -118.3106 430.62436 -118.15693 430.77875
32 -118.461624 430.54468 -118.25891 430.73862
33 -118.37198 430.48087 -118.1875 430.65472
34 -118.35355 430.39813 -118.19433 430.5488
35 -118.24887 430.49377 -118.039734 430.6978
36 -118.18464 430.4702 -118.024414 430.62442
37 -118.09891 430.55826 -118.00397 430.6525
38 -118.07731 430.48123 -118.00933 430.5513
39 -118.26789 430.2969 -118.111755 430.4616
40 -118.17662 430.35785 -117.99755 430.53253
41 -118.00076 430.52728 -117.84165 430.6945
42 -117.90815 430.5891 -117.7636 430.73434
43 -117.82962 430.659 -117.70899 430.7796
44 -117.79785 430.5571 -117.64701 430.7061
45 -117.87936 430.51636 -117.76454 430.6328
46 -118.267006 430.1328 -118.08668 430.32446
47 -118.198044 430.2221 -118.04477 430.38507
48 -118.16579 430.12384 -118.00739 430.27808
49 -118.10439 430.28818 -117.98408 430.4064
50 -118.09615 430.2386 -118.02589 430.31186
51 -118.03597 430.35193 -117.90925 430.47473
52 -118.01397 430.2175 -117.841255 430.39575
53 -117.96347 430.41794 -117.869644 430.50967
54 -117.86567 430.3985 -117.71426 430.5497
55 -117.91434 430.25488 -117.744484 430.43515
56 -117.82464 430.3178 -117.70779 430.44138
57 -117.75996 430.34567 -117.615585 430.4993
58 -117.67239 430.42313 -117.549416 430.5415
59 -117.70523 430.47202 -117.527794 430.652
60 -117.59895 430.4961 -117.44442 430.65872
61 -117.495224 430.5308 -117.33577 430.69485
62 -117.52284 430.6218 -117.353165 430.79126
63 -117.549286 430.75476 -117.458145 430.85004
64 -117.640755 430.63492 -117.41195 430.87137
65 -117.74579 430.66248 -117.61989 430.7907
66 -117.774895 430.75092 -117.6179 430.90652
67 -117.67693 430.81494 -117.5409 430.94223
68 -117.68858 430.89526 -117.60555 430.97943
69 -117.67335 430.98395 -117.63415 431.02246
70 -117.74278 430.98 -117.65059 431.0715
71 -117.81158 430.893 -117.66578 431.0416
72 -117.82578 431.00864 -117.711876 431.12604
73 -117.912415 430.96112 -117.79333 431.0779
74 -117.98452 430.99426 -117.81447 431.1569
75 -117.91856 431.07785 -117.85484 431.14755
76 -117.87244 431.09064 -117.745476 431.21506
77 -117.80201 431.1253 -117.68676 431.24496
78 -117.82751 431.22522 -117.72869 431.32843
79 -117.90396 431.16476 -117.74593 431.3221
80 -117.972824 431.13312 -117.87748 431.23422
81 -118.03452 431.1988 -117.8997 431.3327
82 -117.9495 431.26123 -117.79935 431.4072
83 -118.20711 430.958 -118.09137 431.07535
84 -117.56708 430.4493 -117.41947 430.5842
85 -118.02875 430.52716 -117.92126 430.6381
86 -117.941826 430.4934 -117.83915 430.60187
87 -118.072845 430.44562 -117.998924 430.51514
88 -118.08892 430.6365 -117.96611 430.75955
89 -118.29082 430.46558 -118.180405 430.5845
90 -117.976654 430.38095 -117.90956 430.44827
91 -117.76139 431.04266 -117.683334 431.12097
92 -118.00187 430.4758 -117.85942 430.60577
93 -118.5646 430.93863 -118.44217 431.05112
94 -118.632454 430.73108 -118.51531 430.86255
95 -118.343315 430.25967 -118.20922 430.4035
96 -117.99611 430.19418 -117.86534 430.31757
