0 760.37714 423.0416 760.44415 423.1114
1 760.2843 423.0867 760.36285 423.16504
2 760.20447 423.09933 760.27985 423.17816
3 760.163 423.0374 760.26544 423.1351
4 760.1203 423.08704 760.17926 423.1483
5 760.07306 422.97443 760.16455 423.0702
6 760.0203 422.95325 760.0757 423.0099
7 760.2488 422.99973 760.3357 423.08536
8 760.39 422.9105 760.48724 423.01157
9 760.2506 422.90445 760.40967 423.06763
10 760.43115 422.81607 760.5243 422.90836
11 760.3749 422.87064 760.4413 422.93552
12 760.0197 422.87714 760.1472 423.0057
13 760.08966 422.8233 760.2401 422.9804
14 760.124 422.74127 760.2522 422.87204
15 760.02466 422.76797 760.16174 422.90356
16 760.2719 422.7022 760.37854 422.80667
17 760.21313 422.5886 760.37305 422.7436
18 760.1355 422.6321 760.2656 422.771
19 760.0589 422.66745 760.1842 422.79465
20 759.9491 422.69852 760.1052 422.84625
21 759.86615 422.75046 759.9977 422.88437
22 759.8721 422.84125 759.9342 422.90314
23 760.2222 422.59198 760.27423 422.64374
24 760.035 422.55865 760.1986 422.71628
25 760.0232 422.62698 760.1152 422.71957
26 760.1248 422.4333 760.2796 422.58334
27 760.12665 422.5123 760.20636 422.59415
28 760.0304 422.5267 760.13983 422.6385
29 759.9024 422.54135 760.0554 422.69135
30 759.7946 422.73364 759.8949 422.83524
31 759.66376 422.73175 759.7364 422.80334
32 759.69226 422.67383 759.805 422.78522
33 759.7664 422.6263 759.87604 422.73788
34 759.7742 422.55133 759.8553 422.63266
35 759.6999 422.614 759.7668 422.682
36 759.8509 422.45563 759.9974 422.59564
37 759.9434 422.3964 760.128 422.57437
38 759.997 422.16068 760.1312 422.31015
39 759.9255 422.21222 760.07306 422.36578
40 759.8911 422.24875 760.0088 422.3827
41 759.8223 422.29053 759.939 422.40335
42 759.799 422.3505 759.96265 422.50812
43 759.75494 422.38284 759.8792 422.5157
44 759.6883 422.43457 759.8206 422.57312
45 759.5703 422.52563 759.6914 422.645
46 759.43585 422.6993 759.56305 422.8291
47 759.3621 422.64856 759.484 422.77545
48 759.22217 422.63574 759.3645 422.77982
49 759.42017 422.6001 759.5448 422.7297
50 759.46985 422.54227 759.61707 422.70084
51 760.2288 422.8507 760.34216 422.96497
52 760.2146 422.8099 760.3333 422.91806
53 760.13043 422.98557 760.2268 423.07742
54 760.3298 422.7813 760.4543 422.89725
55 759.91016 422.67416 759.9936 422.75693
56 759.9723 422.6984 760.04865 422.76984
57 759.64575 422.50638 759.7801 422.64548
58 759.8212 422.54663 759.9311 422.67093
59 759.9379 422.40503 760.0487 422.51
60 760.1353 422.4136 760.234 422.50867
61 760.0914 422.3684 760.1882 422.46994
62 760.05054 422.37775 760.1333 422.4556
63 759.6488 422.60727 759.7275 422.69473
64 759.58887 422.6918 759.6915 422.79208
65 760.0123 423.0516 760.0591 423.09946
66 759.95593 422.95773 760.026 423.02905
67 760.16833 422.92484 760.2699 423.0234
68 760.3081 423.09134 760.4012 423.1846
69 760.21265 422.50735 760.3422 422.64035
70 759.68866 422.35898 759.8126 422.47455
71 759.6229 422.39368 759.74915 422.52008
72 759.55554 422.43796 759.6795 422.56088
