0 -56.221535 571.1818 -56.112568 571.2939
1 -56.159897 571.0659 -56.014854 571.2173
2 -56.11687 571.1823 -56.00332 571.30475
3 -56.009094 571.1507 -55.889412 571.28815
4 -55.938946 571.23193 -55.80461 571.36414
5 -55.798615 571.1998 -55.645584 571.3471
6 -55.734974 571.30237 -55.66781 571.3779
7 -55.691395 571.36945 -55.652992 571.42035
8 -55.644135 571.1771 -55.513226 571.3426
9 -55.922424 571.1672 -55.843506 571.2545
10 -55.97119 571.0425 -55.850597 571.17505
11 -56.06682 571.0823 -55.975094 571.19604
12 -56.2138 570.9698 -56.11123 571.0781
13 -56.141747 570.9605 -56.045734 571.0863
14 -56.05887 570.9324 -55.931477 571.0802
15 -55.985683 570.947 -55.90873 571.0276
16 -55.899952 570.9576 -55.80954 571.06476
17 -55.911125 570.90125 -55.81102 571.0003
18 -55.802578 571.02844 -55.709667 571.1229
19 -55.806686 570.92737 -55.696537 571.04224
20 -55.831715 571.11066 -55.7081 571.2269
21 -55.890987 571.0881 -55.825657 571.1544
22 -55.735703 571.07587 -55.603855 571.2051
23 -55.617657 571.0675 -55.49286 571.1897
24 -55.712967 571.0116 -55.613125 571.1062
25 -55.60472 570.9958 -55.47454 571.0977
26 -55.718506 570.95905 -55.6469 571.0285
27 -56.22054 570.8795 -56.099663 571.0009
28 -56.20969 570.8117 -56.127632 570.9021
29 -56.13008 570.85583 -56.02829 570.9697
30 -56.099373 570.7509 -55.98411 570.8693
31 -56.039555 570.8352 -55.91567 570.9465
32 -55.971264 570.813 -55.875492 570.9155
33 -55.91082 570.7738 -55.794003 570.8906
34 -55.944424 570.6895 -55.83243 570.80414
35 -55.836525 570.7068 -55.689247 570.8504
36 -55.846035 570.8913 -55.766846 570.97363
37 -55.787094 570.8419 -55.676533 570.94934
38 -55.731556 570.7617 -55.607433 570.9089
39 -55.65021 570.8522 -55.55507 570.93896
40 -55.57268 570.84515 -55.469692 570.9335
41 -55.660072 570.77484 -55.564144 570.8656
42 -55.61282 570.7688 -55.536377 570.85
43 -55.69981 570.7065 -55.61343 570.7871
44 -55.498672 570.87646 -55.43777 570.93005
45 -55.555893 570.726 -55.45135 570.8285
46 -55.627075 570.6767 -55.551025 570.7527
47 -55.49128 570.7072 -55.40489 570.78784
48 -55.572018 570.64075 -55.519356 570.6876
49 -55.701836 570.60956 -55.62723 570.69727
50 -55.63701 570.5742 -55.55875 570.6708
51 -55.4451 570.68774 -55.407463 570.7317
52 -55.448753 570.56104 -55.36239 570.65735
53 -55.477177 570.47955 -55.378525 570.5871
54 -55.366867 570.5163 -55.27018 570.6266
55 -55.317978 570.57794 -55.171482 570.7113
56 -55.289112 570.4719 -55.159992 570.58746
57 -55.41994 570.8195 -55.34035 570.8944
58 -55.35463 570.8271 -55.19324 570.99426
59 -55.43489 570.9469 -55.282516 571.0909
60 -55.579872 571.2754 -55.528 571.3372
61 -55.491627 571.2108 -55.340157 571.35345
62 -55.56261 571.32996 -55.407078 571.44885
63 -55.642696 570.9121 -55.51775 571.02246
64 -55.552555 570.97034 -55.523666 570.9987
65 -55.961327 571.01447 -55.89664 571.0776
66 -55.341187 570.76794 -55.239777 570.85785
67 -55.49268 571.1492 -55.373486 571.2464
68 -55.419056 571.16626 -55.34092 571.2559
69 -55.59506 571.17346 -55.520824 571.2404
70 -55.449223 570.8626 -55.367706 570.9787
71 -55.534485 570.96826 -55.466404 571.03894
72 -55.355526 571.00684 -55.284172 571.0845
73 -55.34853 571.1066 -55.297573 571.167
74 -56.262955 571.0284 -56.14694 571.17267
75 -55.3405 571.1227 -55.251926 571.2364
76 -55.415874 571.3827 -55.282825 571.4895
77 -55.831303 571.32874 -55.715763 571.4139
