0 732.1764 506.25107 732.27484 506.34335
1 732.0824 506.22144 732.19055 506.34622
2 731.8925 506.2077 732.0916 506.4064
3 732.0385 505.9735 732.22 506.1821
4 732.10187 505.95013 732.25146 506.10553
5 731.9532 506.06796 732.11847 506.23087
6 731.9154 505.97653 732.0817 506.13242
7 731.8514 506.19598 731.97736 506.32004
8 731.8066 506.13593 731.9433 506.25446
9 731.8302 505.95215 732.0005 506.14264
10 731.72845 506.00162 731.8915 506.17276
11 732.0098 505.88715 732.1571 506.03363
12 731.6817 506.13058 731.8108 506.26865
13 731.8897 506.31332 731.9317 506.36072
14 731.7138 506.26596 731.8561 506.41754
15 731.6232 506.29413 731.76575 506.44632
16 731.6603 506.40936 731.7632 506.52045
17 731.57074 506.34448 731.6757 506.45258
18 731.55176 506.254 731.68726 506.3763
19 731.518 506.10583 731.70605 506.30353
20 731.5288 506.1791 731.61426 506.2723
21 731.7293 506.4183 731.8424 506.52676
22 731.58466 506.01428 731.72723 506.15955
23 731.4748 506.0128 731.62317 506.17203
24 731.5748 505.94366 731.71234 506.07422
25 731.6831 505.9124 731.81525 506.057
26 731.7688 505.89896 731.8937 506.03702
27 731.89655 505.78607 732.087 505.96597
28 731.8841 505.81064 732.00134 505.9271
29 731.7389 505.80695 731.9073 505.97266
30 731.78705 505.73297 731.9228 505.86444
31 731.96436 505.7383 732.09283 505.85046
32 731.6038 505.82382 731.7694 505.9805
33 731.6168 505.8879 731.67926 505.96124
34 731.41486 505.8326 731.5982 506.0179
35 731.4407 505.97974 731.5418 506.0805
36 731.62756 505.7832 731.7468 505.88812
37 732.0069 505.60794 732.1375 505.7626
38 731.82184 505.59808 732.033 505.79068
39 731.89056 505.50418 732.06726 505.67038
40 731.80756 505.6231 731.8923 505.7059
41 731.4163 505.77472 731.57263 505.91394
42 731.3463 505.78073 731.4715 505.92264
43 731.6142 505.6969 731.7097 505.8068
44 731.5184 505.69742 731.6336 505.82272
45 731.3817 505.63376 731.5363 505.80655
46 731.3438 505.70322 731.4508 505.81793
47 731.46844 505.55035 731.6291 505.72385
48 731.6271 505.5742 731.703 505.6478
49 731.73444 505.47885 731.87933 505.62607
50 731.79346 505.42657 731.8853 505.51843
51 731.20953 505.704 731.3535 505.8418
52 731.14087 505.73007 731.25806 505.84918
53 731.146 505.84665 731.2312 505.95044
54 731.1725 505.79892 731.28674 505.92865
55 731.2398 505.7888 731.3777 505.92752
56 731.32776 505.91577 731.4451 506.02692
57 731.1799 505.8813 731.3385 506.04065
58 731.2811 506.03467 731.3534 506.1042
59 731.4301 506.08487 731.49097 506.14102
60 731.22235 505.99866 731.4076 506.18463
61 731.44586 506.17892 731.5408 506.2773
62 731.34033 506.1898 731.4637 506.31122
63 731.36633 506.2726 731.4916 506.3862
64 731.3678 506.23395 731.56976 506.45462
65 731.5561 506.42502 731.68115 506.55515
66 731.49854 506.46182 731.5958 506.5552
67 731.42 506.46606 731.51337 506.5548
68 731.6351 505.66754 731.80054 505.8225
69 731.26135 506.1927 731.3683 506.31433
70 731.08997 505.7304 731.1962 505.8673
71 731.27844 505.64322 731.4125 505.76175
72 731.6649 506.0256 731.79785 506.16672
73 732.10767 506.16135 732.2429 506.28726
74 731.8416 505.57196 731.95764 505.681
75 731.6176 505.56082 731.7953 505.71826
76 731.9355 506.16425 732.0788 506.2959
77 731.7771 506.15015 731.87665 506.27225
78 731.3048 506.3099 731.40576 506.41165
79 731.5686 505.7794 731.6675 505.8729
80 731.8424 505.4237 731.955 505.54486
81 731.18054 505.65228 731.28845 505.76517
82 731.31525 506.12796 731.4391 506.23782
83 732.1334 505.8651 732.2369 505.9903
84 731.8768 505.36176 732.02203 505.50162
85 731.9342 505.44397 732.05994 505.57007
86 731.656 505.46466 731.7907 505.56793
87 731.2856 505.58292 731.46265 505.71344
88 731.0707 505.69415 731.1773 505.7911
89 731.19226 506.01044 731.3186 506.18222
90 731.3144 506.36862 731.457 506.51385
