0 746.41077 169.22287 746.5246 169.3385
1 746.2108 169.21394 746.3522 169.36597
2 746.17737 169.14961 746.2719 169.24445
3 746.14264 169.20854 746.25366 169.32425
4 746.12067 169.15216 746.1991 169.23466
5 746.1493 169.28595 746.2411 169.37994
6 746.05554 169.22374 746.1811 169.35242
7 746.0874 169.33685 746.16986 169.42502
8 745.913 169.20535 746.0044 169.29358
9 746.1635 169.10646 746.20764 169.15123
10 745.9773 169.02405 746.1233 169.17227
11 745.7812 168.92685 745.889 169.0475
12 745.8275 168.95021 745.96735 169.09407
13 745.7157 168.98853 745.8229 169.0973
14 745.9114 169.39894 746.1266 169.61133
15 745.7426 169.28764 746.00415 169.54352
16 745.62006 169.31 745.8376 169.52629
17 745.6623 169.4151 745.85986 169.59538
18 745.5435 169.46706 745.9318 169.82994
19 745.49384 169.58656 745.7346 169.84363
20 745.5925 169.69392 745.8117 169.92816
21 745.9013 169.29292 746.41077 169.79958
22 746.2662 169.13354 746.37537 169.23862
