0 670.1767 33.67693 670.26544 33.776463
1 669.86273 33.611095 669.9717 33.702152
2 669.8521 33.69059 669.9793 33.79924
3 669.8198 33.69044 669.8914 33.76855
4 669.74335 33.572792 669.80615 33.642136
5 669.59375 33.644726 669.64386 33.699665
6 669.66724 33.714447 669.72626 33.772915
7 669.7043 33.794373 669.8219 33.905994
8 669.91205 33.766712 670.0061 33.847084
9 670.0247 33.767193 670.09576 33.83343
10 670.11755 33.76794 670.1931 33.846443
11 670.1861 33.831493 670.2787 33.91631
12 670.1264 33.908543 670.2067 33.989502
13 670.016 33.881424 670.1036 33.96836
14 669.9195 33.84953 670.0049 33.92837
15 669.84186 33.907143 669.92676 33.994476
16 669.71436 33.909664 669.8404 34.026737
17 669.71423 33.9482 669.74756 33.992264
18 669.6623 33.860615 669.74585 33.94715
19 669.605 33.816177 669.6784 33.88659
20 669.6362 33.90594 669.68835 33.960426
21 669.5727 33.92969 669.62 33.98238
22 670.1741 33.962 670.2639 34.052456
23 670.25146 34.00439 670.3225 34.070625
24 670.1235 34.061184 670.24194 34.195225
25 670.0329 33.961964 670.12286 34.060307
26 669.9234 33.97922 670.0279 34.090843
27 669.83673 33.988697 669.93884 34.109272
28 669.7221 33.988075 669.84454 34.095592
29 669.74097 34.061516 669.8646 34.15471
30 669.88306 34.07373 669.96234 34.157215
31 669.94196 34.048218 670.04175 34.13901
32 669.99384 34.044266 670.1289 34.15962
33 670.0403 34.14154 670.1535 34.235653
34 669.91644 34.11109 670.0465 34.21609
35 669.5867 34.087048 669.71 34.229458
36 669.5457 34.10311 669.624 34.183212
37 669.72986 34.138363 669.8725 34.257103
38 669.917 34.200912 669.97986 34.264355
39 670.0557 34.227184 670.15045 34.320095
40 669.97015 34.193577 670.056 34.264587
41 669.9683 34.252384 670.0552 34.326115
42 670.0111 34.295452 670.0446 34.322464
43 669.9937 34.315742 670.06036 34.371693
44 669.8945 34.284153 669.9906 34.391655
45 669.73615 34.317806 669.8096 34.388218
46 669.9542 34.38276 670.0145 34.434128
47 669.4769 34.150837 669.56885 34.23559
48 669.42444 34.051277 669.5375 34.156532
49 669.3793 33.96008 669.52124 34.11158
50 669.31866 33.93832 669.41766 34.06055
51 669.53815 33.844967 669.60547 33.914772
52 669.439 33.86183 669.5226 33.935898
53 669.3985 33.76128 669.50073 33.87071
54 669.4982 33.76743 669.588 33.856556
55 669.4469 33.68989 669.55975 33.780025
56 669.52216 33.6088 669.5784 33.672237
57 669.21655 34.219906 669.413 34.521343
58 669.61475 33.988388 669.741 34.100883
59 669.8472 33.78001 669.93115 33.86396
60 669.64166 34.46158 669.87463 34.630108
61 670.1537 34.159935 670.2341 34.247467
62 670.0164 33.658035 670.16656 33.786728
63 669.6843 33.6662 669.7867 33.75659
64 669.6271 33.57804 669.7076 33.667557
65 669.3159 33.578354 669.4558 33.748688
66 670.2742 33.708282 670.35016 33.784866
67 669.9595 33.600662 670.0785 33.687485
