0 -124.75607 402.9544 -124.674866 403.0363
1 -124.68921 402.91678 -124.518684 403.0975
2 -124.69849 402.90317 -124.63291 402.96823
3 -124.59056 402.96927 -124.40789 403.15454
4 -124.526566 402.86154 -124.33611 403.05478
5 -124.43293 402.91165 -124.22643 403.12784
6 -124.33387 402.9637 -124.210686 403.08984
7 -124.38085 402.85165 -124.21925 403.00702
8 -124.54275 402.8029 -124.383026 402.9602
9 -124.659775 402.7611 -124.46948 402.94983
10 -124.555695 402.66058 -124.31301 402.89426
11 -124.34469 403.18695 -124.272224 403.25992
12 -124.31 403.06436 -124.15282 403.22137
13 -124.26336 403.20584 -124.16354 403.3034
14 -124.186134 403.21735 -124.0701 403.3377
15 -124.2081 403.0919 -124.05097 403.25266
16 -124.24704 402.96362 -124.08098 403.13486
17 -124.14013 402.99844 -123.96138 403.17288
18 -124.056335 403.054 -123.9306 403.18127
19 -124.193115 402.90182 -124.03174 403.0556
20 -124.366264 402.6955 -124.16504 402.90485
21 -124.27765 402.75482 -124.11303 402.92566
22 -124.18974 402.7995 -124.03108 402.95868
23 -124.08928 402.80435 -123.88273 403.01764
24 -124.05134 402.736 -123.9194 402.87192
25 -124.093864 402.70013 -124.013145 402.77878
26 -123.964005 402.75195 -123.78835 402.9312
27 -123.98559 402.67523 -123.82734 402.82742
28 -124.39507 402.59552 -124.22162 402.7733
29 -124.33866 402.5622 -124.18951 402.71048
30 -124.37143 402.4533 -124.22419 402.60175
31 -124.37462 402.3757 -124.250114 402.4978
32 -124.25123 402.55957 -124.04061 402.77158
33 -124.27705 402.4876 -124.15898 402.61053
34 -124.33602 402.2394 -124.18286 402.39948
35 -124.27231 402.28442 -124.063225 402.5044
36 -124.16971 402.39075 -124.024445 402.53375
37 -124.17201 402.46982 -123.99763 402.64767
38 -124.08495 402.45175 -123.994026 402.5453
39 -124.10381 402.30753 -123.939064 402.47174
40 -124.27304 402.21252 -124.17115 402.31268
41 -124.07344 402.503 -123.89455 402.69293
42 -123.98765 402.43872 -123.79114 402.62503
43 -124.007484 402.39478 -123.90298 402.4979
44 -123.98135 402.59238 -123.862686 402.71277
45 -123.899254 402.60852 -123.75132 402.75162
46 -123.86573 402.6673 -123.69359 402.8427
47 -123.82783 402.49304 -123.616776 402.69632
48 -123.82876 402.7579 -123.639915 402.95004
49 -123.91436 402.85815 -123.68851 403.07623
50 -123.73019 402.57382 -123.63303 402.67133
51 -123.692055 402.60178 -123.46853 402.81943
52 -123.69022 402.75385 -123.51582 402.92236
53 -123.5703 402.6738 -123.416084 402.83286
54 -123.67443 402.89352 -123.57466 402.99402
55 -123.71858 403.001 -123.64498 403.07477
56 -123.9395 402.98856 -123.78316 403.14178
57 -123.85172 403.07806 -123.672676 403.25122
58 -123.97192 403.09927 -123.85113 403.21762
59 -124.10494 403.11255 -123.94316 403.27798
60 -124.09125 403.25293 -123.99545 403.3472
61 -123.9955 403.16507 -123.78453 403.37207
62 -124.02239 403.40726 -123.93686 403.4904
63 -124.129105 403.3018 -123.98316 403.44412
64 -124.04081 402.9502 -123.88391 403.10468
65 -123.763374 402.87146 -123.59914 403.03534
66 -124.452286 402.51285 -124.27291 402.69586
67 -124.16049 402.67126 -123.975624 402.85718
68 -124.52446 403.0978 -124.40516 403.2204
69 -124.30584 403.23557 -124.224075 403.31784
70 -123.79282 402.6494 -123.69 402.75137
71 -124.39991 403.23114 -124.24346 403.3722
72 -124.64574 402.62698 -124.491394 402.80536
73 -124.45116 402.37973 -124.28757 402.55627
74 -123.79397 403.0135 -123.62186 403.18335
75 -123.904816 403.16165 -123.724304 403.3463
76 -124.06643 403.44733 -123.92158 403.58423
