0 -126.887314 390.2652 -126.71802 390.433
1 -126.783516 390.29648 -126.659386 390.42105
2 -126.8316 390.01505 -126.63769 390.2132
3 -126.67882 390.3264 -126.54384 390.4624
4 -126.68445 390.2259 -126.527435 390.38275
5 -126.591515 390.28842 -126.42517 390.4508
6 -126.65421 390.09952 -126.44773 390.3038
7 -126.748184 389.99506 -126.56294 390.1768
8 -126.55706 390.4233 -126.36498 390.61407
9 -126.50908 390.36014 -126.36579 390.50372
10 -126.44661 390.52768 -126.306816 390.66544
11 -126.37412 390.57895 -126.26084 390.69385
12 -126.33173 390.47858 -126.176094 390.63773
13 -126.415825 390.4077 -126.25289 390.5717
14 -126.2837 390.40057 -126.12317 390.5567
15 -126.3765 390.32535 -126.22704 390.47394
16 -126.337036 390.2065 -126.15567 390.393
17 -126.23353 390.2695 -126.05938 390.44748
18 -126.56409 390.2259 -126.450226 390.34018
19 -126.477554 390.20078 -126.29867 390.38037
20 -126.6771 389.88477 -126.49606 390.06592
21 -126.59161 389.97617 -126.39149 390.17557
22 -126.5239 390.08704 -126.43652 390.17853
23 -126.425476 390.0643 -126.189354 390.29294
24 -126.467896 390.03992 -126.372215 390.13516
25 -126.55728 389.9192 -126.40631 390.06534
26 -126.612274 389.72018 -126.41258 389.9294
27 -126.50325 389.78006 -126.32239 389.96515
28 -126.20877 390.22784 -126.10318 390.33182
29 -126.228035 389.95172 -126.020905 390.15897
30 -126.41204 389.84167 -126.19256 390.07114
31 -126.458176 389.69913 -126.25198 389.89432
32 -126.51793 389.55972 -126.35384 389.73465
33 -126.40519 389.59485 -126.24006 389.76218
34 -126.347916 389.72446 -126.18649 389.8881
35 -126.29455 389.64642 -126.13387 389.80243
36 -126.227715 389.77045 -126.110085 389.88467
37 -126.27142 389.80493 -126.09843 389.9803
38 -126.045555 389.83517 -125.95516 389.9301
39 -126.01712 389.8839 -125.75498 390.15176
40 -125.81031 390.03094 -125.61195 390.2265
41 -126.03752 390.05618 -125.853065 390.23962
42 -126.12567 390.14456 -125.86688 390.3887
43 -125.954025 390.1985 -125.78261 390.3661
44 -125.922226 390.16425 -125.82166 390.26306
45 -126.03231 390.30588 -125.859604 390.47876
46 -126.164 390.36353 -126.009224 390.51978
47 -126.11598 390.52057 -126.03709 390.60007
48 -126.06707 390.41074 -125.93923 390.5446
49 -126.005974 390.4723 -125.92707 390.55457
50 -126.16815 390.59518 -126.09457 390.67154
51 -126.293175 390.63205 -126.17871 390.74298
52 -126.25134 390.54874 -126.13371 390.66855
53 -126.77497 390.1875 -126.647026 390.31104
54 -126.44475 390.29642 -126.33506 390.40744
55 -126.32612 390.14117 -126.194046 390.2718
56 -126.141685 389.86932 -125.951584 390.04797
57 -126.5494 389.73636 -126.4612 389.82794
58 -126.215485 389.68176 -126.10838 389.78885
59 -125.98276 389.8444 -125.84529 389.98727
60 -126.32709 390.04785 -126.196884 390.17102
61 -126.1705 390.48376 -126.06617 390.59088
62 -126.98464 390.24976 -126.85426 390.37738
63 -125.87406 390.2035 -125.70416 390.37912
64 -125.817314 390.12848 -125.65003 390.29736
65 -126.07686 390.5363 -125.953445 390.66718
