0 -132.0016 305.8093 -131.93701 305.8738
1 -131.71669 305.32114 -131.67754 305.3602
2 -131.66292 305.3549 -131.50052 305.5176
3 -131.71805 305.46793 -131.60466 305.58163
4 -131.66928 305.54105 -131.53325 305.67734
5 -131.59546 305.47354 -131.44116 305.6274
6 -131.48875 305.3578 -131.30751 305.53748
7 -131.77066 305.34683 -131.61829 305.4979
8 -131.53384 305.5693 -131.40149 305.70175
9 -131.6286 305.609 -131.4356 305.80142
10 -131.40527 305.42712 -131.18892 305.64236
11 -131.5024 305.64642 -131.2838 305.86322
12 -131.40144 305.71844 -131.27052 305.84854
13 -131.29285 305.616 -131.09833 305.80975
14 -131.3302 305.76416 -131.03107 306.06342
15 -131.23137 305.7681 -131.09949 305.901
16 -131.21286 305.85864 -131.11316 305.95776
17 -131.14772 305.72293 -130.99146 305.87955
18 -131.12097 305.80667 -130.96124 305.96545
19 -131.07419 305.92502 -130.97122 306.02844
20 -131.2859 306.08688 -131.15535 306.21832
21 -131.19357 306.06647 -131.06248 306.1983
22 -132.10825 305.68503 -131.92169 305.87164
23 -131.19788 305.94202 -131.05455 306.08517
24 -131.28806 305.98007 -131.14502 306.12354
25 -131.37404 306.00278 -131.22295 306.1542
26 -131.32312 306.17264 -131.18135 306.3145
27 -131.57283 305.39554 -131.4458 305.52203
28 -131.32828 305.5678 -131.20485 305.69128
29 -131.38924 305.63513 -131.26965 305.7549
30 -131.36307 306.1301 -131.2739 306.21997
31 -131.50774 305.8201 -131.41373 305.9136
32 -131.58443 305.2272 -131.37082 305.44238
33 -130.99266 305.85577 -130.83691 306.01196
