0 676.76544 598.0328 676.8376 598.1101
1 676.6667 597.9474 676.7751 598.06506
2 676.81134 597.9198 676.8856 597.9831
3 676.7086 597.9027 676.798 597.9822
4 676.75977 597.8413 676.84845 597.9207
5 676.74335 597.71735 676.85675 597.83887
6 676.6975 597.766 676.7733 597.8411
7 676.6517 597.7592 676.7561 597.892
8 676.62695 597.87286 676.71606 597.9718
9 676.45844 597.8103 676.6098 597.97437
10 676.6321 597.8575 676.66693 597.89185
11 676.59955 598.0075 676.65314 598.0512
12 676.5291 598.02 676.6261 598.1193
13 676.5413 598.1333 676.5798 598.1863
14 676.375 598.1449 676.42444 598.20245
15 676.47626 598.0489 676.5463 598.1149
16 676.4586 597.947 676.5573 598.05505
17 676.38745 598.0139 676.47504 598.11597
18 676.44147 598.0028 676.4757 598.03705
19 676.2662 598.0286 676.3911 598.1483
20 676.1754 598.1234 676.2882 598.22406
21 676.1132 598.09265 676.20856 598.1944
22 676.0962 597.96936 676.23456 598.10834
23 676.22656 597.90283 676.38135 598.0478
24 676.3424 597.7891 676.49567 597.92737
25 676.3847 597.7414 676.4797 597.8294
26 676.4631 597.71375 676.5536 597.8396
27 676.5697 597.7487 676.665 597.83936
28 676.1135 597.84424 676.2482 597.97437
29 676.20306 597.71893 676.29004 597.80524
30 676.16846 597.85443 676.1977 597.88025
31 676.2573 597.7933 676.365 597.9057
32 676.05835 597.675 676.17816 597.8058
33 676.25446 597.6918 676.3836 597.8198
34 676.62866 597.6026 676.76056 597.72577
35 676.7259 597.5255 676.8335 597.63666
36 676.23303 597.64075 676.3183 597.72437
37 676.3009 597.6184 676.39484 597.71936
38 676.366 597.5609 676.49426 597.7175
39 676.42255 597.48505 676.5785 597.64966
40 676.5802 597.51135 676.67993 597.6221
41 676.58136 597.3932 676.7265 597.5395
42 676.399 597.4009 676.52246 597.514
43 676.2619 597.4871 676.3905 597.621
44 676.172 597.4846 676.2822 597.6064
45 676.1145 597.49554 676.196 597.58514
46 676.5792 597.3405 676.6769 597.4347
47 676.3983 597.27844 676.55255 597.4299
48 676.2386 597.3694 676.3924 597.5116
49 676.1554 597.40125 676.2725 597.51025
50 676.1848 597.33954 676.26324 597.42035
51 676.03296 597.27094 676.1643 597.4058
52 676.03296 597.2381 676.13947 597.3249
53 676.3825 597.1651 676.5309 597.306
54 676.4003 597.2832 676.4449 597.34283
55 676.16547 597.1773 676.3483 597.3433
56 676.5085 597.1374 676.64655 597.3212
57 676.637 597.1883 676.72644 597.3264
58 675.81824 597.2306 675.9666 597.38184
59 675.8333 597.35394 675.9652 597.49866
60 675.9458 597.35614 676.0787 597.48724
61 675.9683 597.46136 676.1052 597.59357
62 675.9316 597.5155 676.0117 597.5945
63 675.87823 597.56274 675.9832 597.6891
64 675.8413 597.6792 675.9413 597.792
65 675.8995 597.6438 676.0528 597.79834
66 676.0511 597.81836 676.10516 597.8713
67 676.0231 597.8266 676.143 597.96387
68 675.89264 597.8205 676.0302 597.94763
69 675.9126 597.9471 676.0372 598.0381
70 676.06256 598.03687 676.1054 598.0825
71 676.01526 598.0439 676.1248 598.18646
72 676.0171 598.18304 676.0779 598.25836
73 675.88654 598.04297 676.0228 598.2012
74 676.15424 597.7877 676.2655 597.892
75 676.5819 597.67316 676.6857 597.7805
76 676.68414 597.70654 676.76245 597.7814
77 676.7521 597.6265 676.85144 597.7398
78 676.0291 597.54987 676.15405 597.6957
79 675.95935 597.5604 676.0682 597.6762
80 675.992 597.2937 676.06506 597.35754
81 676.64294 597.29926 676.76843 597.4392
82 676.43933 597.89996 676.5132 597.97034
83 676.4097 597.93066 676.47394 598.00183
84 676.0937 597.9843 676.1408 598.06506
85 675.89636 597.77576 675.97766 597.85876
86 676.10626 597.79425 676.1919 597.88043
87 676.49744 597.4292 676.6154 597.53436
88 676.29083 597.3417 676.36597 597.42194
89 676.6966 597.21185 676.80145 597.34796
90 675.86884 597.8203 675.94556 597.93994
91 676.36926 598.107 676.4879 598.2077
