0 -52.209145 62.96855 -52.152325 63.029655
1 -52.107788 62.957558 -52.040234 63.021896
2 -52.112953 62.852497 -52.01514 62.947094
3 -52.01135 62.946384 -51.92548 63.02422
4 -51.96124 62.862175 -51.82674 63.0256
5 -51.943115 62.96623 -51.89507 63.01749
6 -51.896145 62.975044 -51.837414 63.03967
7 -51.879234 62.89551 -51.737545 63.04631
8 -52.119118 63.12415 -52.056755 63.18437
9 -52.179688 63.158306 -52.121574 63.205708
10 -52.213184 63.123917 -52.157333 63.172802
11 -52.300594 63.22036 -52.219067 63.305637
12 -52.02338 63.16559 -51.897446 63.299557
13 -51.93192 63.141495 -51.859306 63.202324
14 -51.690292 63.081497 -51.60564 63.183826
15 -51.70049 63.219563 -51.607887 63.296097
16 -51.771618 63.25327 -51.689564 63.331036
17 -51.861576 63.24152 -51.758465 63.33392
18 -52.13153 63.26827 -51.971375 63.40914
19 -52.031757 63.311787 -51.917236 63.421482
20 -52.12591 63.37657 -51.990475 63.486298
21 -52.02023 63.39988 -51.912933 63.50128
22 -51.93507 63.458897 -51.854965 63.550255
23 -52.019283 63.48442 -51.876785 63.61192
24 -51.602554 63.265064 -51.513214 63.354942
25 -51.628235 63.356415 -51.567017 63.406918
26 -51.68585 63.394356 -51.628437 63.45177
27 -51.764565 63.462193 -51.706974 63.5171
28 -51.86234 63.32927 -51.789955 63.39576
29 -52.033512 63.555996 -51.94592 63.632877
30 -52.228184 63.573315 -52.159428 63.64421
31 -52.034878 63.633614 -51.953876 63.726402
32 -52.124275 63.670513 -52.04137 63.759846
33 -51.596672 63.43519 -51.492546 63.529675
34 -51.53509 63.496357 -51.430637 63.609913
35 -51.623775 63.509396 -51.541954 63.592827
36 -51.632153 63.584015 -51.561783 63.66028
37 -51.541737 63.59601 -51.44692 63.681183
38 -51.699146 63.558907 -51.630447 63.632965
39 -51.769405 63.61404 -51.678448 63.709282
40 -51.709473 63.648075 -51.648773 63.713062
41 -51.63948 63.66407 -51.59053 63.723736
42 -51.85417 63.559135 -51.734516 63.676113
43 -51.857742 63.682243 -51.735504 63.816807
44 -51.953457 63.67978 -51.868694 63.77579
45 -52.13346 63.76375 -52.04255 63.86912
46 -51.388515 63.62385 -51.299995 63.723087
47 -51.39731 63.532803 -51.331898 63.599285
48 -51.392532 63.4468 -51.34431 63.49556
49 -51.38125 63.36024 -51.30988 63.424644
50 -51.54831 63.256153 -51.49741 63.30223
51 -51.582466 63.133366 -51.455128 63.24731
52 -51.50899 62.89131 -51.443287 62.955944
53 -51.60289 62.98737 -51.45111 63.148254
54 -51.49808 62.95089 -51.376 63.056904
55 -51.417553 62.978294 -51.307755 63.079525
56 -51.52143 63.03869 -51.364178 63.194874
57 -51.594154 62.77516 -51.46364 62.903
58 -52.226612 63.28204 -52.168655 63.34589
59 -51.909344 63.049683 -51.818027 63.146893
60 -51.82547 63.027855 -51.723198 63.115665
61 -51.76767 63.0899 -51.64794 63.217667
62 -51.84788 63.12909 -51.732002 63.228897
63 -52.288414 62.92025 -52.19706 63.00036
64 -52.359287 62.893665 -52.27304 62.98741
65 -51.7339 62.984238 -51.595024 63.12311
66 -51.75835 63.32621 -51.6788 63.404156
67 -51.80445 63.367565 -51.730633 63.43495
68 -51.83632 63.413013 -51.727673 63.54255
69 -51.931744 63.37791 -51.841652 63.49264
70 -52.31729 63.146656 -52.238792 63.23962
71 -51.969707 63.2282 -51.909904 63.29175
72 -51.749348 63.175823 -51.648914 63.2709
73 -51.737873 62.88188 -51.600418 62.98184
74 -51.790665 62.820686 -51.68292 62.903793
75 -51.583374 62.917908 -51.51552 62.987373
76 -51.627045 63.204193 -51.52467 63.278713
77 -51.524727 63.206852 -51.459206 63.267017
78 -51.45436 63.281235 -51.379444 63.36847
79 -51.520256 63.396637 -51.44241 63.48948
80 -51.511505 63.313866 -51.438732 63.403244
81 -52.220585 63.714214 -52.15424 63.81002
82 -51.28921 63.57368 -51.21294 63.651028
83 -51.53854 63.663322 -51.39089 63.767044
84 -51.441433 63.64827 -51.345036 63.755917
85 -52.03946 63.756084 -51.923454 63.86352
