0 499.4817 -95.10724 499.6422 -94.940704
1 499.44528 -95.20349 499.56964 -95.07951
2 499.3556 -95.11186 499.53152 -94.918335
3 499.5731 -95.00382 499.66122 -94.917175
4 499.54688 -94.91776 499.7558 -94.71482
5 499.24203 -94.99615 499.415 -94.83253
6 499.1702 -94.93994 499.33688 -94.76052
7 499.07123 -94.93805 499.20972 -94.80481
8 499.26526 -94.85256 499.41635 -94.68612
9 499.53372 -94.943756 499.59006 -94.88329
10 499.40894 -94.796425 499.51834 -94.690384
11 499.34445 -94.92984 499.5216 -94.74785
12 499.226 -94.76968 499.3255 -94.67017
13 499.17566 -94.82986 499.26123 -94.75102
14 499.04764 -94.790245 499.19022 -94.655914
15 499.15182 -94.62662 499.3103 -94.46665
16 499.2801 -94.59312 499.46405 -94.41103
17 499.82303 -94.61116 499.94745 -94.4882
18 499.62897 -94.62712 499.70602 -94.55793
19 499.61084 -94.522385 499.80295 -94.32245
20 499.4024 -94.55558 499.64996 -94.303894
21 499.58585 -94.45438 499.6704 -94.37541
22 499.63397 -94.40225 499.75357 -94.29166
23 499.45636 -94.418144 499.61758 -94.241936
24 499.3667 -94.384674 499.50327 -94.221886
25 499.18842 -94.31346 499.4004 -94.10147
26 499.20343 -94.29265 499.27597 -94.21375
27 499.2831 -94.41022 499.31467 -94.376816
28 499.10297 -94.48854 499.28738 -94.32248
29 499.05087 -94.47794 499.14832 -94.38501
30 499.0202 -94.37022 499.21848 -94.175674
31 499.036 -94.18898 499.23062 -94.00374
32 499.01755 -94.66943 499.14197 -94.55067
33 498.865 -94.62591 499.0566 -94.445496
34 498.8435 -94.720215 498.97372 -94.60385
35 498.79007 -94.84549 499.02863 -94.61251
36 498.82547 -94.965 499.01926 -94.78583
37 499.56558 -94.32103 499.65826 -94.232056
38 499.39618 -94.26047 499.58847 -94.07458
39 499.31107 -94.19446 499.43716 -94.07135
40 499.19217 -95.07201 499.3069 -94.95655
41 499.48074 -94.79165 499.64215 -94.63209
42 499.1899 -94.72817 499.29535 -94.59653
43 499.30963 -94.750626 499.4352 -94.62093
44 499.26013 -94.68582 499.383 -94.55512
45 499.52594 -94.66975 499.65097 -94.55596
46 499.58566 -94.7434 499.7143 -94.6099
47 499.64355 -94.802376 499.8238 -94.62438
48 499.79556 -94.79314 499.91483 -94.675354
49 499.72552 -94.902214 499.79263 -94.83434
50 499.36496 -94.49537 499.48267 -94.377686
51 499.67 -94.65119 499.78085 -94.53099
52 499.73688 -94.66333 499.84628 -94.54685
53 499.75214 -94.5882 499.8458 -94.50879
54 499.89868 -94.505424 500.03265 -94.36508
55 499.29404 -94.41317 499.3872 -94.315125
56 499.742 -94.45201 499.88104 -94.32797
57 499.11472 -94.702225 499.22556 -94.579414
58 499.26825 -94.562256 499.35663 -94.47499
59 499.29 -94.49991 499.3778 -94.418106
60 499.05685 -94.57711 499.18668 -94.45254
61 498.97336 -94.725845 499.05994 -94.639305
62 498.8001 -94.92845 498.9218 -94.813896
63 499.5847 -95.11067 499.80234 -94.85932
64 499.1969 -95.13831 499.4149 -94.96785
65 498.94638 -95.02231 499.11798 -94.87283
66 498.99594 -94.35567 499.12906 -94.19111
67 499.10358 -94.11165 499.2575 -93.976494
68 499.7055 -94.31305 499.80112 -94.228676
69 499.7392 -94.91811 499.8928 -94.72298
