0 -129.99594 277.1814 -129.9175 277.26157
1 -129.68945 276.72073 -129.57436 276.83554
2 -129.658 276.8095 -129.56664 276.90112
3 -129.55997 276.76566 -129.43666 276.88824
4 -129.4562 276.79437 -129.35281 276.89838
5 -129.53008 276.86252 -129.39366 276.9992
6 -129.69633 276.95645 -129.6066 277.0469
7 -129.76553 277.01556 -129.68784 277.0946
8 -129.80225 277.1055 -129.68007 277.22733
9 -129.9487 277.2453 -129.83 277.3631
10 -129.92012 277.3282 -129.82414 277.42462
11 -129.87593 277.24277 -129.75136 277.36688
12 -129.8217 277.3077 -129.70633 277.42227
13 -129.70107 277.1459 -129.58583 277.26248
14 -129.73602 277.2815 -129.68166 277.33505
15 -129.64352 277.08362 -129.59477 277.13434
16 -129.61476 277.14767 -129.57071 277.1909
17 -129.57462 276.961 -129.44417 277.09143
18 -129.66127 277.2267 -129.55316 277.33447
19 -129.59854 277.2028 -129.5153 277.28757
20 -129.5045 277.12448 -129.39276 277.2408
21 -129.39568 276.9026 -129.24957 277.04742
22 -129.35316 277.02148 -129.23645 277.13846
23 -129.21054 276.9068 -129.09724 277.02063
24 -129.14001 276.8521 -129.02994 276.96164
25 -129.18312 276.77982 -129.09256 276.87225
26 -129.25732 276.7736 -129.11415 276.9195
27 -129.38971 276.81854 -129.34705 276.86127
28 -129.36243 276.64316 -129.31029 276.6952
29 -129.49268 276.70764 -129.36272 276.8367
30 -130.0871 276.4264 -129.6659 276.83856
31 -129.96832 276.51828 -129.70613 276.77695
32 -129.90413 276.53513 -129.56413 276.87177
33 -130.06332 276.82007 -129.64177 277.23846
34 -129.92903 277.0872 -129.79233 277.21982
35 -129.65045 276.85867 -129.46881 277.04678
36 -129.47041 276.95645 -129.29387 277.1384
37 -129.3523 276.83673 -129.22392 276.96646
38 -129.52335 276.63834 -129.42494 276.7389
39 -129.44743 276.5283 -129.35306 276.6216
40 -129.31932 276.7115 -129.21486 276.8116
41 -129.85178 277.38748 -129.69351 277.55206
42 -129.22295 276.719 -129.10384 276.84387
