0 669.153 607.551 669.26184 607.67
1 669.08276 607.5697 669.18225 607.68054
2 668.8952 607.46564 669.07025 607.6515
3 669.16174 607.52594 669.2349 607.5896
4 668.9742 607.40106 669.1339 607.5709
5 668.8266 607.5715 668.9432 607.69714
6 668.89233 607.4877 668.9562 607.55634
7 669.0371 607.39636 669.1624 607.49585
8 669.16815 607.36676 669.2561 607.49426
9 668.81476 607.3261 668.9575 607.4694
10 669.1661 607.30396 669.248 607.396
11 668.9912 607.25116 669.1467 607.3911
12 669.0318 607.18665 669.1856 607.30865
13 668.9709 607.21643 669.0703 607.32666
14 668.90515 607.29584 668.99286 607.3871
15 668.6568 607.58984 668.7648 607.69366
16 668.4536 607.55316 668.5909 607.6677
17 668.5845 607.48785 668.6735 607.5865
18 668.6715 607.4718 668.7464 607.5803
19 668.45245 607.40686 668.58716 607.55597
20 668.5695 607.3608 668.69586 607.49854
21 668.91815 607.1996 668.99084 607.29205
22 668.69965 607.1708 668.886 607.37085
23 668.61084 607.2993 668.70654 607.3915
24 668.60944 607.2486 668.68225 607.3148
25 668.6152 607.16907 668.7694 607.3438
26 668.5226 607.20514 668.60333 607.29254
27 668.7909 607.1487 668.8903 607.2457
28 668.99786 607.0677 669.15704 607.2113
29 668.86835 607.00653 669.02435 607.1919
30 668.77625 606.98944 668.9271 607.1631
31 668.6842 607.1134 668.80286 607.22614
32 668.66895 607.0022 668.81226 607.1383
33 668.5793 607.0578 668.7021 607.20514
34 668.4672 606.99866 668.6035 607.1775
35 669.1195 606.9976 669.2155 607.1206
36 669.0061 607.00104 669.1188 607.1053
37 669.06964 606.86115 669.19104 607.0018
38 668.89624 606.87744 669.0692 607.00726
39 668.9331 606.7245 669.07776 606.88116
40 669.05133 606.708 669.1481 606.8245
41 668.7728 606.6774 668.9574 606.8938
42 668.7877 606.73645 668.87146 606.8483
43 668.6678 606.70215 668.7845 606.83435
44 668.6646 606.81696 668.79395 606.9373
45 668.5833 606.7917 668.6931 606.92126
46 668.7243 606.9545 668.7941 607.03094
47 668.6184 606.9443 668.7137 607.0258
48 668.5248 606.90436 668.6203 607.0155
49 668.4268 606.93536 668.5435 607.06165
50 668.4522 606.90753 668.52484 606.979
51 668.474 606.76855 668.5933 606.9016
52 668.32043 606.709 668.47205 606.88995
53 668.3042 606.94244 668.4163 607.0479
54 668.23645 606.96936 668.30023 607.03076
55 668.2078 606.9982 668.3185 607.11676
56 668.2524 607.01666 668.40015 607.15717
57 668.38794 607.0218 668.5031 607.16644
58 668.4216 607.1782 668.5072 607.26215
59 668.2705 607.1389 668.40765 607.2587
60 668.2821 607.2517 668.34094 607.3093
61 668.2394 607.2373 668.39703 607.3787
62 668.3677 607.24 668.5402 607.39935
63 668.3745 607.53143 668.48444 607.65515
64 668.39746 607.4413 668.491 607.55225
65 668.33655 607.6243 668.43646 607.72595
66 668.2828 607.52045 668.4034 607.6386
67 668.2837 607.42303 668.39294 607.54004
68 668.4892 607.35205 668.6064 607.4554
69 668.5969 607.5778 668.6898 607.6545
70 668.7664 607.6171 668.85693 607.71655
71 668.70685 607.4855 668.8399 607.6239
72 668.697 607.3904 668.86255 607.5181
73 668.9313 607.4164 669.0259 607.5314
74 668.965 607.334 669.0523 607.4338
75 668.907 606.9915 668.9752 607.0579
76 668.22363 607.3147 668.3355 607.43066
77 668.97296 607.0041 669.05 607.0733
78 668.31537 606.8908 668.3938 606.9681
79 668.6628 607.00037 668.73584 607.0758
80 668.3807 607.40436 668.48486 607.47626
81 668.57117 606.7285 668.6771 606.8183
82 668.24786 606.741 668.3607 606.8676
83 668.48914 606.74365 668.58527 606.82
84 668.1767 606.76483 668.27435 606.86304
85 668.2621 607.48737 668.3301 607.5991
86 668.2617 607.58563 668.35095 607.7132
87 668.4395 607.659 668.5887 607.75366
88 668.2522 607.42957 668.32605 607.5136
