0 734.9097 499.94644 734.9569 499.99435
1 734.9724 499.8067 735.059 499.88696
2 734.86884 499.81528 735.0467 500.0059
3 734.7376 499.94186 734.91675 500.13297
4 734.798 500.12967 734.8583 500.18954
5 734.69025 500.04678 734.81104 500.16302
6 734.65045 499.92368 734.78467 500.0714
7 734.5915 499.9685 734.7044 500.0916
8 734.5217 499.98926 734.626 500.10214
9 734.5635 500.0973 734.6283 500.16736
10 734.5938 500.16965 734.67847 500.25537
11 734.4718 500.20285 734.563 500.29587
12 734.4366 500.1982 734.4867 500.26144
13 734.43317 500.0884 734.5567 500.21304
14 734.2767 499.96045 734.49054 500.16943
15 734.4489 499.8764 734.5821 500.01746
16 734.4313 499.9371 734.5085 500.01993
17 734.6595 499.82184 734.82324 499.97812
18 734.8003 499.69482 734.9794 499.866
19 734.81476 499.62427 734.9426 499.75327
20 734.737 499.682 734.8581 499.79266
21 734.6438 499.76605 734.6869 499.8087
22 734.55743 499.74805 734.71173 499.9069
23 734.5564 499.82666 734.6288 499.8987
24 734.3373 499.9301 734.44104 500.03912
25 734.6703 499.63483 734.76385 499.7299
26 734.7271 499.5654 734.8548 499.69797
27 734.74927 499.45856 734.9161 499.63855
28 734.6438 499.5178 734.7728 499.6431
29 734.5706 499.56174 734.6991 499.6988
30 734.4292 499.70547 734.5634 499.848
31 734.3098 499.72415 734.46216 499.88065
32 734.26843 499.7901 734.3803 499.90915
33 734.2443 499.679 734.3588 499.80325
34 734.34894 499.69635 734.4244 499.77744
35 734.39105 499.61118 734.5412 499.7568
36 734.4333 499.53583 734.54474 499.6578
37 734.47437 499.4834 734.61224 499.62576
38 734.4832 499.42062 734.60425 499.53488
39 734.3945 499.43805 734.51886 499.5662
40 734.2921 499.62198 734.39044 499.71994
41 734.2487 499.53702 734.32886 499.6299
42 734.24493 499.4876 734.3161 499.55392
43 734.2897 499.505 734.40094 499.61435
44 734.22974 499.4102 734.3853 499.547
45 734.2784 499.30756 734.40717 499.4468
46 734.20184 499.34827 734.32104 499.46603
47 734.3445 499.20422 734.5294 499.3955
48 734.50336 499.35043 734.61475 499.46823
49 734.7424 499.3789 734.85583 499.49387
50 734.66565 499.42993 734.7813 499.54266
51 734.61346 499.4013 734.72504 499.51813
52 734.7329 499.34363 734.83105 499.42792
53 734.6069 499.16354 734.7509 499.31097
54 734.07666 499.3596 734.2139 499.5164
55 733.99884 499.38815 734.1262 499.53317
56 733.9957 499.44873 734.0672 499.53296
57 733.9129 499.45706 734.0016 499.55173
58 733.91675 499.5464 734.00977 499.6454
59 733.95715 499.51526 734.0844 499.62677
60 733.9705 499.56912 734.10864 499.70425
61 734.0573 499.62552 734.25006 499.8445
62 734.16406 499.81335 734.2892 499.946
63 734.0471 499.8505 734.1782 499.9745
64 733.9895 499.88892 734.1393 500.04013
65 734.16144 499.91125 734.28375 500.02762
66 734.233 499.94357 734.3668 500.08905
67 734.111 500.00467 734.2156 500.11295
68 734.3641 500.21088 734.4384 500.28784
69 734.31024 500.12057 734.3982 500.216
70 734.17474 500.08118 734.3145 500.2416
71 734.1332 500.13757 734.2373 500.24362
72 734.3715 499.55487 734.47046 499.66092
73 734.2567 499.87064 734.3787 499.9873
74 734.0344 499.7561 734.1356 499.8599
75 734.1211 499.792 734.1924 499.86777
76 734.0674 499.48132 734.2201 499.66254
77 734.395 499.81924 734.5137 499.93936
78 734.7075 499.7888 734.7892 499.87238
79 734.8147 499.811 734.8691 499.8665
80 734.7434 499.9227 734.86786 500.043
81 734.60156 499.47723 734.70734 499.58862
82 734.6059 499.28766 734.718 499.39526
83 734.6425 499.3727 734.7242 499.45102
84 734.60834 499.36612 734.6771 499.4409
85 733.9395 499.61124 734.0306 499.70532
86 733.9034 499.6093 733.9853 499.6935
87 734.00635 499.68246 734.1151 499.77783
88 733.9419 499.67108 734.03064 499.76056
89 734.2728 500.2844 734.334 500.35043
90 734.5491 500.20682 734.62317 500.2806
91 734.12585 500.2198 734.25226 500.34766
92 734.61426 500.1245 734.7549 500.24075
93 734.0898 500.09457 734.1747 500.18512
94 734.0565 500.00714 734.1443 500.11142
