0 -110.32355 459.3038 -110.14963 459.4725
1 -110.17644 459.4779 -110.04121 459.61896
2 -110.097305 459.5297 -110.00633 459.62534
3 -110.19331 459.37 -110.06189 459.51306
4 -110.112045 459.39746 -109.99322 459.52615
5 -110.014435 459.4204 -109.83517 459.59183
6 -110.031784 459.55978 -109.94115 459.653
7 -109.73975 459.54245 -109.604675 459.67374
8 -109.75328 459.45944 -109.62961 459.577
9 -109.6742 459.3552 -109.54255 459.49356
10 -109.75392 459.30276 -109.616516 459.4541
11 -109.87424 459.20792 -109.647415 459.44928
12 -109.98588 459.16714 -109.77347 459.3897
13 -110.066826 459.30673 -109.92193 459.4444
14 -110.1628 459.2626 -110.026764 459.40094
15 -110.25398 459.1505 -110.059494 459.35693
16 -110.27276 459.12814 -110.15766 459.24182
17 -110.26152 459.06158 -110.162285 459.16052
18 -110.19394 459.0859 -110.080696 459.19592
19 -110.08419 459.07828 -110.03124 459.1321
20 -109.76866 459.25223 -109.66137 459.35748
21 -109.6126 459.29874 -109.4874 459.42102
22 -109.67211 459.21234 -109.60783 459.27634
23 -109.72379 459.19415 -109.67262 459.24707
24 -109.793205 459.14322 -109.67983 459.26038
25 -109.904015 459.09442 -109.79182 459.21188
26 -109.994644 459.0211 -109.82328 459.19595
27 -109.922295 459.0505 -109.87476 459.09634
28 -110.11745 458.87653 -109.94256 459.05228
29 -110.15731 458.88 -110.108604 458.92725
30 -110.02523 458.96597 -109.8904 459.09937
31 -109.98853 458.86826 -109.856926 459.0039
32 -109.91211 458.91077 -109.78911 459.04248
33 -109.83548 458.9324 -109.72766 459.05243
34 -109.851524 459.04782 -109.774635 459.1279
35 -109.781235 459.04553 -109.65446 459.17346
36 -109.77586 458.98032 -109.695366 459.0649
37 -109.69184 458.94708 -109.50604 459.14334
38 -109.71391 458.91022 -109.63751 458.9971
39 -109.78902 458.83786 -109.63151 458.99075
40 -110.00909 458.73474 -109.82971 458.91324
41 -109.64288 458.93076 -109.557396 459.0148
42 -109.634926 459.1072 -109.5386 459.2082
43 -109.54334 459.08002 -109.40299 459.23022
44 -109.5789 458.90536 -109.42968 459.07812
45 -109.49331 458.87534 -109.35248 459.03854
46 -109.82048 458.79703 -109.74661 458.87292
47 -109.887634 458.69342 -109.72556 458.85867
48 -110.029495 458.61084 -109.90991 458.72983
49 -109.43348 458.99792 -109.32039 459.11713
50 -109.34154 459.0062 -109.19207 459.15536
51 -109.27142 459.10364 -109.19521 459.17896
52 -109.32196 459.1601 -109.25944 459.2241
53 -109.39448 459.10553 -109.291306 459.21045
54 -109.46635 459.1425 -109.36494 459.24738
55 -109.38666 459.17325 -109.27521 459.28064
56 -109.40735 459.22894 -109.25819 459.3758
57 -109.34243 459.27432 -109.25016 459.3811
58 -109.65286 459.45578 -109.49119 459.61423
59 -109.525955 459.3983 -109.352516 459.57376
60 -109.804535 459.678 -109.635544 459.85165
61 -109.651276 459.77957 -109.48926 459.94043
62 -109.93517 459.53473 -109.789055 459.67474
63 -110.009415 459.15402 -109.906685 459.24948
64 -109.85727 459.152 -109.76778 459.2473
65 -109.94468 458.86676 -109.8763 458.93106
66 -110.06582 458.80765 -109.99577 458.8838
67 -109.57544 458.87604 -109.447655 458.9922
68 -109.70657 458.79944 -109.59969 458.91678
69 -109.97256 458.75058 -109.90201 458.82083
70 -109.56397 459.19754 -109.45725 459.3034
71 -109.58175 459.28317 -109.52224 459.34473
72 -109.46194 459.3153 -109.254814 459.4983
73 -109.49865 459.22745 -109.360565 459.36377
74 -109.34187 459.25235 -109.28807 459.30615
75 -109.73553 459.67947 -109.58799 459.8154
76 -109.79633 459.59067 -109.69949 459.6875
77 -109.992455 459.52383 -109.92186 459.5976
78 -109.70476 459.27707 -109.60936 459.37537
79 -110.03644 459.5637 -109.84193 459.75122
80 -110.40084 459.3248 -110.19887 459.53812
81 -110.22153 458.97592 -110.115654 459.0853
82 -109.378555 458.94464 -109.26167 459.0592
83 -109.44218 459.4027 -109.29573 459.58722
84 -109.59985 459.60678 -109.3751 459.84753
