0 299.4162 -131.96225 299.56927 -131.80734
1 299.48038 -131.91536 299.63397 -131.76004
2 299.56213 -131.85812 299.70703 -131.71199
3 299.46344 -131.85153 299.56158 -131.75375
4 299.47687 -131.79092 299.6446 -131.62337
5 299.62576 -131.77611 299.7568 -131.64531
6 299.69556 -131.71262 299.816 -131.59102
7 299.55136 -131.72873 299.67377 -131.60533
8 299.5963 -131.66272 299.76028 -131.49892
9 299.6819 -131.58589 299.83405 -131.43385
10 299.76004 -131.50156 299.85733 -131.40388
11 299.8374 -131.51944 299.97757 -131.37894
12 299.94598 -131.55534 300.053 -131.44763
13 299.85583 -131.5989 299.99634 -131.45686
14 299.6152 -131.49208 299.7786 -131.32866
15 299.55893 -131.56694 299.69568 -131.42963
16 299.48587 -131.62086 299.62234 -131.48233
17 299.4525 -131.69809 299.57535 -131.57416
18 299.40442 -131.75864 299.5263 -131.63661
19 299.27963 -131.80336 299.43033 -131.65266
20 299.1624 -131.76141 299.32156 -131.59941
21 299.24286 -131.70523 299.38312 -131.56389
22 299.3128 -131.62616 299.45926 -131.48064
23 299.38123 -131.55486 299.4762 -131.45956
24 299.38712 -131.65315 299.54337 -131.4986
25 299.5041 -131.49457 299.64194 -131.35739
26 299.57208 -131.41187 299.68216 -131.30154
27 299.62436 -131.33894 299.79303 -131.16953
28 299.71097 -131.2694 299.79178 -131.18822
29 299.59802 -131.27669 299.70218 -131.17268
30 299.5014 -131.33386 299.63754 -131.19595
31 299.45837 -131.41681 299.61926 -131.25746
32 299.17645 -131.65532 299.3033 -131.52882
33 299.23276 -131.59486 299.3542 -131.47333
34 299.26898 -131.51782 299.40887 -131.37708
35 299.32666 -131.46284 299.47452 -131.31401
36 299.37192 -131.39424 299.50766 -131.25687
37 299.41574 -131.32114 299.5674 -131.16858
38 299.5046 -131.21582 299.66882 -131.05319
39 299.35687 -131.3117 299.43304 -131.23529
40 299.14154 -131.54585 299.28772 -131.39911
41 299.06787 -131.62376 299.2286 -131.46053
42 299.25702 -131.43225 299.3233 -131.36574
43 299.2861 -131.38487 299.42938 -131.24275
44 299.28696 -131.34793 299.33115 -131.30359
45 299.41913 -131.22011 299.56137 -131.07884
46 299.46494 -131.13882 299.5724 -131.03058
47 299.48264 -131.07256 299.63153 -130.92195
48 299.4889 -131.00896 299.5427 -130.95444
49 299.34055 -131.11021 299.5225 -130.92764
50 299.27466 -131.23683 299.43134 -131.07986
51 299.231 -131.29883 299.33984 -131.18822
52 299.22314 -131.26271 299.2786 -131.20798
53 299.1966 -131.3551 299.30588 -131.24493
54 299.18738 -131.16342 299.3826 -130.96872
55 299.13568 -131.41393 299.26315 -131.28616
56 299.11798 -131.40016 299.1711 -131.3478
57 299.12082 -131.3042 299.2661 -131.15941
58 298.99472 -131.4914 299.1274 -131.35846
59 298.9317 -131.45111 299.04303 -131.34015
60 298.95453 -131.38306 299.09085 -131.24435
61 298.97626 -131.30196 299.16864 -131.1082
62 298.86514 -131.36327 298.99982 -131.2267
63 298.84048 -131.33249 298.9268 -131.24739
64 299.01352 -131.16829 299.20676 -130.97441
65 299.12598 -131.06319 299.26562 -130.92308
66 299.19513 -130.99951 299.33432 -130.86087
67 299.24246 -131.0201 299.40424 -130.856
68 299.28638 -130.92827 299.47162 -130.74147
69 299.36636 -130.84395 299.52145 -130.68916
70 299.45453 -130.76256 299.5997 -130.6186
71 299.49884 -130.81699 299.6538 -130.66208
72 299.44037 -130.91411 299.5939 -130.76155
73 299.62234 -130.93793 299.7375 -130.8214
74 299.54297 -130.99919 299.71576 -130.82538
75 299.617 -131.10318 299.7098 -131.0095
76 299.65787 -131.02527 299.8049 -130.87842
77 299.7055 -131.12643 299.81628 -131.01587
78 299.648 -131.20633 299.7668 -131.08778
79 299.75592 -131.17067 299.917 -131.01057
80 299.79596 -131.3031 299.912 -131.18742
81 299.84003 -131.21037 299.99316 -131.05743
82 299.85043 -131.36566 300.00354 -131.2136
83 299.9571 -131.36485 300.07767 -131.24431
84 299.9997 -131.2958 300.12463 -131.1702
85 299.95718 -131.23051 300.0656 -131.12233
86 300.05063 -131.4011 300.12808 -131.32219
87 299.94403 -131.4675 300.15536 -131.25595
88 299.73868 -131.65753 299.84915 -131.54575
89 299.8202 -131.10411 299.94998 -130.97208
90 299.7045 -131.43425 299.8326 -131.30617
91 299.30954 -131.13477 299.40482 -131.03885
92 299.5167 -130.95781 299.58334 -130.89072
93 298.9515 -131.22165 299.08072 -131.09279
94 299.79483 -131.5555 299.8882 -131.46335
95 299.80304 -131.45323 299.9038 -131.35246
96 299.37888 -131.89427 299.49005 -131.7813
97 299.18103 -131.22939 299.26068 -131.14987
98 299.10754 -131.2413 299.20264 -131.14613
99 299.54004 -130.83284 299.70325 -130.66638
100 299.68066 -130.97203 299.8257 -130.82321
