0 352.92398 -131.09566 353.14575 -130.8745
1 352.87943 -131.0263 353.018 -130.88844
2 353.12582 -131.06496 353.20944 -130.9812
3 353.1772 -131.12857 353.2865 -131.01785
4 353.18057 -131.0047 353.27808 -130.90665
5 353.0804 -130.96861 353.22845 -130.82047
6 353.0579 -130.9988 353.13583 -130.92162
7 352.94473 -130.96585 353.13538 -130.77194
8 353.22058 -130.96217 353.41388 -130.76805
9 353.10007 -130.90149 353.32303 -130.6797
10 353.0257 -130.87296 353.16492 -130.73479
11 353.0757 -130.81369 353.191 -130.69768
12 352.84866 -130.92482 353.0382 -130.73071
13 352.7135 -130.88377 352.97784 -130.61879
14 352.64362 -130.96722 352.8351 -130.7816
15 352.62903 -130.8572 352.79956 -130.68452
16 352.56815 -130.77141 352.78574 -130.5508
17 352.64514 -130.69817 352.84003 -130.50664
18 352.75586 -130.64006 352.88336 -130.51277
19 352.81125 -130.70738 353.005 -130.51375
20 352.88434 -130.81522 353.09598 -130.60565
21 352.97147 -130.75302 353.0969 -130.63113
22 352.75723 -130.55682 352.9518 -130.36212
23 352.86716 -130.5968 353.0611 -130.39867
24 352.96075 -130.615 353.13904 -130.43694
25 352.92746 -130.4997 353.078 -130.34929
26 353.01074 -130.71497 353.17487 -130.55374
27 353.10672 -130.77652 353.32394 -130.55933
28 353.25992 -130.75789 353.39053 -130.62328
29 353.36917 -130.86165 353.57162 -130.65038
30 353.27567 -130.82414 353.43793 -130.65732
31 353.32327 -130.73999 353.48273 -130.58345
32 353.4622 -130.74524 353.5686 -130.64014
33 352.84283 -130.46677 352.9758 -130.33542
34 353.0607 -130.60696 353.2612 -130.40599
35 353.02338 -130.50537 353.1827 -130.34595
36 353.04297 -130.42854 353.18173 -130.29088
37 352.9341 -130.41196 353.12085 -130.22258
38 353.1883 -130.64441 353.32166 -130.50975
39 353.2571 -130.6778 353.3945 -130.53877
40 353.3421 -130.66444 353.4456 -130.56392
41 353.4367 -130.67085 353.5748 -130.52878
42 353.5153 -130.66844 353.6874 -130.49542
43 353.57672 -130.5639 353.6438 -130.49559
44 353.4332 -130.56319 353.60825 -130.38751
45 353.3114 -130.56596 353.47256 -130.4055
46 353.22867 -130.56815 353.38477 -130.41113
47 353.37558 -130.46626 353.5584 -130.28246
48 353.26575 -130.43605 353.46347 -130.23979
49 353.2014 -130.45976 353.3824 -130.28255
50 353.14703 -130.5221 353.25436 -130.41504
51 353.15677 -130.4386 353.2398 -130.35522
52 353.26813 -130.33946 353.4553 -130.15524
53 353.1982 -130.34544 353.37073 -130.16916
54 353.14246 -130.23677 353.34778 -130.03021
55 353.15875 -130.15886 353.24747 -130.07083
56 353.06717 -130.3347 353.28696 -130.11246
57 353.06323 -130.12518 353.1799 -130.00774
58 353.00613 -130.30478 353.1419 -130.16881
59 352.99728 -130.21861 353.14508 -130.07391
60 352.96906 -130.11542 353.04684 -130.038
61 352.91666 -130.16814 353.02103 -130.06569
62 352.85583 -130.25877 353.06287 -130.05205
63 352.8254 -130.36205 353.0151 -130.17192
64 352.73685 -130.25117 352.9138 -130.07835
65 352.7286 -130.34729 352.88895 -130.18794
66 352.7533 -130.4476 352.9014 -130.29762
67 352.70322 -130.4383 352.83505 -130.30505
68 352.66003 -130.34644 352.79636 -130.20819
69 352.6344 -130.34964 352.73083 -130.25136
70 352.563 -130.42531 352.72992 -130.25946
71 352.60294 -130.58209 352.8005 -130.3848
72 352.5219 -130.68954 352.68484 -130.5215
73 352.56375 -130.58195 352.6501 -130.49431
74 352.4272 -130.63272 352.6014 -130.4562
75 353.06784 -131.08301 353.17227 -130.97961
76 353.39697 -130.62161 353.49704 -130.52237
77 352.3473 -130.67694 352.49692 -130.5276
78 352.51645 -130.47987 352.67453 -130.32298
79 353.06787 -131.21938 353.23538 -131.0475
80 352.80807 -131.13843 353.01633 -130.9405
81 353.2151 -131.06299 353.35745 -130.9185
82 353.48846 -130.46263 353.60873 -130.34596
83 352.81113 -130.13847 353.00983 -129.93468
84 352.4562 -130.55127 352.64944 -130.35052
