0 2.3792903 642.0774 2.4345198 642.15643
1 2.4495068 642.06067 2.538831 642.15326
2 2.6630352 642.0871 2.7566268 642.2171
3 2.7382839 642.1217 2.8056042 642.21356
4 2.834989 641.9403 2.9575803 642.1172
5 3.0235639 642.06635 3.1357734 642.1899
6 2.9487283 641.99664 3.0494952 642.1047
7 2.9525366 642.1564 2.9915705 642.208
8 2.9209647 641.89 3.0463977 641.99817
9 2.7587924 641.9136 2.8206449 641.98676
10 2.6372213 641.8805 2.7446404 641.9866
11 2.6299908 641.98785 2.7373433 642.08466
12 2.5269818 641.89386 2.6446114 642.0294
13 2.4183884 641.95105 2.5258126 642.05786
14 2.373804 641.8698 2.470576 641.9785
15 2.475991 641.8488 2.601391 641.95245
16 2.508259 641.7465 2.64103 641.8555
17 2.3578541 641.78375 2.4745488 641.88196
18 2.6176636 641.75653 2.698249 641.83905
19 2.7033985 641.7191 2.7976418 641.8471
20 2.7889023 641.74274 2.850659 641.8025
21 2.8133588 641.7595 2.9231172 641.91296
22 2.9150996 641.7696 3.0118954 641.8816
23 2.3609054 641.6513 2.4871194 641.7756
24 2.4698112 641.6845 2.5623915 641.7664
25 2.6526687 641.61694 2.826862 641.73883
26 2.5897963 641.58905 2.6663487 641.66693
27 2.4987748 641.5861 2.60946 641.6829
28 2.4001892 641.50476 2.51637 641.62427
29 2.98694 641.5608 3.118411 641.67444
30 3.0144732 641.4958 3.1204247 641.5832
31 2.7733278 641.5231 2.8488152 641.6383
32 2.755604 641.51544 2.79388 641.5544
33 2.6769772 641.5208 2.7891486 641.639
34 2.6728866 641.5086 2.7272863 641.56494
35 2.5783505 641.4803 2.6763594 641.5757
36 2.3819087 641.4193 2.4879413 641.51807
37 2.4694493 641.40155 2.5509408 641.5174
38 2.5779066 641.325 2.7243586 641.48267
39 2.67288 641.3212 2.783914 641.4666
40 2.3576367 641.3818 2.4193842 641.44025
41 2.4482267 641.27716 2.6010973 641.40027
42 2.7626195 641.3778 2.8359058 641.465
43 2.852966 641.3326 2.9545531 641.46204
44 3.2222059 641.3182 3.3423295 641.42975
45 3.0580752 641.4405 3.1144562 641.4942
46 3.109167 641.45294 3.1879153 641.55817
47 3.0584853 641.6368 3.1759903 641.7549
48 3.1563287 641.6614 3.2261715 641.7332
49 3.1739633 641.5637 3.26713 641.6344
50 3.269773 642.002 3.3268065 642.0538
51 3.057306 641.8905 3.2088866 642.01953
52 3.0762925 642.02844 3.1703827 642.1351
53 3.1673484 641.98926 3.2895958 642.11816
54 3.1635242 642.15375 3.2259045 642.20746
55 3.218826 642.19574 3.2712119 642.2501
56 3.1033046 642.1697 3.1851568 642.2429
57 2.488378 641.25183 2.6029344 641.3306
58 2.7654526 641.3081 2.8413048 641.38135
59 3.1012237 641.2277 3.262467 641.4029
60 3.0467732 641.2588 3.1218734 641.31995
61 2.7244425 642.05066 2.8170228 642.1326
62 2.3529835 641.9881 2.426251 642.07263
63 2.5782058 641.3207 2.6659908 641.3847
64 2.9099748 641.38055 2.9670947 641.44434
65 2.759591 641.28094 2.8238907 641.32336
66 2.9573827 641.2511 3.027135 641.3103
67 2.972945 641.28296 3.0495548 641.36884
68 3.1724174 641.4412 3.2484603 641.5411
69 2.854921 641.65216 2.9221363 641.7294
70 3.115713 641.7614 3.2205465 641.87885
71 3.0144515 641.86487 3.1108742 641.9249
72 2.711843 641.8743 2.7657483 641.9547
73 2.817963 641.2861 2.8925061 641.3626
74 2.5246887 642.0854 2.6589599 642.2177
75 3.2374868 641.40375 3.3554556 641.5866
76 2.897808 642.1942 2.9708838 642.252
