0 403.2919 -124.49323 403.4554 -124.31756
1 403.25208 -124.42234 403.3439 -124.33348
2 403.43137 -124.5339 403.60638 -124.362366
3 403.51797 -124.47301 403.7202 -124.264694
4 403.6538 -124.448685 403.75677 -124.3487
5 403.43423 -124.420395 403.60178 -124.24695
6 403.49396 -124.350174 403.66486 -124.18469
7 403.3773 -124.33804 403.51596 -124.1978
8 403.42023 -124.26065 403.58984 -124.09019
9 403.40448 -124.191895 403.4937 -124.105095
10 403.69034 -124.38923 403.86227 -124.21454
11 403.5929 -124.286964 403.73315 -124.1474
12 403.2535 -124.200676 403.39542 -124.066444
13 403.15152 -124.29633 403.3612 -124.07794
14 403.05777 -124.21342 403.2694 -123.99045
15 403.01596 -124.22734 403.15024 -124.084526
16 403.0788 -124.12781 403.16592 -124.0407
17 403.11545 -124.085266 403.21582 -123.98735
18 403.23798 -124.08112 403.3846 -123.93867
19 403.1571 -124.14461 403.31317 -123.99396
20 403.35538 -124.09176 403.55777 -123.8763
21 403.5346 -124.08084 403.59372 -124.02137
22 403.4799 -124.024 403.56342 -123.94257
23 403.782 -124.30652 403.8523 -124.23679
24 403.67032 -124.27008 403.85422 -124.07224
25 403.648 -124.190765 403.77597 -124.060196
26 403.55295 -124.13938 403.73572 -123.9432
27 403.55035 -124.195755 403.60666 -124.140854
28 403.57907 -124.129654 403.61896 -124.08801
29 403.4216 -123.96681 403.50433 -123.88562
30 403.27344 -123.87404 403.3917 -123.759766
31 403.31827 -124.00665 403.469 -123.84791
32 403.2111 -123.94897 403.37375 -123.78824
33 403.76974 -124.199936 403.94363 -124.0292
34 403.73328 -124.13826 403.83466 -124.0367
35 403.9247 -124.177505 403.9705 -124.13067
36 403.84625 -124.119606 403.9656 -124.0008
37 403.79242 -124.07405 403.90732 -123.96003
38 403.7003 -124.03151 403.7456 -123.98412
39 403.5826 -124.014786 403.73288 -123.858406
40 403.53818 -123.95432 403.69156 -123.78437
41 403.51913 -123.96799 403.55792 -123.92799
42 403.42163 -123.893196 403.60074 -123.71183
43 403.35208 -123.82749 403.50995 -123.66474
44 403.4436 -123.78387 403.55975 -123.66929
45 403.54953 -123.82648 403.6409 -123.73353
46 403.64728 -123.93007 403.80032 -123.77826
47 403.6988 -124.00503 403.8872 -123.81728
48 403.80853 -123.928856 403.87476 -123.85982
49 403.75534 -123.88751 403.85757 -123.78684
50 403.9229 -124.02267 404.0103 -123.93683
51 403.89203 -123.942535 404.08685 -123.744545
52 403.77274 -123.83384 403.99326 -123.618904
53 403.69562 -123.76199 403.8618 -123.59181
54 403.49942 -123.738335 403.63095 -123.60944
55 403.57776 -123.70886 403.75916 -123.5233
56 403.56143 -123.68377 403.61176 -123.63675
57 403.56128 -123.6344 403.6761 -123.511955
58 403.47916 -123.600876 403.61533 -123.45913
59 403.40707 -123.6662 403.55655 -123.519165
60 403.36203 -123.7236 403.50446 -123.57786
61 403.30124 -123.67353 403.43314 -123.53763
62 403.42984 -123.559166 403.54184 -123.439514
63 403.36 -123.505005 403.4731 -123.38927
64 403.20364 -123.60408 403.373 -123.43145
65 403.1944 -123.67456 403.28726 -123.5803
66 403.11768 -123.76804 403.28464 -123.60054
67 403.20334 -123.745445 403.37973 -123.564186
68 403.1397 -123.838776 403.21066 -123.768875
69 403.21045 -123.88809 403.30292 -123.790565
70 403.138 -124.01493 403.2969 -123.85881
71 403.0558 -123.9323 403.2454 -123.74023
72 402.97562 -123.89057 403.15857 -123.70013
73 403.0129 -124.02862 403.16013 -123.88579
74 402.94485 -124.0919 403.10104 -123.94232
75 402.88663 -124.03587 403.02475 -123.89512
76 402.88226 -124.18097 403.06693 -123.99227
77 403.54285 -124.58487 403.65915 -124.47047
78 403.2894 -124.37619 403.40817 -124.25687
79 403.04712 -124.341644 403.16904 -124.22077
80 402.9655 -124.29866 403.1099 -124.153046
81 403.6719 -124.06538 403.78238 -123.954384
82 403.66873 -123.83671 403.79593 -123.70724
83 402.80942 -124.205246 402.94327 -124.075935
84 403.9868 -124.00952 404.09497 -123.898056
85 403.3427 -124.56382 403.5172 -124.39177
86 403.10406 -124.41369 403.26468 -124.26111
87 403.96228 -124.09472 404.08105 -123.970726
88 403.25723 -123.474625 403.4667 -123.25785
89 403.12292 -123.69135 403.23547 -123.57132
90 403.04752 -123.79291 403.2003 -123.63158
91 402.83597 -124.116974 402.92203 -124.024124
