0 24.29379 662.3982 24.400948 662.4887
1 24.460382 662.37146 24.522516 662.4342
2 24.55606 662.3507 24.671646 662.45703
3 24.51125 662.27954 24.598022 662.3898
4 24.278246 662.264 24.382307 662.3754
5 24.3573 662.2493 24.444332 662.345
6 24.439772 662.1642 24.556383 662.3116
7 24.519686 662.1805 24.603247 662.2739
8 24.598392 662.16406 24.754986 662.3336
9 24.705269 662.22205 24.79916 662.3301
10 24.792068 662.3502 24.857819 662.4172
11 24.874136 662.22534 25.003643 662.3863
12 24.762024 662.1162 24.857162 662.2323
13 24.700422 662.10645 24.78322 662.1985
14 24.598186 662.13434 24.680252 662.2164
15 24.394943 662.21466 24.428856 662.24426
16 24.340984 662.1626 24.37386 662.1961
17 24.409636 662.0778 24.508196 662.1684
18 24.345509 662.0236 24.445496 662.1156
19 24.296408 662.0077 24.36842 662.0699
20 24.481777 661.9708 24.602156 662.0974
21 24.572521 661.99786 24.663624 662.08594
22 24.63493 662.0305 24.76278 662.1417
23 24.890068 661.9682 25.022156 662.11017
24 24.952978 661.98206 25.03034 662.0631
25 24.81914 661.98987 24.886707 662.0636
26 24.6991 661.9543 24.808996 662.0642
27 24.616993 661.9016 24.720095 662.00903
28 24.556025 661.8889 24.616877 661.9522
29 24.873362 661.9263 24.95254 662.01404
30 24.804266 661.84247 24.925613 661.9552
31 24.925976 661.8554 25.002039 661.92773
32 24.850996 661.7215 24.996395 661.87366
33 24.872986 661.7128 24.930222 661.772
34 24.780022 661.7575 24.841537 661.82086
35 24.68969 661.8032 24.731274 661.8473
36 24.508738 661.8362 24.57447 661.89386
37 24.415352 661.8721 24.462402 661.9185
38 24.306334 661.8792 24.370558 661.9434
39 24.261179 661.83777 24.325306 661.90063
40 24.245459 661.71 24.308567 661.7861
41 24.302584 661.74054 24.380274 661.81696
42 24.442902 661.72833 24.553267 661.83563
43 24.375504 661.70667 24.427483 661.77527
44 24.578028 661.6632 24.659977 661.7346
45 24.688194 661.6469 24.783298 661.7445
46 24.817822 661.65344 24.874315 661.72046
47 24.642193 661.6229 24.712402 661.68756
48 24.743576 661.61115 24.808079 661.6701
49 24.849037 661.5681 24.911932 661.63226
50 24.89049 661.51105 24.923233 661.5518
51 24.68289 661.50073 24.789766 661.5965
52 24.576637 661.5683 24.635914 661.6282
53 24.727411 661.50305 24.748543 661.5297
54 24.394424 661.56274 24.456266 661.6215
55 24.299362 661.50104 24.369879 661.5789
56 25.018564 661.4826 25.079988 661.5447
57 24.974113 661.65137 25.037045 661.734
58 25.046196 661.58826 25.14106 661.6825
59 25.144556 661.6856 25.23463 661.75964
60 25.006207 661.7675 25.10365 661.86993
61 25.081964 661.729 25.18599 661.82196
62 25.161669 661.797 25.23866 661.882
63 25.078794 661.8368 25.175991 661.9358
64 25.150856 661.8661 25.260427 661.9805
65 24.979874 661.9093 25.083635 661.9896
66 25.042467 661.9553 25.158215 662.0458
67 25.116877 661.95654 25.259571 662.1079
68 24.962307 662.03827 25.14441 662.213
69 25.024351 662.15045 25.142225 662.2609
70 25.087196 662.1312 25.154648 662.19434
71 25.086422 662.2362 25.196222 662.3177
72 25.15135 662.11816 25.273817 662.24615
73 25.18207 662.306 25.285076 662.4122
74 24.803768 662.19916 24.943422 662.3271
75 24.512054 662.09894 24.599087 662.1946
76 24.663742 662.3014 24.778177 662.40106
77 24.861374 662.1064 24.982155 662.2204
78 24.690872 661.86115 24.788948 661.97217
79 24.49217 661.9445 24.536997 661.9967
80 24.411655 661.8866 24.509958 661.9917
81 24.361446 661.936 24.45535 662.0262
82 24.259851 662.09174 24.346361 662.18933
83 24.268866 661.8823 24.348808 661.97144
84 24.628073 661.79614 24.68229 661.84106
85 24.355026 661.7669 24.440712 661.8532
86 24.357166 661.5749 24.476765 661.6908
87 24.497833 661.63916 24.603271 661.7514
88 24.499823 661.4709 24.597252 661.5911
89 24.454956 661.58673 24.50773 661.64813
90 24.778069 661.5373 24.869411 661.6286
91 24.592583 661.48364 24.669249 661.54614
92 24.428432 661.52454 24.498203 661.58325
93 24.362316 661.51166 24.433191 661.57635
94 24.422594 661.655 24.489292 661.74396
95 24.261374 661.62036 24.34248 661.6983
96 25.088905 661.3952 25.259966 661.58167
97 24.906044 661.535 24.957573 661.58844
98 24.84666 661.50305 24.919094 661.56195
99 24.744896 661.4496 24.834713 661.53815
100 24.947626 661.60956 25.002705 661.6572
101 24.880482 661.63135 24.957407 661.7065
102 24.957966 661.5495 25.020666 661.61096
103 25.011728 662.04596 25.07315 662.10803
104 24.400957 662.362 24.545328 662.4731
105 24.233847 661.45087 24.371044 661.6084
106 24.850487 662.3827 24.957134 662.45734
107 24.70952 662.35925 24.841002 662.4569
