0 474.69543 -104.93512 474.77417 -104.86152
1 474.63828 -104.90061 474.70383 -104.83505
2 474.58038 -104.8648 474.62082 -104.82278
3 474.45065 -104.83085 474.57123 -104.71126
4 474.41388 -104.76922 474.47623 -104.70846
5 474.72382 -104.85545 474.83426 -104.751465
6 474.583 -104.783485 474.67377 -104.687256
7 474.47345 -104.73438 474.63828 -104.55539
8 474.39523 -104.69708 474.52832 -104.56079
9 474.30768 -104.65358 474.4401 -104.52374
10 474.2802 -104.606224 474.33926 -104.54654
11 474.20224 -104.448135 474.2882 -104.36928
12 474.25797 -104.37546 474.31976 -104.31495
13 474.2551 -104.51689 474.42963 -104.335266
14 474.41428 -104.607216 474.55515 -104.47343
15 474.42056 -104.51009 474.53302 -104.402794
16 474.49704 -104.57388 474.6218 -104.45141
17 474.57422 -104.623375 474.6953 -104.501656
18 474.67218 -104.73266 474.76086 -104.637886
19 474.59506 -104.703224 474.71286 -104.5854
20 474.80408 -104.80978 474.87656 -104.73957
21 474.70078 -104.77672 474.8363 -104.64826
22 474.72278 -104.70194 474.86343 -104.57676
23 474.87296 -104.64732 474.96414 -104.554214
24 474.67508 -104.56394 474.8004 -104.43503
25 474.86023 -104.5615 474.93082 -104.48319
26 474.78052 -104.512 474.89227 -104.39512
27 474.61948 -104.44413 474.7539 -104.310036
28 474.62894 -104.40503 474.67026 -104.363075
29 474.47238 -104.43756 474.59274 -104.32137
30 474.53085 -104.38237 474.61285 -104.305824
31 474.48523 -104.328606 474.5455 -104.26125
32 474.33572 -104.24467 474.43134 -104.14712
33 474.3865 -104.28877 474.5137 -104.15191
34 474.71573 -104.347885 474.79105 -104.26548
35 474.77826 -104.39391 474.8684 -104.297966
36 474.81458 -104.42938 474.94046 -104.29834
37 474.43533 -104.185974 474.52255 -104.09329
38 474.30127 -104.14455 474.4612 -103.989105
39 474.26068 -104.214424 474.3701 -104.100525
40 474.1823 -104.17368 474.3121 -104.03938
41 474.20163 -104.07219 474.34036 -103.93798
42 474.13504 -104.11576 474.23492 -104.01717
43 474.07162 -104.22106 474.26282 -104.032135
44 474.0538 -104.252174 474.16394 -104.14076
45 474.2048 -104.33303 474.25452 -104.28005
46 474.2231 -104.55328 474.27084 -104.50266
47 474.02197 -104.51073 474.2253 -104.31093
48 473.9599 -104.53423 474.12445 -104.34969
49 473.9473 -104.62177 474.08267 -104.48251
50 474.03265 -104.60635 474.1857 -104.44751
51 474.04922 -104.33185 474.12726 -104.25668
52 474.33905 -104.40221 474.49393 -104.242516
53 474.16077 -104.03765 474.25098 -103.942635
54 474.74933 -104.615486 474.88757 -104.48529
55 474.5545 -104.47442 474.67377 -104.36065
56 474.52762 -104.25104 474.6282 -104.15589
57 474.57614 -104.31266 474.70563 -104.16482
58 474.3002 -104.12401 474.38712 -104.03194
59 474.3751 -104.57343 474.45587 -104.48233
60 474.9542 -104.46697 475.04846 -104.37337
