0 731.36005 507.71313 731.5225 507.87918
1 731.2634 507.754 731.4125 507.89838
2 731.23157 507.78934 731.31726 507.87344
3 731.3168 507.6069 731.499 507.77975
4 731.08826 507.76166 731.2025 507.88065
5 731.07367 507.651 731.2308 507.80695
6 730.93774 507.71027 731.1095 507.8593
7 730.97974 507.62994 731.10345 507.7498
8 731.04156 507.56113 731.2167 507.71194
9 731.23474 507.50162 731.42035 507.68323
10 730.8784 507.83453 731.0513 507.99954
11 730.90106 507.7783 731.01855 507.89157
12 730.78766 507.89993 730.9153 508.02444
13 730.7658 507.80487 730.9095 507.93484
14 731.1638 507.46167 731.33264 507.61447
15 731.2842 507.33878 731.3683 507.42715
16 731.12146 507.31845 731.2885 507.49533
17 731.03046 507.4114 731.1877 507.57492
18 730.8656 507.59863 731.0227 507.7357
19 730.7799 507.44156 730.99646 507.63852
20 731.03296 507.33896 731.16986 507.4653
21 731.2047 507.13916 731.3639 507.31793
22 731.10425 507.16663 731.26483 507.35074
23 730.9884 507.19952 731.1423 507.3655
24 730.8275 507.2024 731.026 507.43613
25 730.6387 507.2749 730.8393 507.4782
26 730.9219 507.10208 731.1256 507.27057
27 731.06226 506.9948 731.2247 507.15756
28 730.8655 507.07974 731.0084 507.23956
29 730.7469 507.14322 730.9086 507.31165
30 730.36707 507.1981 730.6308 507.43948
31 730.45184 507.3331 730.63135 507.51028
32 730.6899 507.56213 730.77246 507.64508
33 730.4314 507.42804 730.6944 507.65143
34 730.3767 507.44098 730.5252 507.5953
35 730.7777 507.70688 730.89905 507.82306
36 730.7172 507.56213 730.8808 507.73392
37 730.61615 507.59134 730.76373 507.75336
38 730.62274 507.73267 730.79333 507.88455
39 730.53894 507.669 730.6796 507.81558
40 730.7249 507.9409 730.8326 508.04767
41 730.6565 507.97244 730.75684 508.06845
42 730.6786 507.84064 730.80884 507.96774
43 730.62646 507.88266 730.72955 507.9932
44 730.5803 507.90826 730.65015 507.98596
45 730.5444 507.82126 730.6148 507.89322
46 731.1824 507.62036 731.32214 507.75586
47 730.8862 507.68906 730.986 507.7892
48 730.83673 507.28122 730.9364 507.40872
49 731.17303 507.0933 731.2812 507.19873
50 731.13007 507.16742 731.2154 507.25626
51 730.60876 507.18036 730.782 507.3391
52 730.8152 507.41687 730.93036 507.51956
53 730.7842 507.49295 730.8919 507.61594
54 730.58405 507.8068 730.67487 507.9004
55 730.43176 507.37366 730.5018 507.44598
