2 0.178667 0.103667 0.166667 0.151333
2 0.539667 0.107333 0.163333 0.177333
2 0.345667 0.177333 0.112667 0.109333
2 0.456333 0.199000 0.119333 0.099333
2 0.107000 0.288667 0.128667 0.154667
2 0.216000 0.289333 0.130667 0.186667
2 0.333333 0.293667 0.109333 0.122000
2 0.471667 0.290667 0.119333 0.116000
2 0.589000 0.277333 0.115333 0.142667
2 0.762667 0.376667 0.126667 0.130667
2 0.131333 0.407333 0.100000 0.102667
2 0.356667 0.420667 0.160000 0.180000
2 0.481333 0.421333 0.116000 0.152000
2 0.579333 0.408667 0.106667 0.121333
2 0.548667 0.526667 0.141333 0.146667
2 0.442667 0.528000 0.073333 0.080000
2 0.321333 0.532000 0.108000 0.112000
2 0.183333 0.502000 0.173333 0.137333
2 0.051333 0.508000 0.093333 0.064000
2 0.104000 0.588000 0.070667 0.064000
2 0.206667 0.616000 0.129333 0.096000
2 0.428667 0.610000 0.066667 0.073333
2 0.335333 0.620667 0.090667 0.078667
2 0.166000 0.708000 0.109333 0.090667
3 0.059000 0.683333 0.098000 0.102667
2 0.170667 0.809000 0.136000 0.120667
3 0.409333 0.790667 0.084000 0.109333
3 0.296333 0.787000 0.072667 0.084667
3 0.577333 0.634667 0.105333 0.077333
2 0.771333 0.620000 0.133333 0.125333
3 0.692667 0.710000 0.109333 0.086667
3 0.590667 0.810667 0.086667 0.080000
3 0.698000 0.812333 0.120000 0.124667
3 0.610000 0.924000 0.074667 0.082667
3 0.715333 0.926667 0.128000 0.128000
3 0.492667 0.938333 0.104000 0.114000
3 0.168000 0.931333 0.097333 0.110667
3 0.917667 0.925667 0.120667 0.103333
2 0.068667 0.108000 0.134667 0.213333
2 0.032333 0.295667 0.063333 0.090000
0 0.692000 0.308667 0.060000 0.060000
0 0.443333 0.670333 0.062667 0.055333
3 0.294000 0.677667 0.029333 0.032667
3 0.579000 0.702000 0.060667 0.058667
2 0.050667 0.796667 0.100000 0.138667
3 0.499000 0.793333 0.024667 0.026667
2 0.059333 0.938667 0.117333 0.122667
2 0.274000 0.922000 0.168000 0.156000
0 0.925333 0.746000 0.069333 0.082667
0 0.881000 0.769000 0.039333 0.040667
0 0.953667 0.488667 0.062000 0.086667
0 0.749000 0.518667 0.038000 0.034667
0 0.707667 0.531000 0.038000 0.032667
0 0.836667 0.377000 0.042667 0.050000
0 0.851333 0.413333 0.041333 0.033333
0 0.734333 0.287000 0.054000 0.066000
0 0.768000 0.215333 0.062667 0.060000
0 0.958000 0.082000 0.065333 0.068000
0 0.879000 0.063000 0.060667 0.079333
0 0.598000 0.222000 0.056000 0.044000
0 0.603667 0.035667 0.032667 0.034000
