2 0.268667 0.088667 0.110667 0.137333
2 0.385667 0.072667 0.150000 0.141333
2 0.503000 0.096333 0.084667 0.094000
2 0.639000 0.101000 0.187333 0.190000
2 0.395667 0.199667 0.143333 0.143333
2 0.525000 0.213667 0.110000 0.143333
2 0.187000 0.172667 0.083333 0.077333
2 0.227333 0.287333 0.164000 0.165333
2 0.114333 0.378667 0.114000 0.126667
2 0.209667 0.399000 0.087333 0.100667
2 0.284000 0.420000 0.105333 0.105333
2 0.365333 0.300333 0.145333 0.163333
2 0.377667 0.416333 0.090000 0.087333
2 0.477667 0.397000 0.151333 0.192667
2 0.604333 0.384333 0.112667 0.156667
2 0.711000 0.277667 0.220667 0.151333
2 0.714333 0.422333 0.119333 0.150000
2 0.830333 0.404000 0.120667 0.162667
2 0.931333 0.412333 0.089333 0.176667
2 0.825000 0.565000 0.174000 0.164667
2 0.919333 0.635333 0.134667 0.138667
2 0.697333 0.533000 0.090667 0.095333
2 0.594333 0.533000 0.146000 0.148667
2 0.414333 0.526333 0.150000 0.120667
2 0.294667 0.525333 0.096000 0.108000
2 0.182000 0.507333 0.124000 0.116000
2 0.160333 0.634333 0.160667 0.128667
2 0.289667 0.626667 0.096667 0.097333
2 0.473000 0.638667 0.191333 0.160000
2 0.380667 0.729000 0.132000 0.126000
2 0.594000 0.720333 0.138667 0.146000
2 0.707000 0.742000 0.102000 0.141333
2 0.830333 0.712000 0.151333 0.170667
2 0.205667 0.760000 0.120667 0.125333
2 0.089000 0.769000 0.126000 0.154000
2 0.130667 0.883000 0.165333 0.104667
2 0.341667 0.894667 0.084667 0.100000
2 0.448000 0.883000 0.128000 0.146000
2 0.529333 0.819000 0.157333 0.166000
2 0.677667 0.890667 0.120667 0.141333
2 0.789667 0.831667 0.119333 0.118000
2 0.908333 0.862667 0.123333 0.136000
2 0.175000 0.070000 0.132667 0.138667
2 0.084333 0.145667 0.167333 0.180667
2 0.278000 0.198000 0.085333 0.086667
3 0.127667 0.281667 0.067333 0.063333
2 0.478000 0.305000 0.088000 0.083333
2 0.035333 0.368333 0.069333 0.164667
2 0.064667 0.522000 0.128000 0.185333
2 0.036667 0.707000 0.072000 0.138000
0 0.255333 0.837000 0.064000 0.048667
0 0.259000 0.881000 0.056667 0.043333
2 0.040333 0.914000 0.079333 0.138667
2 0.586333 0.946333 0.128667 0.107333
2 0.687000 0.976667 0.072667 0.046667
2 0.817667 0.945667 0.167333 0.108667
0 0.776333 0.142333 0.040667 0.048667
0 0.750667 0.086000 0.033333 0.045333
