2 0.085333 0.072333 0.094667 0.114000
2 0.187667 0.112333 0.092667 0.126000
2 0.268667 0.137667 0.108000 0.116667
2 0.112667 0.180000 0.098667 0.098667
3 0.107667 0.257333 0.066000 0.056000
2 0.257667 0.238667 0.122000 0.106667
2 0.273000 0.325000 0.088667 0.084667
2 0.188667 0.308667 0.070667 0.080000
2 0.105333 0.343000 0.096000 0.118000
3 0.200000 0.376333 0.098667 0.079333
3 0.177000 0.437667 0.083333 0.080667
3 0.061000 0.439000 0.110000 0.114000
3 0.049000 0.529667 0.083333 0.080667
2 0.298000 0.407333 0.097333 0.074667
2 0.269333 0.459667 0.109333 0.084667
3 0.304333 0.509333 0.084667 0.070667
3 0.144000 0.512000 0.136000 0.096000
2 0.059000 0.603000 0.094000 0.080667
2 0.152667 0.606000 0.101333 0.094667
3 0.229333 0.579000 0.068000 0.076667
2 0.293667 0.585667 0.075333 0.082000
2 0.239667 0.679667 0.119333 0.119333
2 0.152667 0.684333 0.073333 0.056667
2 0.072333 0.675333 0.071333 0.061333
2 0.153000 0.760333 0.079333 0.086000
2 0.070000 0.755333 0.097333 0.098667
3 0.082333 0.833000 0.083333 0.062000
2 0.108333 0.881000 0.120667 0.083333
3 0.183333 0.859000 0.057333 0.086000
3 0.232667 0.790667 0.089333 0.082667
2 0.236667 0.881667 0.064000 0.087333
2 0.305667 0.896333 0.056667 0.050000
2 0.333333 0.828000 0.126667 0.105333
2 0.337000 0.729667 0.122000 0.116667
2 0.435333 0.713667 0.110667 0.087333
2 0.457667 0.646667 0.142000 0.098667
2 0.371667 0.559000 0.088667 0.119333
2 0.398667 0.479000 0.098667 0.092667
2 0.457667 0.545333 0.099333 0.101333
2 0.384000 0.349667 0.144000 0.162000
2 0.381333 0.217667 0.089333 0.092667
2 0.472333 0.259667 0.118000 0.118000
2 0.473000 0.134333 0.108667 0.126000
2 0.382667 0.107333 0.113333 0.122667
2 0.579667 0.094000 0.088667 0.109333
2 0.679333 0.092667 0.109333 0.134667
2 0.774333 0.072667 0.108667 0.136000
2 0.915333 0.126667 0.090667 0.108000
2 0.820333 0.244000 0.119333 0.124000
2 0.924000 0.214667 0.100000 0.098667
2 0.638000 0.204000 0.205333 0.157333
2 0.548000 0.339333 0.113333 0.113333
2 0.633333 0.326667 0.098667 0.102667
2 0.727000 0.309333 0.072667 0.062667
2 0.725667 0.370000 0.075333 0.072000
2 0.884000 0.359333 0.092000 0.090667
2 0.805333 0.413000 0.104000 0.111333
2 0.719667 0.462333 0.110000 0.126000
3 0.797000 0.502333 0.084667 0.079333
2 0.884000 0.490000 0.094667 0.090667
2 0.619333 0.415000 0.098667 0.098000
2 0.594333 0.498667 0.115333 0.100000
2 0.513000 0.446333 0.122000 0.150000
2 0.588667 0.608000 0.137333 0.134667
2 0.478667 0.766333 0.128000 0.123333
2 0.495333 0.877000 0.138667 0.116667
2 0.568000 0.754000 0.101333 0.106667
2 0.580000 0.827000 0.044000 0.050000
2 0.649333 0.802333 0.074667 0.074000
2 0.649333 0.881667 0.113333 0.095333
2 0.742333 0.793667 0.096667 0.086000
2 0.735333 0.874667 0.077333 0.098667
3 0.827333 0.877000 0.102667 0.119333
2 0.831333 0.773333 0.094667 0.114667
2 0.688667 0.559333 0.098667 0.137333
2 0.814000 0.159000 0.057333 0.047333
2 0.956333 0.496333 0.047333 0.055333
2 0.941667 0.561667 0.076667 0.083333
3 0.871667 0.560333 0.078000 0.078000
2 0.850000 0.626667 0.093333 0.074667
2 0.789667 0.569667 0.096667 0.083333
3 0.763333 0.639000 0.100000 0.080667
3 0.926333 0.691000 0.115333 0.116667
3 0.910333 0.777333 0.072667 0.068000
3 0.916000 0.851000 0.074667 0.092667
2 0.679000 0.706000 0.143333 0.128000
2 0.182000 0.034000 0.114667 0.066667
2 0.036000 0.219333 0.070667 0.138667
0 0.484333 0.359667 0.052667 0.072667
0 0.339000 0.276333 0.044667 0.048667
3 0.125333 0.949000 0.090667 0.062000
2 0.254000 0.962000 0.090667 0.076000
2 0.354333 0.956667 0.122000 0.086667
0 0.397667 0.889000 0.042000 0.039333
0 0.847333 0.690333 0.049333 0.054000
0 0.966667 0.445333 0.061333 0.056000
0 0.896333 0.438667 0.063333 0.042667
2 0.922667 0.620667 0.050667 0.048000
