2 0.155000 0.075333 0.150000 0.144000
2 0.061333 0.081000 0.104000 0.108667
2 0.264000 0.074000 0.117333 0.146667
2 0.637667 0.102333 0.118000 0.110000
2 0.784000 0.087000 0.146667 0.148667
2 0.850667 0.177667 0.128000 0.146000
2 0.894333 0.289333 0.140667 0.141333
2 0.752000 0.191333 0.102667 0.093333
2 0.769000 0.288667 0.116667 0.109333
2 0.626333 0.206667 0.151333 0.154667
2 0.503333 0.249667 0.100000 0.126000
2 0.345333 0.164333 0.172000 0.130000
2 0.409000 0.266333 0.108667 0.115333
2 0.296667 0.274000 0.122667 0.161333
2 0.166000 0.301000 0.166667 0.156667
2 0.151333 0.167000 0.145333 0.103333
2 0.066000 0.208667 0.120000 0.130667
2 0.641000 0.324667 0.175333 0.118667
2 0.773667 0.390667 0.107333 0.102667
2 0.669667 0.421333 0.118000 0.094667
2 0.553000 0.421000 0.079333 0.086000
2 0.482667 0.361667 0.094667 0.088667
2 0.353333 0.404333 0.174667 0.147333
2 0.430333 0.444667 0.087333 0.074667
1 0.152000 0.397667 0.144000 0.103333
2 0.101667 0.485333 0.120667 0.097333
2 0.209667 0.495667 0.123333 0.126000
2 0.516000 0.491333 0.141333 0.154667
2 0.635000 0.497000 0.115333 0.140667
2 0.736667 0.502000 0.102667 0.130667
2 0.850667 0.457333 0.128000 0.161333
1 0.926667 0.582333 0.134667 0.142000
2 0.805000 0.592667 0.144667 0.142667
2 0.594000 0.618333 0.186667 0.160667
2 0.103333 0.620667 0.172000 0.190667
2 0.203000 0.607000 0.079333 0.083333
2 0.309000 0.584667 0.178000 0.170667
2 0.296000 0.697667 0.176000 0.127333
2 0.779000 0.722333 0.143333 0.116667
2 0.916667 0.722667 0.162667 0.186667
2 0.902000 0.908667 0.177333 0.169333
2 0.806000 0.828667 0.164000 0.132000
2 0.652000 0.761667 0.156000 0.188667
3 0.452667 0.778333 0.206667 0.178000
2 0.320333 0.808000 0.116667 0.098667
2 0.182667 0.827667 0.169333 0.212667
2 0.458333 0.922667 0.195333 0.146667
0 0.486333 0.165333 0.075333 0.072000
2 0.563667 0.074333 0.102000 0.147333
2 0.478333 0.072667 0.139333 0.144000
2 0.371000 0.063000 0.152667 0.124667
2 0.253667 0.379000 0.079333 0.088667
2 0.042333 0.405667 0.083333 0.095333
0 0.032000 0.483000 0.061333 0.079333
0 0.327000 0.462000 0.071333 0.070667
2 0.428333 0.560000 0.124667 0.150667
0 0.539000 0.680667 0.060667 0.038667
0 0.558000 0.734667 0.089333 0.078667
0 0.060333 0.858333 0.103333 0.094000
2 0.312667 0.926000 0.185333 0.148000
2 0.087000 0.943333 0.164667 0.113333
0 0.577333 0.860667 0.076000 0.086667
2 0.608000 0.950000 0.125333 0.100000
0 0.928667 0.815333 0.052000 0.058667
0 0.762000 0.885667 0.049333 0.059333
0 0.695333 0.859000 0.058667 0.051333
2 0.705667 0.613000 0.056667 0.096667
2 0.952333 0.444000 0.095333 0.165333
2 0.914000 0.062667 0.146667 0.124000
2 0.664000 0.053667 0.125333 0.106000
