3 0.519667 0.276000 0.112667 0.096000
2 0.576000 0.206667 0.097333 0.109333
2 0.571667 0.100333 0.111333 0.094000
2 0.675000 0.122000 0.095333 0.134667
2 0.764667 0.365000 0.136000 0.131333
0 0.178000 0.211333 0.148000 0.122667
0 0.070000 0.271000 0.081333 0.074000
0 0.416333 0.292000 0.038000 0.042667
0 0.489000 0.346000 0.035333 0.041333
0 0.510667 0.423000 0.048000 0.043333
0 0.417333 0.337000 0.041333 0.039333
0 0.457667 0.337333 0.035333 0.038667
0 0.264667 0.537667 0.038667 0.035333
0 0.473667 0.609333 0.044667 0.042667
0 0.051000 0.608333 0.040667 0.038000
0 0.085667 0.588667 0.036667 0.045333
0 0.060333 0.668333 0.043333 0.054000
0 0.119333 0.582000 0.028000 0.038667
0 0.162333 0.494667 0.026000 0.028000
0 0.250000 0.601333 0.033333 0.036000
0 0.230667 0.580667 0.025333 0.033333
0 0.090000 0.721667 0.041333 0.047333
0 0.141667 0.829333 0.119333 0.141333
0 0.573333 0.897000 0.145333 0.200667
0 0.727667 0.892000 0.230000 0.216000
0 0.837333 0.853000 0.164000 0.202000
0 0.904333 0.696667 0.191333 0.154667
0 0.931667 0.356000 0.102000 0.082667
0 0.703667 0.312333 0.092667 0.096667
0 0.680000 0.210333 0.049333 0.051333
0 0.765667 0.205333 0.087333 0.077333
0 0.834333 0.204333 0.056667 0.052667
0 0.912333 0.188667 0.075333 0.065333
0 0.929667 0.145000 0.051333 0.044667
0 0.980333 0.201667 0.039333 0.058000
0 0.788000 0.091000 0.080000 0.086000
0 0.870333 0.085333 0.083333 0.096000
0 0.945000 0.098667 0.063333 0.052000
0 0.729333 0.096667 0.046667 0.044000
2 0.573000 0.036000 0.135333 0.070667
