3 0.148667 0.089000 0.090667 0.086000
2 0.218667 0.168000 0.108000 0.104000
3 0.111000 0.263333 0.090000 0.101333
2 0.117000 0.356000 0.118000 0.097333
2 0.112333 0.438333 0.110000 0.082000
2 0.087000 0.515000 0.142000 0.110000
2 0.117000 0.623333 0.115333 0.101333
2 0.083333 0.729000 0.114667 0.090000
2 0.072000 0.845333 0.129333 0.137333
2 0.057000 0.947333 0.102000 0.100000
2 0.171667 0.914333 0.119333 0.155333
2 0.181667 0.739000 0.118000 0.147333
2 0.203667 0.569333 0.124667 0.134667
2 0.214000 0.440000 0.112000 0.126667
2 0.438000 0.104000 0.072000 0.073333
3 0.427000 0.180000 0.086000 0.070667
2 0.425000 0.260000 0.092667 0.092000
2 0.429333 0.335667 0.068000 0.040667
3 0.329667 0.301000 0.083333 0.076667
3 0.324000 0.379333 0.100000 0.072000
2 0.425000 0.407333 0.102000 0.092000
2 0.314667 0.458667 0.108000 0.102667
2 0.315333 0.561333 0.096000 0.102667
2 0.428667 0.516333 0.136000 0.120667
2 0.416000 0.614667 0.130667 0.098667
2 0.302333 0.675000 0.122000 0.115333
2 0.295333 0.787333 0.108000 0.106667
2 0.409000 0.811333 0.114000 0.136000
2 0.288333 0.901333 0.119333 0.134667
2 0.393667 0.914333 0.072667 0.083333
2 0.490333 0.908000 0.123333 0.114667
2 0.510667 0.826000 0.097333 0.088000
2 0.529333 0.725333 0.124000 0.113333
2 0.607667 0.766333 0.044667 0.064667
2 0.541000 0.606000 0.106000 0.122667
3 0.527333 0.098333 0.100000 0.082000
3 0.524333 0.171000 0.100667 0.078000
2 0.530667 0.240667 0.101333 0.100000
2 0.513333 0.336000 0.102667 0.106667
2 0.544333 0.445667 0.115333 0.115333
2 0.616667 0.567333 0.093333 0.130667
2 0.690333 0.498333 0.128667 0.115333
3 0.809667 0.484333 0.110000 0.107333
2 0.929333 0.353667 0.134667 0.082000
2 0.914000 0.277333 0.142667 0.076000
3 0.915333 0.193667 0.134667 0.088667
2 0.798667 0.108667 0.140000 0.110667
3 0.703333 0.245667 0.094667 0.126000
2 0.615333 0.262333 0.070667 0.079333
2 0.627667 0.342000 0.112667 0.108000
2 0.799333 0.206000 0.094667 0.077333
2 0.808667 0.364333 0.101333 0.103333
2 0.936333 0.455000 0.120667 0.118000
2 0.801667 0.606667 0.146000 0.124000
2 0.682667 0.611333 0.102667 0.074667
2 0.679333 0.684333 0.126667 0.095333
2 0.697000 0.765667 0.118000 0.070000
2 0.694333 0.853667 0.143333 0.123333
2 0.895333 0.862333 0.161333 0.120667
2 0.896667 0.765000 0.128000 0.102000
2 0.807667 0.710667 0.108667 0.090667
2 0.930667 0.601000 0.121333 0.128667
3 0.900333 0.686333 0.048667 0.052667
2 0.416000 0.701667 0.113333 0.090000
2 0.087667 0.067667 0.116667 0.127333
2 0.339333 0.068000 0.134667 0.134667
2 0.340000 0.157333 0.074667 0.061333
2 0.252333 0.098333 0.078000 0.070000
2 0.205667 0.275333 0.102000 0.112000
2 0.440667 0.035333 0.056000 0.060000
2 0.630333 0.080667 0.094000 0.082667
2 0.678000 0.120667 0.088000 0.097333
2 0.690667 0.946667 0.138667 0.106667
2 0.801333 0.917333 0.138667 0.165333
2 0.907333 0.947333 0.102667 0.105333
3 0.965667 0.724333 0.068667 0.114000
2 0.804000 0.280333 0.078667 0.064667
2 0.796333 0.036333 0.080667 0.062000
3 0.910333 0.068667 0.139333 0.136000
