3 0.243000 0.061000 0.127333 0.120667
0 0.101333 0.220000 0.201333 0.385333
0 0.208333 0.342000 0.230000 0.245333
0 0.467000 0.241333 0.500667 0.480000
0 0.490667 0.581667 0.285333 0.208667
0 0.418667 0.779667 0.300000 0.334000
0 0.297000 0.827000 0.578000 0.346000
0 0.731333 0.969333 0.029333 0.033333
0 0.743333 0.928333 0.020000 0.020667
0 0.904333 0.972333 0.152667 0.055333
0 0.930000 0.922000 0.098667 0.078667
0 0.918333 0.882667 0.028667 0.033333
0 0.868333 0.868000 0.094000 0.082667
0 0.777000 0.688667 0.351333 0.373333
0 0.966333 0.796667 0.051333 0.056000
0 0.969333 0.700333 0.061333 0.060667
0 0.898000 0.557000 0.104000 0.098000
0 0.833333 0.199667 0.333333 0.396667
0 0.690667 0.119667 0.168000 0.234000
