2 0.138333 0.098333 0.142000 0.128667
2 0.270667 0.085667 0.140000 0.120667
2 0.464667 0.099000 0.086667 0.083333
2 0.481333 0.196667 0.120000 0.134667
2 0.594667 0.155333 0.134667 0.168000
2 0.692333 0.072000 0.091333 0.098667
2 0.767333 0.106000 0.161333 0.158667
2 0.752667 0.235333 0.140000 0.136000
2 0.901000 0.195333 0.171333 0.226667
3 0.469000 0.373333 0.116667 0.114667
2 0.461000 0.462333 0.107333 0.090000
2 0.453000 0.551667 0.118000 0.111333
0 0.374667 0.469000 0.066667 0.084667
3 0.360333 0.561667 0.088667 0.078000
2 0.368333 0.640667 0.082000 0.084000
2 0.465333 0.642000 0.101333 0.074667
2 0.444333 0.735667 0.148667 0.126000
3 0.458333 0.892000 0.102000 0.105333
2 0.308333 0.881667 0.087333 0.135333
3 0.378667 0.905667 0.058667 0.102000
3 0.440333 0.820333 0.138000 0.054000
2 0.576333 0.786667 0.115333 0.136000
2 0.587667 0.918333 0.112667 0.116667
2 0.694000 0.922000 0.130667 0.129333
2 0.860333 0.941333 0.124667 0.093333
2 0.837667 0.850333 0.120667 0.086000
2 0.866000 0.763667 0.172000 0.120667
2 0.688667 0.813000 0.132000 0.094000
2 0.657000 0.710333 0.138000 0.116667
3 0.761333 0.706000 0.098667 0.102667
2 0.878000 0.651667 0.134667 0.119333
2 0.763333 0.605333 0.100000 0.093333
2 0.677000 0.597000 0.075333 0.104667
2 0.573000 0.601667 0.127333 0.142000
2 0.584000 0.302333 0.180000 0.146000
2 0.573667 0.391333 0.118000 0.085333
2 0.571667 0.478667 0.119333 0.106667
2 0.682667 0.472333 0.092000 0.152667
2 0.878667 0.530333 0.133333 0.128667
3 0.767333 0.393667 0.086667 0.086000
2 0.772000 0.490000 0.101333 0.118667
2 0.875667 0.365667 0.144667 0.175333
2 0.150000 0.215667 0.142667 0.127333
2 0.254000 0.206000 0.104000 0.102667
2 0.354333 0.189667 0.126000 0.115333
3 0.368667 0.283667 0.105333 0.096667
2 0.258333 0.282333 0.118000 0.075333
2 0.061667 0.369333 0.091333 0.065333
2 0.148667 0.335667 0.098667 0.115333
2 0.302333 0.361333 0.183333 0.102667
2 0.166000 0.435667 0.094667 0.090000
2 0.075667 0.587000 0.139333 0.118000
2 0.085333 0.688000 0.125333 0.092000
2 0.202000 0.536333 0.169333 0.119333
2 0.275667 0.462333 0.130000 0.123333
2 0.208667 0.636333 0.134667 0.086000
2 0.195667 0.726000 0.120667 0.101333
2 0.309000 0.730000 0.116667 0.134667
2 0.206333 0.816333 0.116667 0.087333
2 0.095667 0.859667 0.120667 0.120667
2 0.199333 0.908000 0.116000 0.112000
2 0.069333 0.256333 0.137333 0.162000
2 0.064000 0.468333 0.126667 0.132667
2 0.311333 0.615000 0.060000 0.052667
0 0.323000 0.961000 0.067333 0.059333
2 0.475667 0.961000 0.112667 0.078000
2 0.948000 0.915333 0.104000 0.125333
3 0.949000 0.827000 0.102000 0.108667
2 0.960333 0.610000 0.079333 0.109333
2 0.962333 0.505667 0.075333 0.091333
0 0.691000 0.347667 0.072667 0.076667
