2 0.218667 0.087000 0.156000 0.143333
2 0.122667 0.113333 0.102667 0.101333
2 0.215333 0.190000 0.148000 0.106667
2 0.166000 0.293000 0.182667 0.179333
2 0.201333 0.394000 0.129333 0.109333
2 0.313333 0.277000 0.156000 0.144667
2 0.427000 0.154000 0.158000 0.193333
2 0.569000 0.135000 0.152667 0.160667
2 0.687000 0.110000 0.142000 0.172000
2 0.800667 0.162667 0.122667 0.130667
2 0.820000 0.063000 0.146667 0.124667
2 0.933333 0.225667 0.132000 0.147333
2 0.814333 0.265667 0.120667 0.152667
2 0.739667 0.361000 0.127333 0.110000
2 0.700667 0.267667 0.108000 0.115333
2 0.617667 0.317000 0.083333 0.163333
3 0.559000 0.224667 0.086000 0.070667
2 0.507667 0.299000 0.144667 0.132667
2 0.407333 0.343333 0.100000 0.100000
2 0.329667 0.424667 0.147333 0.154667
2 0.458333 0.412333 0.107333 0.154000
2 0.569333 0.437333 0.124000 0.176000
1 0.661667 0.496000 0.152667 0.169333
2 0.776667 0.481667 0.165333 0.182000
1 0.732000 0.592000 0.181333 0.125333
2 0.887000 0.680333 0.142000 0.182000
2 0.741667 0.688667 0.187333 0.137333
2 0.707000 0.798333 0.138000 0.140667
2 0.811667 0.838667 0.142000 0.168000
1 0.918667 0.815667 0.102667 0.124667
2 0.582667 0.712000 0.125333 0.165333
2 0.548000 0.862000 0.144000 0.162667
2 0.434667 0.641333 0.162667 0.121333
2 0.447000 0.533333 0.146000 0.098667
2 0.309667 0.572333 0.171333 0.150000
2 0.206000 0.583000 0.102667 0.120667
2 0.121667 0.620000 0.124667 0.136000
2 0.088667 0.740000 0.170667 0.170667
2 0.270667 0.762667 0.160000 0.197333
2 0.201000 0.902333 0.180667 0.148667
2 0.343000 0.881333 0.112667 0.132000
1 0.442333 0.872000 0.103333 0.137333
2 0.447333 0.954667 0.098667 0.077333
2 0.662667 0.917000 0.132000 0.142000
2 0.444667 0.761667 0.168000 0.119333
0 0.309333 0.060667 0.088000 0.108000
0 0.559333 0.575667 0.076000 0.078000
0 0.039000 0.609667 0.066000 0.067333
0 0.295333 0.677667 0.100000 0.094000
2 0.162667 0.800000 0.068000 0.110667
2 0.884667 0.960000 0.093333 0.080000
2 0.922000 0.455000 0.156000 0.176667
1 0.930667 0.341667 0.138667 0.135333
