2 0.632667 0.870667 0.133333 0.137333
2 0.748667 0.887667 0.148000 0.147333
2 0.878667 0.875333 0.158667 0.110667
2 0.868000 0.801000 0.190667 0.118000
2 0.922667 0.732333 0.130667 0.094000
2 0.837667 0.698333 0.051333 0.048667
2 0.822333 0.633667 0.140667 0.111333
2 0.926000 0.636000 0.102667 0.096000
2 0.894000 0.551667 0.133333 0.080667
3 0.799333 0.491333 0.086667 0.070667
3 0.889333 0.461333 0.102667 0.105333
3 0.948667 0.424667 0.098667 0.101333
2 0.625000 0.681000 0.182000 0.142000
3 0.679000 0.769000 0.146000 0.084667
3 0.721667 0.633000 0.060667 0.064667
3 0.746000 0.353000 0.142667 0.108667
3 0.744333 0.259333 0.107333 0.101333
3 0.837667 0.255333 0.107333 0.134667
3 0.689667 0.196333 0.106000 0.080667
3 0.776333 0.161000 0.079333 0.090000
3 0.862667 0.148333 0.104000 0.087333
3 0.829333 0.073333 0.076000 0.096000
0 0.122333 0.086333 0.243333 0.171333
0 0.397667 0.049000 0.107333 0.096667
0 0.501333 0.062333 0.101333 0.112667
0 0.446000 0.165000 0.185333 0.190000
0 0.409667 0.292333 0.103333 0.094000
0 0.272333 0.359000 0.194000 0.223333
0 0.090000 0.454667 0.177333 0.164000
0 0.441333 0.438333 0.148000 0.131333
0 0.522667 0.357667 0.168000 0.199333
0 0.411333 0.552667 0.038667 0.041333
0 0.561333 0.490333 0.042667 0.040667
0 0.288000 0.660667 0.049333 0.058667
0 0.077000 0.665667 0.148667 0.167333
0 0.110333 0.846333 0.203333 0.172667
0 0.205667 0.902333 0.240667 0.195333
0 0.378000 0.914000 0.152000 0.172000
0 0.908667 0.961333 0.040000 0.049333
0 0.831333 0.980000 0.037333 0.040000
0 0.794333 0.731000 0.071333 0.066000
2 0.977000 0.800333 0.046000 0.075333
0 0.756000 0.447667 0.038667 0.032667
0 0.724667 0.083667 0.172000 0.163333
2 0.881000 0.057333 0.064667 0.109333
