2 0.166667 0.102667 0.162667 0.196000
2 0.311000 0.081000 0.120667 0.111333
2 0.434333 0.058000 0.210000 0.114667
2 0.789333 0.101000 0.136000 0.159333
2 0.896000 0.201000 0.196000 0.174000
2 0.575000 0.260333 0.118000 0.119333
2 0.452000 0.204667 0.161333 0.192000
2 0.296667 0.210333 0.192000 0.180667
2 0.080000 0.238000 0.156000 0.128000
2 0.148667 0.334333 0.140000 0.162000
2 0.260333 0.304000 0.106000 0.096000
2 0.305667 0.405333 0.138000 0.168000
2 0.424333 0.401000 0.150000 0.187333
2 0.525000 0.376667 0.098000 0.110667
2 0.544333 0.474667 0.146000 0.104000
2 0.625667 0.369000 0.114000 0.120667
2 0.739000 0.328333 0.171333 0.175333
2 0.868000 0.314333 0.132000 0.127333
2 0.922333 0.417667 0.151333 0.148667
1 0.780667 0.443333 0.126667 0.092000
2 0.803333 0.529000 0.138667 0.112667
2 0.663333 0.470333 0.128000 0.115333
2 0.673000 0.576333 0.136667 0.112667
2 0.561667 0.568000 0.098000 0.084000
2 0.834667 0.638000 0.178667 0.108000
2 0.771667 0.733667 0.139333 0.116667
2 0.917333 0.741333 0.156000 0.126667
2 0.819667 0.854333 0.179333 0.142000
2 0.561333 0.663000 0.137333 0.122000
2 0.553667 0.776000 0.119333 0.112000
2 0.432667 0.702667 0.182667 0.206667
2 0.220000 0.525333 0.200000 0.202667
2 0.113667 0.614667 0.176667 0.180000
2 0.150333 0.769333 0.151333 0.129333
2 0.364000 0.904000 0.173333 0.184000
0 0.044667 0.154667 0.086667 0.085333
0 0.488000 0.282333 0.116000 0.080667
0 0.519667 0.129000 0.070000 0.068667
0 0.679333 0.180667 0.064000 0.062667
0 0.751333 0.209000 0.056000 0.074000
0 0.198333 0.247000 0.048667 0.034000
0 0.162333 0.214000 0.068667 0.057333
0 0.561333 0.166333 0.074667 0.091333
2 0.644333 0.079333 0.166000 0.157333
2 0.068667 0.362667 0.136000 0.160000
0 0.260333 0.600667 0.068667 0.074667
2 0.358333 0.582667 0.039333 0.042667
2 0.066000 0.768000 0.066667 0.086667
0 0.327333 0.739333 0.025333 0.040000
0 0.091667 0.823667 0.074000 0.067333
0 0.473667 0.909333 0.035333 0.036000
3 0.555333 0.874333 0.058667 0.060667
3 0.174000 0.955333 0.060000 0.045333
0 0.639333 0.849333 0.109333 0.116000
2 0.919000 0.949667 0.150000 0.100667
2 0.942333 0.851333 0.112667 0.126667
2 0.960000 0.326667 0.068000 0.080000
0 0.910000 0.118000 0.066667 0.061333
