2 0.198000 0.072000 0.100000 0.132000
2 0.300000 0.091667 0.109333 0.148667
2 0.387000 0.079667 0.042000 0.058000
2 0.482667 0.053000 0.084000 0.086000
2 0.577333 0.056000 0.100000 0.110667
2 0.599000 0.144000 0.083333 0.076000
2 0.414000 0.165667 0.096000 0.078000
1 0.685333 0.121000 0.097333 0.111333
2 0.821667 0.112000 0.147333 0.165333
2 0.648667 0.227333 0.134667 0.101333
2 0.641667 0.317000 0.076667 0.080667
2 0.746000 0.320333 0.068000 0.090000
2 0.835333 0.306667 0.156000 0.170667
2 0.941000 0.276000 0.099333 0.162667
2 0.727000 0.481000 0.127333 0.080667
2 0.451000 0.509333 0.080667 0.073333
2 0.346000 0.491333 0.090667 0.093333
2 0.244667 0.497667 0.096000 0.086000
2 0.141000 0.505000 0.103333 0.082000
2 0.179667 0.423333 0.119333 0.078667
2 0.277667 0.422000 0.076667 0.076000
2 0.366667 0.412333 0.088000 0.090000
2 0.470333 0.421333 0.108667 0.094667
2 0.477333 0.351000 0.069333 0.051333
2 0.525667 0.304667 0.075333 0.097333
2 0.470333 0.263000 0.078000 0.088667
2 0.372333 0.258667 0.074000 0.086667
2 0.404333 0.339333 0.059333 0.062667
2 0.304000 0.337667 0.098667 0.088667
2 0.299333 0.261333 0.066667 0.061333
2 0.180667 0.236667 0.068000 0.074667
2 0.079000 0.363333 0.120667 0.101333
2 0.184333 0.331667 0.083333 0.110000
2 0.116000 0.278667 0.065333 0.062667
2 0.226333 0.588333 0.115333 0.087333
2 0.141667 0.668333 0.135333 0.119333
2 0.076667 0.869667 0.137333 0.111333
2 0.219000 0.781000 0.116667 0.106000
2 0.161333 0.882333 0.093333 0.103333
2 0.251333 0.890000 0.109333 0.140000
2 0.318667 0.793667 0.102667 0.116667
2 0.320333 0.671333 0.116667 0.128000
2 0.343667 0.574000 0.091333 0.084000
2 0.436667 0.584667 0.072000 0.070667
2 0.532000 0.596333 0.078667 0.080667
2 0.512000 0.694000 0.072000 0.106667
2 0.422333 0.684333 0.115333 0.115333
2 0.427000 0.806000 0.119333 0.120000
2 0.431333 0.914333 0.097333 0.106000
2 0.339667 0.908667 0.096667 0.097333
2 0.526000 0.904000 0.097333 0.134667
2 0.515333 0.790000 0.068000 0.085333
2 0.598667 0.684333 0.098667 0.148667
2 0.684667 0.706000 0.073333 0.092000
2 0.809667 0.584333 0.087333 0.123333
2 0.718333 0.564333 0.082000 0.075333
2 0.720000 0.641333 0.108000 0.114667
2 0.869333 0.687333 0.137333 0.129333
2 0.728667 0.808000 0.128000 0.104000
2 0.763667 0.744000 0.087333 0.101333
2 0.607667 0.817000 0.106000 0.116667
2 0.618333 0.916333 0.084667 0.090000
2 0.703000 0.883333 0.084667 0.098667
2 0.788333 0.924667 0.111333 0.118667
2 0.892333 0.881667 0.124667 0.171333
2 0.933000 0.797000 0.116667 0.126000
2 0.087667 0.065000 0.120667 0.128667
2 0.382000 0.031333 0.060000 0.061333
0 0.432667 0.106667 0.053333 0.053333
2 0.500000 0.187000 0.040000 0.042000
0 0.532000 0.227667 0.050667 0.050000
0 0.418000 0.230667 0.070667 0.060000
2 0.153000 0.177333 0.096667 0.081333
2 0.087333 0.253333 0.046667 0.046667
2 0.039000 0.161667 0.075333 0.107333
0 0.576000 0.339333 0.058667 0.057333
0 0.578667 0.388333 0.070667 0.058000
0 0.640667 0.393000 0.053333 0.059333
0 0.596667 0.444000 0.062667 0.065333
0 0.540333 0.480333 0.048667 0.056667
0 0.242667 0.361000 0.053333 0.060667
2 0.051333 0.640333 0.100000 0.243333
2 0.078333 0.764333 0.107333 0.076667
2 0.841667 0.972000 0.091333 0.056000
2 0.925333 0.593000 0.149333 0.160667
2 0.935333 0.478333 0.129333 0.127333
2 0.898667 0.398667 0.105333 0.096000
