2 0.336333 0.104000 0.110000 0.109333
2 0.784333 0.139333 0.150000 0.146667
2 0.673667 0.148333 0.107333 0.135333
2 0.561000 0.147667 0.126000 0.152667
2 0.446333 0.168333 0.116667 0.114000
2 0.330667 0.196667 0.076000 0.070667
2 0.184667 0.297000 0.124000 0.140667
2 0.368000 0.295667 0.126667 0.123333
2 0.479333 0.276000 0.096000 0.096000
2 0.563333 0.262667 0.094667 0.102667
2 0.660000 0.270000 0.101333 0.097333
3 0.762000 0.249667 0.056000 0.059333
3 0.861000 0.266333 0.090000 0.068667
2 0.873000 0.365667 0.124667 0.130000
2 0.746333 0.359333 0.152667 0.145333
2 0.625333 0.367667 0.098667 0.092667
2 0.522333 0.386000 0.151333 0.132000
2 0.330333 0.481333 0.148667 0.168000
3 0.437000 0.482667 0.055333 0.066667
3 0.575000 0.489333 0.078000 0.072000
2 0.685333 0.489333 0.130667 0.105333
2 0.813333 0.520333 0.136000 0.179333
2 0.920667 0.523000 0.140000 0.184667
2 0.740000 0.600333 0.101333 0.094000
2 0.565333 0.609667 0.201333 0.179333
2 0.439333 0.599667 0.164000 0.168667
2 0.466000 0.694333 0.146667 0.110000
2 0.332667 0.601667 0.108000 0.127333
2 0.247333 0.600333 0.078667 0.075333
2 0.199333 0.520333 0.136000 0.156667
2 0.102667 0.541000 0.142667 0.150000
2 0.078333 0.636333 0.142000 0.144667
2 0.245333 0.699000 0.130667 0.119333
2 0.356000 0.756667 0.100000 0.098667
2 0.623000 0.760000 0.083333 0.092000
2 0.743000 0.816000 0.192667 0.265333
2 0.386667 0.882000 0.141333 0.133333
3 0.558333 0.923333 0.128667 0.126667
3 0.175667 0.880333 0.099333 0.079333
2 0.245333 0.699000 0.130667 0.119333
2 0.248667 0.126000 0.065333 0.088000
0 0.155000 0.022000 0.023333 0.025333
0 0.100667 0.012333 0.021333 0.023333
0 0.379667 0.029333 0.031333 0.028000
0 0.443000 0.068000 0.106000 0.104000
0 0.550333 0.066333 0.094000 0.067333
3 0.662333 0.057333 0.096667 0.081333
2 0.092000 0.403667 0.090667 0.110000
0 0.271667 0.381000 0.082000 0.079333
0 0.023667 0.257667 0.032667 0.035333
3 0.422333 0.381000 0.060667 0.070000
2 0.035333 0.724333 0.069333 0.092667
0 0.134333 0.801667 0.055333 0.054000
0 0.154667 0.665000 0.050667 0.068667
0 0.197667 0.793333 0.027333 0.033333
0 0.229333 0.785000 0.030667 0.028667
0 0.098000 0.867000 0.036000 0.035333
0 0.086000 0.923333 0.105333 0.088000
0 0.171667 0.954333 0.079333 0.084667
2 0.365333 0.954667 0.052000 0.044000
2 0.451333 0.947667 0.093333 0.104667
0 0.504333 0.836000 0.056667 0.070667
0 0.457667 0.799000 0.048667 0.060667
0 0.966000 0.886667 0.064000 0.076000
0 0.906000 0.862667 0.090667 0.074667
0 0.650333 0.557667 0.038000 0.052667
3 0.925667 0.065333 0.095333 0.128000
2 0.813000 0.047333 0.147333 0.093333
