2 0.465333 0.142000 0.121333 0.122667
2 0.671667 0.482333 0.106000 0.108667
2 0.717667 0.383000 0.083333 0.079333
3 0.852333 0.339000 0.119333 0.114000
3 0.951667 0.326667 0.082000 0.094667
2 0.484667 0.647000 0.165333 0.162000
3 0.940000 0.547667 0.098667 0.106000
2 0.859000 0.654333 0.086000 0.086000
2 0.764667 0.672000 0.130667 0.140000
2 0.645000 0.704000 0.119333 0.096000
2 0.559000 0.749000 0.119333 0.106000
2 0.588000 0.839333 0.128000 0.128000
2 0.708333 0.810000 0.123333 0.128000
2 0.818667 0.808000 0.100000 0.129333
2 0.917000 0.794667 0.144667 0.194667
2 0.712667 0.933000 0.129333 0.131333
2 0.422333 0.864333 0.104667 0.147333
2 0.301333 0.801667 0.172000 0.158000
2 0.234333 0.667000 0.216667 0.208667
3 0.122333 0.026667 0.056667 0.052000
0 0.371667 0.033667 0.046000 0.052667
0 0.327000 0.061333 0.028667 0.037333
0 0.189000 0.102333 0.103333 0.103333
2 0.094333 0.144667 0.036667 0.046667
0 0.126667 0.143667 0.028000 0.044667
0 0.539667 0.210000 0.066000 0.052000
0 0.419000 0.256667 0.055333 0.049333
0 0.325667 0.252000 0.088667 0.085333
0 0.279000 0.205667 0.048667 0.046000
0 0.185000 0.242333 0.076667 0.070000
0 0.083000 0.210333 0.100667 0.096667
0 0.084667 0.303000 0.108000 0.102000
1 0.180667 0.340333 0.070667 0.064667
0 0.064000 0.405667 0.113333 0.108667
0 0.175000 0.421000 0.094000 0.103333
0 0.387667 0.375333 0.072667 0.072000
0 0.455333 0.310667 0.042667 0.053333
0 0.478000 0.397333 0.110667 0.113333
0 0.264000 0.436000 0.088000 0.114667
0 0.328667 0.432333 0.066667 0.075333
0 0.634667 0.298667 0.092000 0.085333
0 0.679333 0.040667 0.048000 0.038667
0 0.537667 0.044667 0.036667 0.050667
0 0.031667 0.491333 0.062000 0.074667
0 0.128000 0.509333 0.061333 0.060000
0 0.353000 0.551000 0.082000 0.079333
0 0.495000 0.493000 0.103333 0.088667
0 0.571667 0.507667 0.060667 0.067333
0 0.587333 0.414667 0.084000 0.101333
0 0.657667 0.396667 0.056667 0.065333
0 0.684000 0.539667 0.126667 0.088667
2 0.723667 0.591333 0.036667 0.037333
0 0.439000 0.554333 0.126000 0.112667
0 0.092000 0.713000 0.080000 0.072667
0 0.644333 0.612000 0.102000 0.086667
0 0.558667 0.596333 0.061333 0.059333
2 0.467000 0.752333 0.046000 0.050000
3 0.060000 0.819333 0.085333 0.081333
2 0.123667 0.919667 0.052667 0.052667
3 0.205000 0.921333 0.095333 0.093333
2 0.408667 0.963667 0.117333 0.072667
3 0.580000 0.933333 0.112000 0.081333
0 0.503333 0.834000 0.036000 0.040000
2 0.490667 0.926333 0.040000 0.042000
0 0.838667 0.912333 0.046667 0.044667
0 0.941000 0.906333 0.068667 0.050000
0 0.957667 0.871667 0.076667 0.058000
2 0.908667 0.940333 0.037333 0.036667
0 0.945333 0.668667 0.056000 0.054667
0 0.829000 0.557000 0.066000 0.038000
1 0.920667 0.423667 0.052000 0.046000
0 0.822000 0.455667 0.090667 0.092667
