3 0.933667 0.546667 0.132667 0.158667
3 0.837000 0.570667 0.083333 0.093333
2 0.863333 0.690667 0.144000 0.128000
2 0.886000 0.806667 0.160000 0.124000
3 0.724333 0.910000 0.139333 0.158667
2 0.853333 0.894000 0.133333 0.160000
2 0.609000 0.917667 0.114000 0.112667
3 0.734333 0.794000 0.080667 0.076000
2 0.741000 0.687000 0.108667 0.110000
3 0.740333 0.580333 0.090000 0.092667
3 0.735000 0.487333 0.084667 0.070667
0 0.512667 0.206667 0.240000 0.210667
0 0.705333 0.083000 0.032000 0.031333
2 0.603667 0.400333 0.048667 0.050000
2 0.735667 0.403000 0.050000 0.046000
0 0.519667 0.681667 0.383333 0.375333
0 0.164667 0.815667 0.328000 0.368667
0 0.390667 0.946333 0.048000 0.066000
0 0.452333 0.931667 0.063333 0.067333
2 0.629000 0.807000 0.072667 0.080667
0 0.775667 0.381333 0.032667 0.030667
0 0.817667 0.375000 0.022000 0.024667
0 0.833000 0.354667 0.034000 0.037333
0 0.883000 0.370667 0.024667 0.034667
