3 0.112333 0.129333 0.118000 0.094667
3 0.056000 0.057667 0.102667 0.083333
3 0.230000 0.094667 0.122667 0.097333
2 0.311667 0.090667 0.080667 0.086667
3 0.190333 0.200333 0.110000 0.136667
3 0.111667 0.235667 0.124667 0.123333
3 0.137333 0.328000 0.060000 0.064000
3 0.284667 0.259333 0.093333 0.096000
3 0.358333 0.229667 0.095333 0.114000
3 0.431333 0.049000 0.100000 0.094000
3 0.417333 0.132333 0.092000 0.080667
3 0.427667 0.197667 0.076667 0.072667
2 0.509333 0.132000 0.102667 0.100000
2 0.514333 0.249000 0.116667 0.108667
2 0.077000 0.422000 0.116667 0.104000
2 0.176667 0.379667 0.096000 0.116667
2 0.251333 0.363333 0.054667 0.062667
2 0.266000 0.429667 0.108000 0.083333
2 0.322000 0.358000 0.098667 0.126667
2 0.410333 0.313333 0.122000 0.132000
2 0.575667 0.338667 0.078000 0.096000
2 0.496000 0.349000 0.093333 0.096667
2 0.495000 0.426000 0.111333 0.093333
3 0.381667 0.467667 0.118000 0.128667
3 0.095000 0.500667 0.124667 0.097333
3 0.138667 0.562000 0.070667 0.068000
3 0.226333 0.515000 0.110000 0.098000
2 0.298667 0.495000 0.068000 0.083333
2 0.263000 0.602667 0.119333 0.098667
3 0.171667 0.620000 0.083333 0.092000
3 0.081333 0.634333 0.128000 0.104667
3 0.127000 0.704000 0.114000 0.106667
2 0.152000 0.795000 0.108000 0.080667
3 0.053667 0.810000 0.091333 0.102667
3 0.081000 0.892333 0.086000 0.086000
3 0.160333 0.874667 0.106000 0.090667
3 0.196667 0.942000 0.122667 0.086667
2 0.376333 0.931667 0.128667 0.107333
2 0.392333 0.820667 0.078000 0.101333
2 0.475667 0.809667 0.083333 0.112667
2 0.538667 0.756000 0.062667 0.072000
2 0.616667 0.766000 0.085333 0.133333
2 0.656000 0.697000 0.066667 0.062000
2 0.594000 0.642000 0.064000 0.056000
2 0.576333 0.697333 0.056667 0.064000
2 0.522333 0.679333 0.054000 0.064000
2 0.449333 0.687000 0.089333 0.076667
2 0.448667 0.614333 0.076000 0.060667
2 0.449333 0.534667 0.125333 0.104000
3 0.543333 0.498333 0.132000 0.110000
2 0.546667 0.589333 0.061333 0.066667
3 0.629000 0.563000 0.084667 0.108667
3 0.669000 0.631000 0.083333 0.075333
2 0.743333 0.661667 0.068000 0.075333
3 0.755667 0.588667 0.079333 0.076000
3 0.692333 0.528667 0.114000 0.104000
3 0.770333 0.499000 0.058000 0.075333
3 0.831000 0.565000 0.083333 0.098000
3 0.903333 0.544667 0.072000 0.092000
2 0.682000 0.444000 0.112000 0.101333
2 0.784000 0.414667 0.097333 0.101333
3 0.860333 0.446667 0.086000 0.096000
3 0.934667 0.433000 0.065333 0.084667
3 0.872000 0.357333 0.104000 0.082667
3 0.944333 0.340000 0.074000 0.090667
3 0.764667 0.316333 0.100000 0.084667
2 0.682667 0.270667 0.094667 0.134667
2 0.676333 0.066333 0.115333 0.102000
2 0.803333 0.096333 0.102667 0.119333
2 0.886000 0.070667 0.070667 0.090667
2 0.741667 0.180667 0.087333 0.069333
2 0.717333 0.137000 0.064000 0.051333
3 0.776333 0.238667 0.076667 0.065333
3 0.839000 0.213667 0.090000 0.076667
3 0.855000 0.151000 0.080667 0.062000
3 0.909667 0.189333 0.059333 0.074667
3 0.948333 0.247000 0.084667 0.090000
3 0.866667 0.274000 0.088000 0.077333
3 0.955000 0.099000 0.080667 0.083333
3 0.127000 0.048667 0.087333 0.096000
2 0.040000 0.172667 0.078667 0.133333
2 0.056000 0.277000 0.098667 0.095333
2 0.048667 0.344333 0.096000 0.091333
2 0.036000 0.603333 0.070667 0.093333
2 0.038000 0.727333 0.058667 0.089333
0 0.294333 0.722000 0.219333 0.201333
2 0.070667 0.964000 0.125333 0.072000
2 0.289000 0.965667 0.063333 0.068667
1 0.503333 0.872333 0.085333 0.058000
0 0.612000 0.874667 0.049333 0.052000
0 0.807667 0.945000 0.087333 0.110000
0 0.887000 0.798667 0.039333 0.050667
0 0.943667 0.788667 0.060667 0.054667
3 0.970333 0.170333 0.059333 0.071333
