1 0.146000 0.088667 0.098667 0.162667
1 0.261667 0.113667 0.152667 0.212667
2 0.400667 0.106000 0.100000 0.110667
1 0.499333 0.101000 0.110667 0.110000
2 0.604333 0.052333 0.084667 0.087333
2 0.564667 0.147000 0.074667 0.095333
2 0.640333 0.154333 0.092667 0.122000
2 0.467333 0.217667 0.120000 0.120667
1 0.552667 0.239333 0.070667 0.100000
2 0.628667 0.273333 0.097333 0.114667
1 0.111000 0.253333 0.220667 0.189333
1 0.148333 0.379667 0.148667 0.147333
1 0.091667 0.495333 0.110000 0.096000
1 0.252000 0.448333 0.089333 0.095333
1 0.324333 0.342333 0.147333 0.150000
2 0.414667 0.315667 0.080000 0.100667
2 0.516667 0.335667 0.126667 0.123333
2 0.620000 0.390000 0.100000 0.101333
2 0.477333 0.427333 0.133333 0.109333
2 0.569667 0.489333 0.112667 0.100000
1 0.449667 0.524000 0.116667 0.117333
2 0.354000 0.471333 0.093333 0.100000
1 0.191000 0.563000 0.152667 0.152667
2 0.061000 0.632333 0.120667 0.172667
2 0.187333 0.679000 0.173333 0.107333
2 0.164000 0.778000 0.229333 0.114667
1 0.125667 0.906000 0.175333 0.136000
1 0.230667 0.854667 0.104000 0.110667
2 0.320333 0.890333 0.142000 0.183333
1 0.430667 0.855000 0.093333 0.115333
2 0.521000 0.904667 0.082000 0.110667
2 0.623667 0.930333 0.107333 0.118000
2 0.653667 0.825333 0.115333 0.122667
2 0.547333 0.786000 0.109333 0.134667
2 0.478000 0.746333 0.098667 0.106000
1 0.354333 0.720000 0.154000 0.136000
1 0.319000 0.587333 0.119333 0.124000
2 0.436667 0.632667 0.108000 0.100000
2 0.523000 0.663000 0.091333 0.094000
2 0.529667 0.574667 0.083333 0.081333
2 0.632667 0.591333 0.117333 0.104000
2 0.647333 0.690667 0.126667 0.116000
3 0.802667 0.800333 0.062667 0.083333
2 0.874333 0.918333 0.166000 0.150000
2 0.916667 0.690000 0.132000 0.112000
2 0.905667 0.586000 0.174000 0.104000
2 0.804333 0.491333 0.187333 0.181333
2 0.775667 0.182333 0.175333 0.211333
2 0.923667 0.197000 0.135333 0.171333
2 0.056667 0.126667 0.110667 0.120000
1 0.044333 0.411000 0.087333 0.131333
2 0.402333 0.944000 0.172667 0.112000
0 0.728333 0.951000 0.066000 0.062000
0 0.798000 0.944000 0.056000 0.050667
0 0.746667 0.858667 0.109333 0.110667
0 0.849333 0.773333 0.072000 0.077333
0 0.912333 0.816333 0.104667 0.075333
0 0.939333 0.766667 0.046667 0.046667
2 0.773667 0.602667 0.067333 0.065333
0 0.695333 0.348667 0.076000 0.078667
0 0.715333 0.416000 0.052000 0.049333
2 0.791667 0.296667 0.099333 0.078667
2 0.863667 0.059667 0.210000 0.118000
0 0.721667 0.028333 0.063333 0.054000
0 0.721667 0.105667 0.068667 0.076667
2 0.969667 0.061000 0.060667 0.120667
