2 0.870333 0.535667 0.150000 0.159333
2 0.833333 0.670667 0.252000 0.201333
2 0.730000 0.739667 0.200000 0.151333
2 0.884667 0.842667 0.206667 0.209333
2 0.746000 0.842667 0.124000 0.088000
2 0.624333 0.872667 0.166000 0.164000
3 0.215333 0.657333 0.160000 0.144000
2 0.300000 0.551000 0.152000 0.156667
2 0.221333 0.471333 0.200000 0.172000
2 0.100000 0.390000 0.157333 0.109333
2 0.127333 0.289333 0.169333 0.136000
2 0.294667 0.331667 0.193333 0.156667
2 0.288333 0.179667 0.150000 0.152667
2 0.420333 0.214333 0.152667 0.136667
2 0.366000 0.085667 0.153333 0.151333
2 0.499333 0.084667 0.122667 0.165333
2 0.094667 0.132333 0.162667 0.200667
2 0.206667 0.135667 0.134667 0.154000
2 0.734667 0.936667 0.126667 0.125333
3 0.173667 0.829333 0.054000 0.053333
2 0.158000 0.881667 0.064000 0.050000
2 0.921000 0.965667 0.120667 0.068667
2 0.961667 0.550667 0.076667 0.134667
0 0.940333 0.438000 0.102000 0.101333
0 0.821000 0.398667 0.110000 0.132000
0 0.815667 0.228000 0.119333 0.101333
0 0.868000 0.284000 0.066667 0.057333
3 0.895667 0.172667 0.084667 0.072000
0 0.881667 0.089000 0.074000 0.072667
2 0.948667 0.096000 0.062667 0.056000
2 0.963667 0.026667 0.051333 0.052000
