2 0.099333 0.083000 0.161333 0.159333
2 0.104000 0.227000 0.134667 0.119333
2 0.197333 0.172667 0.096000 0.080000
3 0.303333 0.245000 0.133333 0.144667
2 0.210000 0.276000 0.101333 0.088000
2 0.091000 0.327667 0.142000 0.112667
2 0.111000 0.432333 0.120667 0.103333
2 0.187333 0.372667 0.060000 0.061333
3 0.266667 0.360000 0.121333 0.094667
3 0.200667 0.465667 0.105333 0.114000
2 0.114000 0.540000 0.121333 0.096000
2 0.384667 0.343667 0.098667 0.088667
2 0.313000 0.451000 0.122000 0.112667
2 0.329333 0.542000 0.098667 0.113333
2 0.227000 0.557667 0.116667 0.083333
2 0.327000 0.636333 0.088667 0.083333
2 0.221667 0.657333 0.139333 0.117333
2 0.116333 0.630667 0.095333 0.086667
2 0.049333 0.714333 0.089333 0.091333
2 0.095333 0.823333 0.069333 0.081333
2 0.165667 0.785000 0.116667 0.114000
2 0.211667 0.863000 0.124667 0.127333
3 0.265667 0.945667 0.083333 0.087333
3 0.352333 0.908333 0.114000 0.115333
3 0.318667 0.821667 0.128000 0.087333
3 0.262667 0.739000 0.101333 0.086000
3 0.330667 0.720000 0.062667 0.094667
2 0.414333 0.681667 0.119333 0.120667
3 0.428000 0.590000 0.096000 0.081333
2 0.391000 0.499000 0.067333 0.106000
2 0.471000 0.483667 0.112667 0.108667
2 0.428667 0.397667 0.092000 0.083333
3 0.498000 0.400000 0.080000 0.093333
2 0.456333 0.291333 0.108667 0.106667
2 0.549333 0.560333 0.113333 0.111333
2 0.635333 0.537000 0.074667 0.118000
2 0.694667 0.524667 0.073333 0.106667
2 0.765333 0.492000 0.068000 0.086667
3 0.839667 0.454333 0.088667 0.114000
3 0.929333 0.579000 0.096000 0.087333
3 0.807667 0.556667 0.134000 0.088000
3 0.846333 0.626000 0.111333 0.096000
2 0.615333 0.628333 0.052000 0.050000
2 0.557000 0.652333 0.087333 0.084667
3 0.491667 0.670333 0.084667 0.110000
2 0.455667 0.784333 0.120667 0.104667
2 0.483667 0.872000 0.115333 0.090667
2 0.480667 0.953667 0.134667 0.082000
2 0.577000 0.898333 0.078000 0.079333
3 0.550000 0.745333 0.076000 0.073333
2 0.577667 0.807333 0.115333 0.089333
3 0.690000 0.833667 0.132000 0.122000
3 0.705667 0.946333 0.110000 0.094000
3 0.766667 0.761333 0.106667 0.108000
3 0.688333 0.697667 0.108667 0.130000
3 0.756333 0.649667 0.094000 0.098000
2 0.684000 0.608000 0.064000 0.060000
3 0.865333 0.715000 0.132000 0.104667
3 0.854667 0.808667 0.105333 0.094667
3 0.933333 0.869000 0.078667 0.092667
3 0.848000 0.885667 0.125333 0.092667
3 0.573667 0.374000 0.092667 0.082667
2 0.590333 0.461000 0.087333 0.087333
2 0.676333 0.441333 0.082000 0.073333
2 0.755667 0.403667 0.112667 0.090000
3 0.903667 0.334333 0.119333 0.087333
3 0.755667 0.319667 0.126000 0.114000
2 0.666000 0.342667 0.100000 0.093333
3 0.556667 0.280333 0.101333 0.104667
3 0.650000 0.253000 0.124000 0.108667
3 0.779667 0.237667 0.114000 0.086000
3 0.897000 0.258667 0.120667 0.105333
2 0.833333 0.176667 0.118667 0.102667
2 0.930667 0.147667 0.090667 0.136667
2 0.833333 0.076000 0.129333 0.112000
3 0.745333 0.118333 0.094667 0.142000
2 0.654667 0.123333 0.102667 0.140000
2 0.559667 0.147000 0.120667 0.143333
3 0.489667 0.090333 0.078000 0.116667
2 0.193000 0.071333 0.088667 0.117333
2 0.281000 0.058667 0.128667 0.116000
0 0.409000 0.126667 0.111333 0.142667
2 0.319667 0.128000 0.074000 0.092000
0 0.414333 0.235000 0.058000 0.067333
2 0.572667 0.046333 0.152000 0.091333
0 0.486333 0.184000 0.038000 0.046667
2 0.137000 0.689333 0.111333 0.093333
0 0.383667 0.788000 0.056667 0.070667
2 0.059000 0.899000 0.116667 0.112667
2 0.172667 0.951000 0.108000 0.098000
2 0.610667 0.703667 0.062667 0.114000
0 0.763333 0.870333 0.056000 0.052667
0 0.971667 0.906333 0.056667 0.068667
2 0.940333 0.490000 0.119333 0.148000
2 0.952667 0.389667 0.094667 0.108667
