2 0.239000 0.077667 0.215333 0.154000
2 0.169667 0.191333 0.176667 0.126667
2 0.057667 0.324000 0.100667 0.100000
2 0.178333 0.319000 0.147333 0.140667
2 0.297333 0.283667 0.124000 0.119333
2 0.416000 0.260000 0.102667 0.092000
2 0.407000 0.157333 0.110000 0.128000
2 0.515000 0.147667 0.118000 0.214000
2 0.634667 0.240667 0.109333 0.158667
2 0.677000 0.099667 0.135333 0.182000
2 0.784667 0.144000 0.140000 0.196000
2 0.897333 0.136000 0.088000 0.170667
2 0.919667 0.386667 0.112667 0.136000
2 0.754000 0.298333 0.165333 0.143333
2 0.727000 0.437667 0.122000 0.147333
2 0.833333 0.411667 0.106667 0.142000
2 0.945333 0.486333 0.100000 0.108667
2 0.831333 0.522000 0.138667 0.121333
2 0.952333 0.580667 0.095333 0.100000
2 0.850667 0.606667 0.097333 0.068000
2 0.824333 0.683000 0.091333 0.087333
2 0.938000 0.694333 0.124000 0.127333
2 0.764667 0.887333 0.113333 0.109333
2 0.594667 0.452667 0.132000 0.134667
2 0.565333 0.332333 0.160000 0.175333
2 0.452000 0.379667 0.133333 0.158000
2 0.432000 0.480000 0.085333 0.101333
2 0.331000 0.406667 0.147333 0.173333
2 0.172667 0.420000 0.200000 0.102667
2 0.161667 0.529333 0.216667 0.166667
2 0.190333 0.608000 0.095333 0.090667
2 0.298000 0.569333 0.128000 0.137333
3 0.414667 0.567667 0.089333 0.076667
2 0.358000 0.682333 0.133333 0.142000
2 0.470000 0.687000 0.097333 0.146000
2 0.586000 0.640333 0.190667 0.198000
2 0.743667 0.700333 0.052667 0.063333
2 0.155667 0.718667 0.174000 0.136000
2 0.065333 0.642000 0.126667 0.113333
2 0.313333 0.812000 0.138667 0.157333
2 0.203667 0.824667 0.116667 0.109333
2 0.467333 0.847667 0.102667 0.096667
3 0.427667 0.790667 0.084667 0.077333
2 0.141667 0.099333 0.084667 0.096000
2 0.416333 0.059667 0.168667 0.118000
2 0.549667 0.058333 0.131333 0.115333
2 0.311333 0.187000 0.116000 0.122000
0 0.511333 0.530333 0.086667 0.110000
0 0.689667 0.552000 0.091333 0.082667
0 0.258667 0.664333 0.064000 0.074000
2 0.045333 0.732333 0.068000 0.080667
2 0.553667 0.759000 0.115333 0.083333
0 0.679333 0.701000 0.082667 0.110000
2 0.122333 0.823000 0.043333 0.050000
0 0.487667 0.772000 0.052667 0.049333
2 0.557333 0.817333 0.050667 0.049333
2 0.680000 0.787667 0.062667 0.059333
2 0.349000 0.862333 0.038000 0.046000
2 0.375667 0.846667 0.032667 0.040000
0 0.252000 0.916333 0.112000 0.095333
2 0.102000 0.933000 0.178667 0.134000
0 0.564000 0.888667 0.088000 0.105333
0 0.602000 0.842000 0.074667 0.072000
0 0.679333 0.916000 0.081333 0.092000
0 0.616333 0.937333 0.042000 0.044000
2 0.463000 0.939000 0.159333 0.122000
2 0.832667 0.964667 0.084000 0.070667
2 0.839667 0.867667 0.056667 0.068667
2 0.936000 0.967333 0.104000 0.065333
0 0.893667 0.869333 0.064667 0.108000
2 0.802333 0.774333 0.040667 0.034000
0 0.955333 0.793333 0.068000 0.072000
2 0.857667 0.297333 0.078000 0.108000
