2 0.154333 0.064333 0.110000 0.124667
2 0.108333 0.226667 0.104667 0.105333
2 0.099333 0.157333 0.050667 0.056000
2 0.251667 0.139333 0.082000 0.072000
2 0.217000 0.225000 0.115333 0.115333
2 0.181333 0.317667 0.125333 0.118000
2 0.080667 0.328000 0.098667 0.100000
2 0.063000 0.438667 0.114000 0.090667
2 0.062667 0.523333 0.109333 0.081333
2 0.064667 0.635333 0.113333 0.130667
2 0.089000 0.718000 0.054000 0.070667
2 0.161333 0.732333 0.068000 0.080667
2 0.184000 0.410667 0.100000 0.076000
2 0.248000 0.464000 0.138667 0.130667
2 0.237333 0.570000 0.096000 0.094667
2 0.170667 0.635000 0.106667 0.108667
2 0.109000 0.847000 0.119333 0.146000
2 0.202667 0.897000 0.065333 0.071333
2 0.229000 0.806667 0.110000 0.140000
2 0.342333 0.890667 0.108667 0.117333
2 0.328000 0.765667 0.093333 0.122000
2 0.334667 0.660667 0.101333 0.090667
2 0.329667 0.574667 0.086000 0.081333
2 0.350667 0.474667 0.092000 0.098667
2 0.388000 0.390000 0.105333 0.104000
2 0.284000 0.373333 0.086667 0.076000
2 0.299333 0.304333 0.116000 0.088667
2 0.323667 0.220667 0.104667 0.101333
2 0.339000 0.124667 0.087333 0.098667
2 0.420000 0.125333 0.097333 0.092000
2 0.414667 0.206667 0.092000 0.078667
2 0.413000 0.292667 0.114000 0.109333
2 0.488333 0.388667 0.091333 0.096000
2 0.814000 0.395667 0.109333 0.107333
2 0.916667 0.381000 0.088000 0.088667
2 0.902000 0.317000 0.066667 0.072667
2 0.810333 0.290000 0.111333 0.114667
2 0.707667 0.301667 0.094000 0.127333
2 0.612333 0.315667 0.084667 0.086000
2 0.519000 0.299000 0.114000 0.099333
2 0.524333 0.110333 0.106000 0.111333
2 0.516000 0.208667 0.102667 0.094667
2 0.617667 0.212333 0.119333 0.126000
2 0.607667 0.106000 0.078000 0.100000
2 0.702000 0.111667 0.105333 0.124667
1 0.800667 0.115000 0.080000 0.079333
1 0.902333 0.130667 0.111333 0.133333
2 0.814000 0.192000 0.101333 0.108000
2 0.894667 0.224000 0.065333 0.069333
2 0.930000 0.478667 0.110667 0.101333
2 0.819000 0.487667 0.086000 0.086000
2 0.956333 0.744333 0.086000 0.090000
2 0.941667 0.843333 0.095333 0.105333
3 0.944000 0.940000 0.094667 0.093333
2 0.578333 0.703000 0.111333 0.124667
2 0.665333 0.729333 0.070667 0.100000
2 0.609667 0.815667 0.082000 0.094000
2 0.720000 0.812667 0.097333 0.094667
3 0.775000 0.916333 0.110000 0.120667
3 0.839667 0.840000 0.088667 0.106667
2 0.864333 0.741333 0.080667 0.088000
2 0.763333 0.734000 0.092000 0.097333
2 0.712667 0.629667 0.109333 0.119333
2 0.815333 0.618667 0.106667 0.136000
2 0.884667 0.658000 0.054667 0.070667
2 0.701667 0.392000 0.048667 0.046667
2 0.697000 0.479667 0.120667 0.127333
2 0.422333 0.761333 0.082000 0.092000
2 0.457667 0.899000 0.067333 0.072667
3 0.559667 0.928667 0.090000 0.101333
3 0.652333 0.919000 0.083333 0.110000
2 0.512000 0.787000 0.097333 0.146000
2 0.460333 0.665000 0.111333 0.102000
2 0.418000 0.568000 0.093333 0.096000
2 0.531333 0.597333 0.113333 0.102667
2 0.579333 0.478667 0.104000 0.137333
2 0.477000 0.489333 0.111333 0.110667
2 0.045667 0.174000 0.090000 0.141333
2 0.268000 0.053667 0.114667 0.106000
2 0.362333 0.040333 0.095333 0.079333
1 0.457000 0.043333 0.122000 0.085333
1 0.564667 0.035333 0.093333 0.068000
1 0.029333 0.265667 0.057333 0.075333
0 0.159000 0.465667 0.042000 0.051333
0 0.260000 0.692333 0.064000 0.071333
0 0.077000 0.782667 0.076667 0.074667
3 0.479667 0.964667 0.106000 0.070667
0 0.713667 0.936667 0.058000 0.080000
3 0.841333 0.910333 0.042667 0.042000
2 0.959333 0.669000 0.081333 0.119333
0 0.624000 0.636333 0.069333 0.070000
0 0.621667 0.571333 0.068667 0.061333
2 0.949667 0.551333 0.100667 0.110667
1 0.975667 0.120000 0.048667 0.092000
1 0.971333 0.208333 0.057333 0.072667
2 0.773667 0.050667 0.115333 0.100000
1 0.872000 0.038000 0.102667 0.074667
2 0.953667 0.040333 0.082000 0.079333
