2 0.125667 0.153333 0.060667 0.064000
2 0.212000 0.064333 0.092000 0.111333
2 0.204333 0.161000 0.092667 0.087333
2 0.122333 0.285000 0.059333 0.078000
2 0.173667 0.277667 0.071333 0.110000
2 0.377000 0.097667 0.088667 0.096667
2 0.501333 0.099000 0.098667 0.114000
2 0.573000 0.047667 0.103333 0.086000
2 0.757000 0.085333 0.107333 0.130667
2 0.852667 0.083000 0.109333 0.126000
2 0.913333 0.136333 0.074667 0.091333
2 0.902667 0.227667 0.076000 0.082000
3 0.871000 0.325333 0.087333 0.094667
3 0.808333 0.399000 0.098000 0.108667
2 0.925667 0.488000 0.111333 0.100000
3 0.630667 0.499000 0.065333 0.060667
3 0.507000 0.441333 0.090000 0.101333
3 0.220333 0.439333 0.080667 0.074667
3 0.489333 0.351333 0.064000 0.068000
2 0.234000 0.321333 0.074667 0.064000
2 0.261667 0.222667 0.108667 0.125333
2 0.368667 0.326333 0.110667 0.112667
2 0.352000 0.211000 0.108000 0.123333
2 0.455667 0.198333 0.092667 0.110000
2 0.541000 0.233667 0.111333 0.136667
2 0.621000 0.147000 0.110000 0.120667
2 0.706333 0.195333 0.083333 0.104000
2 0.800000 0.203333 0.090667 0.108000
2 0.676333 0.386667 0.087333 0.108000
3 0.606333 0.391333 0.058000 0.081333
3 0.558333 0.373667 0.056667 0.083333
3 0.643000 0.255333 0.071333 0.073333
2 0.637333 0.311333 0.068000 0.061333
2 0.748000 0.288667 0.094667 0.093333
2 0.102667 0.062667 0.130667 0.124000
0 0.299333 0.135000 0.065333 0.062000
0 0.114667 0.210333 0.076000 0.067333
0 0.044667 0.294667 0.086667 0.101333
3 0.031000 0.413667 0.060667 0.086000
0 0.144000 0.453000 0.070667 0.059333
0 0.287667 0.449667 0.063333 0.064667
0 0.312000 0.492000 0.064000 0.081333
0 0.360333 0.518000 0.068667 0.068000
0 0.299000 0.393667 0.056667 0.054000
0 0.693667 0.522000 0.070000 0.064000
0 0.566333 0.500000 0.048667 0.041333
0 0.435667 0.849333 0.362000 0.301333
0 0.191333 0.774667 0.038667 0.040000
0 0.856000 0.859333 0.288000 0.278667
0 0.958667 0.692333 0.061333 0.048667
0 0.879667 0.542667 0.060667 0.049333
0 0.787667 0.476000 0.060667 0.062667
0 0.738000 0.427000 0.068000 0.066000
0 0.849333 0.488333 0.049333 0.048667
3 0.955000 0.401333 0.090000 0.088000
3 0.963000 0.317000 0.074000 0.086000
0 0.673333 0.098333 0.061333 0.055333
0 0.661000 0.035000 0.064667 0.062000
