2 0.714333 0.765667 0.186000 0.180667
2 0.668000 0.580333 0.129333 0.107333
2 0.792333 0.594667 0.122000 0.102667
2 0.817000 0.506000 0.118000 0.080000
2 0.767333 0.413333 0.100000 0.098667
2 0.861000 0.408000 0.084667 0.104000
2 0.810333 0.313667 0.119333 0.112667
2 0.719333 0.231667 0.093333 0.087333
3 0.700000 0.316333 0.114667 0.090000
2 0.681333 0.408667 0.102667 0.108000
2 0.584000 0.410667 0.097333 0.109333
3 0.464667 0.405000 0.066667 0.079333
2 0.518000 0.517000 0.140000 0.127333
3 0.514000 0.429000 0.040000 0.059333
2 0.369333 0.415333 0.134667 0.166667
2 0.169000 0.382333 0.183333 0.167333
2 0.192667 0.254333 0.169333 0.111333
2 0.123667 0.149000 0.212667 0.172667
2 0.310000 0.146333 0.134667 0.139333
2 0.400000 0.092667 0.126667 0.140000
2 0.379333 0.222000 0.124000 0.104000
2 0.513667 0.155333 0.148667 0.157333
2 0.728667 0.110667 0.136000 0.129333
2 0.621000 0.142333 0.110000 0.083333
2 0.620000 0.251667 0.133333 0.144667
2 0.516667 0.292667 0.140000 0.140000
2 0.136333 0.508000 0.123333 0.106667
3 0.389000 0.548000 0.112667 0.101333
2 0.294333 0.593333 0.112667 0.141333
2 0.198667 0.602667 0.081333 0.126667
2 0.121667 0.607333 0.075333 0.092000
3 0.141667 0.692000 0.102000 0.089333
2 0.052000 0.374000 0.094667 0.113333
3 0.157667 0.048333 0.088667 0.094000
2 0.527333 0.063667 0.132000 0.124667
2 0.630667 0.054667 0.100000 0.108000
2 0.045000 0.285667 0.088667 0.080667
0 0.280333 0.321333 0.102000 0.128000
0 0.384333 0.307333 0.103333 0.100000
0 0.441333 0.203000 0.065333 0.075333
2 0.061000 0.533000 0.120667 0.172667
2 0.041000 0.663000 0.080667 0.096667
0 0.322667 0.837333 0.290667 0.325333
2 0.463333 0.807333 0.046667 0.064000
2 0.485667 0.893000 0.067333 0.068667
0 0.637667 0.879000 0.108667 0.123333
0 0.668667 0.948667 0.056000 0.064000
0 0.951333 0.393000 0.097333 0.134000
0 0.873667 0.303667 0.111333 0.114000
2 0.829333 0.232333 0.033333 0.036667
2 0.918333 0.233000 0.048667 0.050000
2 0.933000 0.172333 0.054000 0.059333
2 0.968667 0.040667 0.046667 0.053333
