2 0.258667 0.197000 0.101333 0.107333
2 0.039000 0.258667 0.071333 0.061333
2 0.035333 0.316333 0.058667 0.056667
3 0.115333 0.291333 0.101333 0.109333
3 0.055667 0.438333 0.107333 0.079333
2 0.329333 0.425333 0.132000 0.108000
3 0.427000 0.483000 0.127333 0.115333
2 0.431333 0.383667 0.158667 0.083333
2 0.407333 0.290000 0.100000 0.118667
2 0.525667 0.269333 0.083333 0.096000
3 0.576000 0.357333 0.130667 0.094667
3 0.607000 0.265000 0.102000 0.095333
3 0.568333 0.171667 0.112667 0.087333
3 0.658333 0.167000 0.071333 0.111333
3 0.728000 0.166333 0.060000 0.082000
2 0.804667 0.070333 0.100000 0.076667
2 0.911000 0.036667 0.090000 0.058667
3 0.803000 0.138667 0.084667 0.078667
3 0.874333 0.128667 0.063333 0.073333
3 0.783667 0.225333 0.115333 0.092000
3 0.881333 0.209333 0.089333 0.096000
3 0.953667 0.190667 0.075333 0.074667
3 0.779333 0.298333 0.101333 0.076667
3 0.868000 0.290000 0.090667 0.078667
3 0.919000 0.363000 0.083333 0.079333
3 0.842333 0.369333 0.060667 0.073333
3 0.743667 0.376667 0.155333 0.072000
3 0.601333 0.445667 0.106667 0.092667
3 0.719000 0.449000 0.119333 0.086000
3 0.857000 0.431333 0.123333 0.068000
2 0.903000 0.482333 0.110000 0.094000
2 0.817333 0.499000 0.056000 0.060667
2 0.745333 0.518000 0.069333 0.062667
3 0.669667 0.536000 0.090000 0.098667
3 0.736333 0.593000 0.110000 0.087333
3 0.821667 0.578333 0.086000 0.108667
2 0.879333 0.645667 0.106667 0.082000
2 0.898000 0.560667 0.110667 0.093333
3 0.591667 0.540667 0.090000 0.117333
3 0.501333 0.577333 0.104000 0.076000
3 0.487333 0.531667 0.070667 0.064667
3 0.406333 0.626000 0.078000 0.088000
2 0.339667 0.745000 0.086000 0.116667
0 0.279000 0.750333 0.048667 0.058000
3 0.448000 0.726333 0.102667 0.112667
2 0.346000 0.835667 0.098667 0.082000
3 0.428333 0.831667 0.052667 0.064667
3 0.464667 0.903333 0.086667 0.092000
3 0.492333 0.829000 0.072667 0.090000
3 0.559667 0.808000 0.062000 0.098667
2 0.555000 0.939333 0.088667 0.110667
2 0.634333 0.931667 0.080667 0.098000
3 0.651333 0.860667 0.104000 0.104000
3 0.630667 0.779000 0.093333 0.087333
3 0.744667 0.763667 0.106667 0.079333
3 0.745333 0.856667 0.102667 0.109333
2 0.735000 0.926000 0.079333 0.060000
2 0.831667 0.885000 0.082000 0.119333
2 0.909667 0.859333 0.074000 0.078667
2 0.503000 0.642000 0.087333 0.064000
3 0.557000 0.713667 0.112667 0.087333
3 0.580000 0.636000 0.061333 0.073333
3 0.646333 0.625333 0.088667 0.089333
3 0.683333 0.692667 0.093333 0.104000
3 0.766667 0.675000 0.076000 0.084667
3 0.855000 0.742667 0.116667 0.113333
3 0.063667 0.708000 0.082000 0.068000
2 0.335333 0.910333 0.061333 0.047333
3 0.248667 0.883667 0.109333 0.114000
3 0.162667 0.879000 0.076000 0.107333
3 0.103000 0.899667 0.082000 0.118000
2 0.036667 0.925333 0.066667 0.072000
2 0.187333 0.965667 0.070667 0.058000
3 0.330667 0.572667 0.078667 0.086667
3 0.331000 0.652000 0.083333 0.066667
2 0.283333 0.507667 0.078667 0.083333
2 0.202333 0.532333 0.078000 0.070000
3 0.186333 0.610000 0.076667 0.094667
3 0.113333 0.623333 0.097333 0.134667
3 0.076333 0.765000 0.062000 0.051333
3 0.155667 0.733000 0.087333 0.098000
2 0.226333 0.780333 0.056667 0.056667
3 0.223000 0.721333 0.050000 0.056000
3 0.246333 0.657333 0.083333 0.069333
2 0.258000 0.588667 0.066667 0.073333
0 0.141333 0.145667 0.105333 0.099333
0 0.096667 0.044667 0.094667 0.088000
0 0.180333 0.316000 0.042000 0.045333
0 0.201000 0.281000 0.046000 0.056667
0 0.372667 0.171333 0.029333 0.032000
0 0.650667 0.045000 0.038667 0.036667
2 0.131000 0.390667 0.091333 0.084000
2 0.044000 0.819000 0.086667 0.140667
2 0.166000 0.810333 0.090667 0.056667
0 0.409333 0.882000 0.034667 0.052000
0 0.765333 0.955000 0.056000 0.044667
0 0.833000 0.959667 0.067333 0.051333
3 0.867333 0.812000 0.084000 0.050667
3 0.954667 0.400667 0.090667 0.064000
3 0.970667 0.331000 0.058667 0.075333
3 0.954000 0.264000 0.092000 0.088000
3 0.958667 0.110000 0.082667 0.093333
