2 0.097333 0.135000 0.104000 0.111333
2 0.050000 0.202333 0.090667 0.084667
2 0.061333 0.265667 0.070667 0.058000
2 0.144333 0.242667 0.087333 0.088000
3 0.211000 0.215667 0.079333 0.060667
3 0.208333 0.278667 0.056667 0.065333
3 0.091000 0.412333 0.078000 0.112667
3 0.140000 0.365000 0.068000 0.098000
3 0.223667 0.381667 0.104667 0.128667
2 0.166000 0.458667 0.108000 0.074667
2 0.205000 0.521333 0.124667 0.100000
3 0.303667 0.484333 0.119333 0.107333
3 0.321000 0.338667 0.115333 0.098667
2 0.316667 0.251000 0.076000 0.079333
3 0.161000 0.106000 0.084667 0.108000
3 0.230333 0.155333 0.084667 0.070667
2 0.236667 0.074000 0.074667 0.086667
3 0.313667 0.068333 0.079333 0.086000
3 0.304667 0.143667 0.072000 0.083333
3 0.382667 0.124000 0.069333 0.092000
3 0.420000 0.212333 0.105333 0.123333
3 0.532667 0.192333 0.125333 0.114000
3 0.488000 0.115667 0.072000 0.055333
3 0.488000 0.059000 0.094667 0.080667
3 0.556667 0.108000 0.068000 0.104000
3 0.581000 0.046333 0.083333 0.083333
3 0.625000 0.119000 0.084667 0.123333
3 0.670000 0.172333 0.100000 0.119333
3 0.752000 0.144667 0.077333 0.097333
3 0.721333 0.062000 0.105333 0.096000
3 0.807667 0.060667 0.078000 0.104000
3 0.824333 0.208667 0.096667 0.097333
3 0.841000 0.273333 0.111333 0.073333
3 0.933333 0.256333 0.098667 0.115333
2 0.890333 0.343000 0.092667 0.084667
2 0.806333 0.369333 0.116667 0.129333
2 0.723667 0.311000 0.115333 0.090000
3 0.723667 0.237333 0.118000 0.065333
3 0.606333 0.260667 0.096667 0.070667
3 0.627667 0.343333 0.110000 0.100000
3 0.536667 0.299000 0.058667 0.072667
3 0.477667 0.313000 0.092667 0.088667
3 0.405333 0.321333 0.062667 0.056000
3 0.422333 0.545333 0.123333 0.165333
3 0.447667 0.395333 0.086000 0.098667
3 0.524333 0.434333 0.100667 0.138000
2 0.612333 0.414333 0.079333 0.086000
2 0.709000 0.408333 0.106000 0.084667
2 0.839000 0.507333 0.138000 0.130667
2 0.892333 0.575333 0.122000 0.120000
2 0.690333 0.490667 0.131333 0.097333
3 0.573000 0.504000 0.116667 0.098667
2 0.567333 0.583000 0.125333 0.118000
2 0.678667 0.578000 0.125333 0.094667
3 0.702667 0.656667 0.106667 0.081333
2 0.498000 0.673667 0.072000 0.083333
2 0.579667 0.688333 0.114000 0.115333
3 0.550000 0.752333 0.096000 0.092667
3 0.462333 0.780000 0.090000 0.098667
3 0.498000 0.854333 0.130667 0.086000
2 0.424667 0.696333 0.088000 0.088667
2 0.379000 0.640667 0.079333 0.084000
3 0.587667 0.842333 0.079333 0.083333
3 0.457333 0.920000 0.066667 0.074667
3 0.531000 0.924000 0.083333 0.074667
2 0.701333 0.858333 0.090667 0.082000
3 0.662000 0.724000 0.100000 0.077333
3 0.672333 0.788667 0.092667 0.070667
3 0.616667 0.899667 0.073333 0.090000
3 0.695333 0.941333 0.141333 0.096000
3 0.761667 0.752333 0.083333 0.126000
2 0.815333 0.688667 0.098667 0.121333
3 0.814667 0.812333 0.100000 0.092667
2 0.892333 0.784333 0.080667 0.090000
3 0.900667 0.701000 0.097333 0.123333
3 0.940333 0.655000 0.071333 0.087333
3 0.807667 0.877333 0.127333 0.126667
3 0.908333 0.882333 0.098000 0.108667
3 0.319333 0.583000 0.093333 0.104667
2 0.106333 0.631667 0.108667 0.112667
2 0.042333 0.673333 0.072667 0.076000
2 0.127667 0.724667 0.115333 0.070667
3 0.180667 0.761667 0.112000 0.114000
3 0.254333 0.818333 0.076667 0.072667
3 0.279000 0.659000 0.090000 0.086000
2 0.319333 0.737333 0.104000 0.093333
3 0.325667 0.813000 0.075333 0.072667
3 0.317333 0.882333 0.064000 0.067333
3 0.387333 0.867000 0.068000 0.058000
2 0.397333 0.805000 0.068000 0.079333
3 0.063000 0.856667 0.086000 0.112000
2 0.170667 0.862333 0.098667 0.084667
3 0.114667 0.900333 0.061333 0.080667
2 0.250333 0.899667 0.082000 0.087333
2 0.184667 0.616333 0.054667 0.062000
2 0.148667 0.311667 0.057333 0.050000
2 0.182000 0.033333 0.064000 0.058667
2 0.268667 0.028000 0.085333 0.054667
2 0.456000 0.025333 0.065333 0.049333
3 0.662333 0.030000 0.091333 0.057333
0 0.258000 0.267667 0.050667 0.060667
2 0.033333 0.431667 0.064000 0.100667
0 0.387667 0.399667 0.047333 0.059333
2 0.318333 0.419667 0.090000 0.060667
0 0.047333 0.499667 0.081333 0.051333
0 0.062000 0.546333 0.093333 0.072667
3 0.179333 0.949667 0.076000 0.100667
3 0.355667 0.949333 0.138000 0.101333
3 0.925000 0.965000 0.131333 0.070000
3 0.959667 0.872333 0.080667 0.139333
2 0.972333 0.709333 0.055333 0.066667
0 0.819000 0.624333 0.040667 0.043333
2 0.942667 0.172667 0.100000 0.078667
0 0.903667 0.074667 0.192667 0.148000
