2 0.693000 0.648333 0.174000 0.148667
2 0.754333 0.736333 0.092667 0.083333
2 0.866000 0.763667 0.138667 0.120667
2 0.821000 0.646667 0.107333 0.104000
2 0.920000 0.656667 0.108000 0.098667
3 0.735667 0.540000 0.078000 0.078667
2 0.837667 0.532333 0.112667 0.106000
2 0.946000 0.549000 0.098667 0.106000
2 0.930667 0.461000 0.104000 0.079333
2 0.904667 0.372000 0.136000 0.096000
3 0.907667 0.273333 0.088667 0.096000
2 0.802333 0.281667 0.119333 0.104667
3 0.832000 0.100333 0.081333 0.072667
2 0.658333 0.299667 0.095333 0.087333
2 0.691000 0.219000 0.060667 0.051333
2 0.708333 0.128333 0.120667 0.114000
2 0.587667 0.131667 0.115333 0.126000
2 0.514000 0.200333 0.096000 0.111333
2 0.427000 0.215000 0.083333 0.082000
2 0.344333 0.228333 0.076667 0.086000
2 0.413000 0.309333 0.114000 0.104000
2 0.506333 0.308000 0.106000 0.098667
3 0.614667 0.393333 0.056000 0.077333
2 0.531000 0.403667 0.116667 0.123333
2 0.432333 0.418333 0.083333 0.116667
2 0.326333 0.425333 0.140667 0.138667
2 0.291667 0.336667 0.120667 0.100000
0 0.586333 0.510333 0.051333 0.050000
3 0.722000 0.463000 0.037333 0.044667
3 0.375000 0.143000 0.054000 0.051333
3 0.283667 0.145000 0.118000 0.111333
3 0.299333 0.055333 0.105333 0.060000
3 0.193000 0.164000 0.092667 0.102667
2 0.089000 0.137333 0.128667 0.140000
2 0.216667 0.259000 0.109333 0.080667
2 0.064000 0.221333 0.126667 0.172000
2 0.045667 0.060667 0.090000 0.108000
0 0.332000 0.300667 0.056000 0.062667
0 0.215667 0.362000 0.060667 0.089333
0 0.021667 0.390333 0.042000 0.046000
0 0.059333 0.435667 0.045333 0.051333
0 0.225333 0.688333 0.082667 0.095333
0 0.140667 0.822667 0.061333 0.066667
0 0.192667 0.764333 0.044000 0.054000
0 0.068333 0.940667 0.066000 0.070667
0 0.254000 0.955333 0.080000 0.089333
0 0.186667 0.968000 0.057333 0.062667
0 0.317667 0.875000 0.050000 0.062000
0 0.304667 0.835333 0.050667 0.038667
0 0.858667 0.841333 0.062667 0.053333
0 0.964000 0.362000 0.042667 0.062667
0 0.582333 0.296333 0.064667 0.086000
0 0.805333 0.174000 0.101333 0.094667
2 0.941000 0.192000 0.118000 0.105333
