2 0.246333 0.068000 0.111333 0.098667
2 0.083333 0.185667 0.157333 0.156667
2 0.069333 0.330000 0.126667 0.132000
2 0.225000 0.269333 0.143333 0.093333
2 0.194000 0.388667 0.161333 0.142667
2 0.319667 0.356000 0.118000 0.161333
2 0.421667 0.356000 0.094000 0.100000
2 0.344333 0.124667 0.120667 0.148000
2 0.471333 0.136667 0.133333 0.136000
2 0.430667 0.243333 0.134667 0.122667
2 0.748667 0.134000 0.109333 0.102667
2 0.698000 0.260667 0.173333 0.185333
2 0.826333 0.270667 0.126000 0.162667
2 0.890333 0.386000 0.179333 0.173333
2 0.505333 0.362333 0.065333 0.076667
2 0.568000 0.370667 0.070667 0.134667
2 0.659667 0.373000 0.152667 0.148667
2 0.398667 0.444000 0.081333 0.076000
2 0.478667 0.488000 0.100000 0.122667
2 0.673000 0.488667 0.196667 0.140000
2 0.663333 0.588667 0.144000 0.093333
2 0.825667 0.514333 0.111333 0.136667
2 0.920333 0.521667 0.108667 0.120667
2 0.874333 0.585333 0.088667 0.069333
2 0.776333 0.592000 0.095333 0.080000
2 0.918000 0.678333 0.137333 0.147333
2 0.792333 0.682333 0.139333 0.106000
2 0.696000 0.687000 0.070667 0.090000
2 0.760667 0.760333 0.094667 0.088667
2 0.834333 0.809000 0.147333 0.114000
2 0.819333 0.919000 0.140000 0.120667
2 0.662000 0.838000 0.136000 0.174667
2 0.534667 0.777667 0.088000 0.076667
2 0.543000 0.873333 0.112667 0.124000
2 0.421000 0.877000 0.120667 0.150000
2 0.476333 0.662333 0.146000 0.148667
2 0.371333 0.576000 0.197333 0.204000
2 0.172333 0.551667 0.184667 0.178000
2 0.050000 0.581000 0.076000 0.083333
2 0.062667 0.685667 0.106667 0.112667
2 0.188000 0.710667 0.161333 0.157333
2 0.206333 0.790667 0.136667 0.113333
2 0.336000 0.764000 0.134667 0.130667
2 0.220667 0.910000 0.132000 0.122667
2 0.319667 0.894667 0.110000 0.128000
0 0.140000 0.054667 0.108000 0.094667
0 0.149333 0.115333 0.076000 0.061333
2 0.479667 0.039000 0.095333 0.076667
2 0.355667 0.038333 0.147333 0.075333
2 0.559667 0.057667 0.072667 0.066000
2 0.625000 0.066333 0.107333 0.130000
2 0.644000 0.155333 0.066667 0.066667
0 0.575333 0.195667 0.062667 0.068667
2 0.230000 0.177667 0.153333 0.135333
0 0.066333 0.789000 0.131333 0.130000
2 0.118333 0.926333 0.132667 0.147333
3 0.448333 0.952333 0.084667 0.092667
2 0.943333 0.858333 0.113333 0.228667
2 0.597667 0.254000 0.088667 0.104000
3 0.843333 0.153000 0.052000 0.062000
2 0.840333 0.058000 0.083333 0.104000
2 0.931333 0.075000 0.137333 0.148667
