2 0.879000 0.868000 0.123333 0.096000
3 0.693667 0.941333 0.042000 0.052000
3 0.573667 0.868333 0.064667 0.088667
3 0.625667 0.792667 0.103333 0.124000
2 0.649333 0.707333 0.066667 0.050667
3 0.761000 0.768000 0.118000 0.134667
3 0.871000 0.753667 0.092667 0.110000
2 0.907333 0.681667 0.100000 0.102000
2 0.784667 0.579000 0.078667 0.074000
2 0.645667 0.613333 0.120667 0.129333
2 0.542333 0.641667 0.103333 0.151333
2 0.469333 0.715000 0.098667 0.118000
2 0.381333 0.734667 0.086667 0.098667
2 0.302000 0.741333 0.074667 0.073333
2 0.258333 0.870667 0.104667 0.098667
2 0.290333 0.948667 0.123333 0.102667
2 0.397333 0.925333 0.098667 0.097333
2 0.500667 0.920333 0.100000 0.115333
2 0.463333 0.824000 0.092000 0.097333
2 0.363000 0.843000 0.114000 0.118000
3 0.328000 0.656000 0.060000 0.077333
3 0.238333 0.671000 0.119333 0.122000
2 0.135333 0.701000 0.094667 0.112667
3 0.183333 0.786333 0.101333 0.088667
3 0.100667 0.787333 0.058667 0.065333
3 0.077667 0.544333 0.090000 0.076667
3 0.249333 0.587000 0.092000 0.051333
3 0.268000 0.501667 0.121333 0.127333
2 0.346667 0.399000 0.089333 0.094000
2 0.241667 0.333000 0.110000 0.107333
2 0.132000 0.266333 0.076000 0.074000
2 0.046333 0.275333 0.086000 0.092000
2 0.047667 0.361667 0.086000 0.083333
2 0.134667 0.347333 0.098667 0.094667
2 0.173000 0.421333 0.088667 0.100000
2 0.068333 0.446000 0.118000 0.094667
3 0.146667 0.154000 0.061333 0.060000
3 0.225000 0.215667 0.148667 0.124667
2 0.446333 0.386667 0.111333 0.108000
3 0.409667 0.271000 0.110000 0.122000
2 0.505667 0.272667 0.087333 0.097333
2 0.505000 0.176333 0.108667 0.118000
2 0.420333 0.107333 0.091333 0.100000
2 0.596667 0.163667 0.074667 0.104667
2 0.697333 0.109000 0.121333 0.119333
2 0.701333 0.215667 0.165333 0.111333
2 0.718333 0.317333 0.148667 0.130667
2 0.847667 0.121000 0.114000 0.119333
2 0.872667 0.240000 0.130667 0.121333
2 0.935333 0.321333 0.108000 0.094667
2 0.826333 0.417667 0.115333 0.087333
2 0.080000 0.115667 0.056000 0.042000
3 0.595667 0.260333 0.082000 0.083333
2 0.419000 0.467000 0.047333 0.047333
2 0.542333 0.412333 0.052667 0.054000
2 0.650667 0.413000 0.046667 0.050000
2 0.405667 0.560667 0.048667 0.034667
2 0.711333 0.428333 0.040000 0.042000
2 0.672333 0.481000 0.051333 0.047333
0 0.098333 0.067333 0.071333 0.061333
3 0.035333 0.128333 0.036000 0.036667
0 0.087333 0.178000 0.077333 0.080000
2 0.306000 0.086333 0.041333 0.050000
2 0.615667 0.053000 0.115333 0.104667
2 0.410667 0.194000 0.064000 0.057333
2 0.330667 0.325667 0.044000 0.054000
0 0.463000 0.596667 0.078000 0.085333
0 0.400333 0.635000 0.088667 0.096667
2 0.065333 0.696667 0.129333 0.140000
0 0.543667 0.784667 0.071333 0.076000
0 0.294667 0.812667 0.070667 0.077333
0 0.094333 0.904667 0.111333 0.134667
0 0.176000 0.892000 0.062667 0.117333
0 0.766000 0.851667 0.066667 0.052667
0 0.711000 0.878667 0.083333 0.064000
2 0.892000 0.950667 0.150667 0.098667
0 0.922000 0.818333 0.054667 0.054000
0 0.750333 0.659000 0.102000 0.087333
2 0.948000 0.591667 0.104000 0.112667
2 0.945667 0.399333 0.108667 0.122667
0 0.803000 0.328000 0.079333 0.097333
