2 0.183667 0.166000 0.118000 0.100000
2 0.283333 0.141333 0.106667 0.129333
2 0.530667 0.110667 0.112000 0.109333
2 0.802000 0.061000 0.102667 0.120667
2 0.738667 0.268333 0.129333 0.119333
2 0.915333 0.338000 0.098667 0.074667
2 0.809333 0.355667 0.069333 0.086000
2 0.719667 0.372667 0.123333 0.110667
3 0.613000 0.378667 0.078000 0.070667
3 0.512667 0.391333 0.098667 0.104000
3 0.398000 0.144667 0.085333 0.078667
2 0.441000 0.210667 0.080667 0.070667
2 0.077000 0.288667 0.139333 0.173333
2 0.308333 0.435667 0.138000 0.156667
2 0.411333 0.419333 0.093333 0.093333
2 0.431667 0.317333 0.148667 0.133333
2 0.655667 0.472000 0.112667 0.101333
2 0.901667 0.442000 0.087333 0.094667
2 0.843667 0.515667 0.142000 0.152667
2 0.618333 0.549000 0.082000 0.075333
2 0.404333 0.577333 0.118000 0.098667
3 0.505667 0.602333 0.112667 0.120667
2 0.474333 0.781000 0.147333 0.127333
2 0.564333 0.694333 0.152667 0.200667
2 0.424333 0.681000 0.086000 0.103333
2 0.069333 0.656333 0.106667 0.115333
2 0.134000 0.713333 0.077333 0.098667
2 0.203667 0.583667 0.147333 0.196667
2 0.271667 0.744000 0.127333 0.132000
2 0.056667 0.802000 0.098667 0.102667
2 0.151333 0.835000 0.109333 0.111333
2 0.217333 0.907333 0.074667 0.105333
2 0.280000 0.858667 0.092000 0.122667
2 0.349333 0.895333 0.094667 0.132000
2 0.455667 0.894667 0.138000 0.125333
2 0.639667 0.800333 0.106000 0.127333
2 0.755667 0.763000 0.118000 0.180667
2 0.875667 0.767000 0.111333 0.103333
3 0.891000 0.857333 0.106000 0.084000
3 0.767333 0.944333 0.072000 0.076667
2 0.718667 0.082333 0.058667 0.083333
0 0.237333 0.039333 0.072000 0.077333
2 0.033000 0.092000 0.064667 0.094667
0 0.228667 0.252333 0.113333 0.092667
0 0.318667 0.245667 0.045333 0.050000
2 0.350667 0.236333 0.030667 0.042000
0 0.653000 0.089333 0.098000 0.090667
0 0.650333 0.034667 0.063333 0.061333
2 0.655000 0.181000 0.059333 0.058000
0 0.658667 0.303667 0.085333 0.095333
0 0.543333 0.270667 0.097333 0.094667
2 0.529000 0.200667 0.046000 0.045333
0 0.190333 0.362667 0.144667 0.153333
2 0.095000 0.199667 0.035333 0.040667
0 0.586333 0.445333 0.050000 0.057333
0 0.388333 0.491333 0.055333 0.061333
0 0.133333 0.447667 0.060000 0.058000
2 0.452667 0.493333 0.084000 0.092000
2 0.066667 0.551333 0.130667 0.132000
2 0.043333 0.931000 0.084000 0.118000
2 0.116333 0.922667 0.064667 0.060000
0 0.124333 0.971000 0.055333 0.046000
0 0.210333 0.977667 0.055333 0.044667
2 0.655333 0.943333 0.152000 0.113333
2 0.966667 0.853000 0.066667 0.103333
0 0.670000 0.652667 0.041333 0.046667
0 0.746667 0.592000 0.029333 0.044000
2 0.948333 0.266667 0.103333 0.108000
0 0.864667 0.257667 0.069333 0.111333
2 0.816667 0.254667 0.060000 0.072000
2 0.777667 0.165667 0.042000 0.036667
0 0.925000 0.168333 0.062000 0.075333
2 0.912000 0.068667 0.125333 0.136000
0 0.969333 0.173000 0.037333 0.050000
