2 0.109667 0.693667 0.146000 0.122000
2 0.155667 0.922333 0.138000 0.116667
2 0.116667 0.806667 0.088000 0.093333
2 0.313000 0.101667 0.144667 0.124667
2 0.374333 0.187667 0.134000 0.144667
2 0.520333 0.077667 0.144667 0.143333
2 0.465333 0.170000 0.057333 0.064000
1 0.558333 0.179667 0.102000 0.094000
1 0.632667 0.090000 0.100000 0.090667
1 0.747000 0.122000 0.112667 0.101333
1 0.661333 0.174667 0.098667 0.090667
1 0.753667 0.204000 0.080667 0.070667
2 0.486000 0.271667 0.068000 0.084667
2 0.493333 0.358000 0.098667 0.098667
2 0.584000 0.281667 0.120000 0.118000
2 0.709667 0.352333 0.182000 0.146000
2 0.797333 0.418000 0.098667 0.104000
2 0.915667 0.113000 0.168667 0.196667
2 0.836000 0.199667 0.090667 0.126000
2 0.895333 0.272000 0.092000 0.088000
2 0.879667 0.379000 0.114000 0.143333
1 0.860333 0.620000 0.080667 0.097333
2 0.471333 0.469333 0.128000 0.126667
2 0.580667 0.469000 0.109333 0.107333
2 0.502000 0.537333 0.122667 0.098667
2 0.548667 0.593000 0.134667 0.082000
2 0.534333 0.681667 0.150000 0.112667
2 0.584667 0.801333 0.193333 0.168000
2 0.066000 0.474333 0.122667 0.116667
2 0.609667 0.909333 0.076667 0.070667
1 0.698667 0.869333 0.132000 0.165333
2 0.856333 0.526000 0.080667 0.070667
1 0.671333 0.489333 0.061333 0.069333
2 0.262667 0.048000 0.121333 0.094667
3 0.420000 0.270333 0.065333 0.075333
0 0.136000 0.550000 0.138667 0.114667
0 0.217000 0.827667 0.123333 0.114000
0 0.875333 0.839667 0.249333 0.247333
1 0.724333 0.652000 0.052667 0.044000
2 0.948000 0.421333 0.104000 0.130667
1 0.964333 0.296667 0.071333 0.085333
1 0.700333 0.248000 0.140667 0.101333
2 0.761333 0.054333 0.152000 0.107333
