2 0.072333 0.124667 0.140667 0.134667
2 0.132333 0.436333 0.202000 0.138000
2 0.050000 0.519667 0.098667 0.088667
2 0.138000 0.572667 0.130667 0.113333
2 0.081000 0.664333 0.116667 0.070000
2 0.067000 0.743667 0.094000 0.078000
2 0.150333 0.896333 0.118000 0.111333
2 0.046333 0.843667 0.086000 0.086000
2 0.194333 0.752000 0.074000 0.069333
3 0.276000 0.756667 0.069333 0.078667
3 0.175000 0.673000 0.090000 0.082000
2 0.218333 0.516333 0.082000 0.076667
2 0.277333 0.492000 0.066667 0.092000
2 0.359667 0.485667 0.107333 0.115333
2 0.325000 0.627333 0.082000 0.104000
2 0.236667 0.606667 0.102667 0.088000
2 0.263000 0.682333 0.080667 0.083333
3 0.400000 0.610000 0.065333 0.072000
2 0.456333 0.559333 0.124667 0.129333
2 0.537000 0.484667 0.111333 0.101333
3 0.178667 0.292000 0.128000 0.130667
2 0.161333 0.192333 0.126667 0.083333
2 0.248667 0.151667 0.114667 0.078000
2 0.526667 0.098333 0.098667 0.102000
3 0.699333 0.084000 0.110667 0.106667
2 0.799000 0.101667 0.119333 0.114000
2 0.934000 0.124000 0.102667 0.116000
2 0.260333 0.305000 0.078000 0.082000
2 0.253000 0.391333 0.090000 0.088000
2 0.338000 0.387333 0.100000 0.090667
2 0.436000 0.402000 0.093333 0.138667
3 0.518667 0.401000 0.066667 0.071333
3 0.334667 0.292000 0.076000 0.102667
2 0.411667 0.285667 0.091333 0.118000
2 0.491667 0.244000 0.104667 0.104000
3 0.513333 0.327000 0.110667 0.083333
2 0.628000 0.428000 0.106667 0.100000
3 0.636000 0.333000 0.106667 0.092667
2 0.721333 0.415667 0.094667 0.108667
2 0.729333 0.321667 0.093333 0.084667
2 0.710333 0.249000 0.078000 0.063333
2 0.634000 0.258000 0.053333 0.052000
3 0.789333 0.249667 0.066667 0.071333
3 0.862333 0.220000 0.084667 0.069333
2 0.866000 0.301667 0.082667 0.106000
2 0.941667 0.279000 0.084667 0.115333
2 0.233000 0.060000 0.150000 0.118667
2 0.275667 0.231333 0.100667 0.092000
3 0.327000 0.144333 0.044667 0.051333
2 0.386667 0.133000 0.049333 0.059333
3 0.449667 0.177667 0.039333 0.042000
0 0.531667 0.193000 0.076667 0.086000
0 0.609333 0.151000 0.076000 0.067333
2 0.572333 0.250333 0.038000 0.043333
2 0.053000 0.328667 0.104667 0.090667
2 0.042333 0.413667 0.083333 0.114000
2 0.591667 0.448333 0.068667 0.067333
2 0.044000 0.611333 0.086667 0.106667
2 0.043667 0.932000 0.084667 0.093333
0 0.389667 0.964667 0.042000 0.041333
0 0.575333 0.951667 0.049333 0.051333
0 0.481333 0.855667 0.044000 0.047333
0 0.616667 0.785667 0.061333 0.075333
0 0.677667 0.772667 0.067333 0.077333
0 0.555333 0.694000 0.046667 0.056000
0 0.801000 0.817333 0.047333 0.050667
0 0.801333 0.769000 0.058667 0.056667
0 0.855333 0.658667 0.048000 0.048000
0 0.928667 0.454667 0.090667 0.105333
0 0.958000 0.396667 0.062667 0.057333
0 0.958667 0.363333 0.034667 0.034667
2 0.696000 0.158333 0.109333 0.124667
2 0.784667 0.182333 0.085333 0.075333
