2 0.895000 0.837000 0.108667 0.118000
2 0.946667 0.942667 0.089333 0.088000
2 0.700000 0.819000 0.157333 0.110000
2 0.692333 0.921333 0.091333 0.102667
2 0.611333 0.940000 0.104000 0.112000
2 0.792333 0.958000 0.080667 0.073333
2 0.660333 0.719000 0.083333 0.076667
2 0.745667 0.718333 0.084667 0.086000
2 0.774333 0.634000 0.075333 0.097333
2 0.849000 0.679333 0.083333 0.094667
2 0.852333 0.589000 0.122000 0.086000
2 0.693667 0.568667 0.108667 0.094667
2 0.677333 0.647000 0.064000 0.056667
2 0.587333 0.626667 0.104000 0.130667
2 0.484667 0.644333 0.112000 0.115333
2 0.457000 0.738000 0.112667 0.092000
2 0.560333 0.756667 0.091333 0.112000
2 0.455000 0.816333 0.072667 0.064667
2 0.456333 0.923333 0.150000 0.124000
2 0.079333 0.708667 0.101333 0.097333
2 0.168333 0.698333 0.084667 0.115333
2 0.264000 0.671333 0.106667 0.100000
2 0.377000 0.664333 0.116667 0.086000
2 0.257667 0.760667 0.075333 0.101333
2 0.334333 0.755000 0.083333 0.079333
2 0.179000 0.795333 0.076667 0.065333
2 0.086333 0.830333 0.115333 0.112667
2 0.175000 0.940667 0.084667 0.086667
3 0.181333 0.864000 0.069333 0.069333
2 0.325000 0.842667 0.112667 0.076000
2 0.334000 0.914667 0.077333 0.068000
2 0.257667 0.899667 0.060667 0.076667
2 0.100000 0.599667 0.070667 0.095333
2 0.188333 0.598333 0.094000 0.084667
2 0.280667 0.586333 0.101333 0.119333
2 0.375000 0.579000 0.090000 0.092667
2 0.478667 0.522667 0.105333 0.108000
2 0.584000 0.508000 0.110667 0.109333
2 0.871333 0.500333 0.133333 0.111333
2 0.735333 0.470667 0.136000 0.106667
2 0.788333 0.378667 0.106000 0.096000
2 0.580333 0.401333 0.148667 0.104000
2 0.509667 0.309333 0.115333 0.112000
2 0.619667 0.316333 0.087333 0.074000
2 0.626000 0.222667 0.136000 0.110667
2 0.701333 0.376000 0.090667 0.112000
2 0.885000 0.415000 0.079333 0.074000
2 0.910333 0.333000 0.086000 0.095333
2 0.845000 0.276333 0.111333 0.120667
2 0.737333 0.277000 0.106667 0.119333
2 0.748000 0.180333 0.097333 0.090000
2 0.859667 0.166333 0.120667 0.104667
2 0.838333 0.076000 0.106000 0.070667
2 0.690000 0.114333 0.132000 0.103333
2 0.566667 0.131333 0.096000 0.098667
2 0.490333 0.083667 0.084667 0.088667
2 0.458333 0.178667 0.120667 0.126667
2 0.380000 0.478000 0.110667 0.100000
2 0.284000 0.487667 0.089333 0.086000
2 0.166667 0.504000 0.134667 0.109333
2 0.177667 0.411333 0.154000 0.092000
2 0.296333 0.396333 0.088667 0.091333
2 0.401667 0.364000 0.120667 0.130667
2 0.352000 0.161667 0.100000 0.091333
2 0.339667 0.266333 0.122000 0.107333
2 0.199333 0.293333 0.144000 0.138667
2 0.083333 0.248333 0.134667 0.143333
2 0.221000 0.188333 0.123333 0.079333
2 0.106000 0.117000 0.130667 0.119333
2 0.207667 0.071333 0.166000 0.128000
0 0.051667 0.072000 0.102000 0.142667
2 0.414000 0.063333 0.166667 0.125333
2 0.572000 0.041667 0.076000 0.055333
2 0.602000 0.085667 0.052000 0.056667
2 0.698667 0.036333 0.122667 0.070000
3 0.254000 0.970333 0.108000 0.059333
0 0.541000 0.931333 0.054000 0.076000
2 0.795333 0.885000 0.082667 0.086000
2 0.951667 0.607333 0.070000 0.080000
2 0.967000 0.519000 0.066000 0.124667
2 0.763667 0.095333 0.059333 0.070667
2 0.906667 0.050000 0.069333 0.072000
0 0.973667 0.090667 0.032667 0.049333
