2 0.832000 0.097667 0.137333 0.158000
3 0.641000 0.085667 0.100667 0.110000
3 0.755000 0.179000 0.088667 0.079333
2 0.237667 0.101667 0.107333 0.116667
3 0.130000 0.084000 0.097333 0.097333
3 0.111000 0.203000 0.107333 0.114000
2 0.237667 0.212667 0.112667 0.128000
3 0.348667 0.226000 0.070667 0.065333
3 0.462667 0.253667 0.085333 0.112667
3 0.648667 0.269667 0.085333 0.091333
3 0.752667 0.281667 0.109333 0.112667
2 0.106333 0.346333 0.142000 0.144667
3 0.078000 0.468667 0.126667 0.128000
3 0.227667 0.344667 0.092667 0.097333
3 0.189000 0.458000 0.110000 0.118667
3 0.286333 0.467000 0.082000 0.078000
2 0.332667 0.342667 0.166667 0.168000
3 0.547333 0.368333 0.078667 0.080667
3 0.664667 0.376000 0.072000 0.073333
3 0.767333 0.381000 0.108000 0.086000
3 0.403667 0.471000 0.091333 0.088667
3 0.508667 0.450333 0.098667 0.083333
2 0.615667 0.477667 0.116667 0.120667
3 0.725000 0.475667 0.107333 0.116667
2 0.829333 0.490000 0.098667 0.126667
3 0.890333 0.606000 0.120667 0.102667
3 0.655333 0.611000 0.120000 0.135333
3 0.761333 0.592667 0.068000 0.062667
2 0.471333 0.578667 0.128000 0.132000
3 0.342000 0.570667 0.134667 0.129333
3 0.039667 0.667000 0.075333 0.106000
3 0.132667 0.667000 0.128000 0.106000
2 0.266667 0.651000 0.132000 0.120667
3 0.537333 0.676667 0.098667 0.097333
2 0.577000 0.763667 0.152667 0.115333
3 0.460667 0.761000 0.100000 0.156667
3 0.369000 0.738333 0.088667 0.118000
3 0.275667 0.777000 0.114000 0.119333
3 0.163667 0.788000 0.118000 0.141333
3 0.064667 0.767333 0.097333 0.100000
2 0.038333 0.072333 0.075333 0.111333
2 0.401333 0.069667 0.093333 0.099333
2 0.490333 0.063333 0.070000 0.068000
3 0.554000 0.265667 0.022667 0.026000
3 0.635667 0.179667 0.054000 0.058000
0 0.443667 0.141333 0.054000 0.058667
0 0.503333 0.126333 0.056000 0.052667
0 0.323333 0.821333 0.056000 0.068000
0 0.773667 0.689000 0.039333 0.039333
3 0.979667 0.609000 0.038000 0.048667
3 0.951333 0.414333 0.084000 0.116667
0 0.942333 0.310000 0.048667 0.045333
0 0.974000 0.252667 0.052000 0.080000
0 0.883333 0.293667 0.054667 0.063333
0 0.939000 0.267667 0.035333 0.042000
0 0.827667 0.308333 0.031333 0.042000
