2 0.091667 0.450333 0.154000 0.139333
2 0.322000 0.472000 0.170667 0.173333
2 0.099333 0.115667 0.105333 0.103333
2 0.205000 0.142667 0.122000 0.137333
2 0.153000 0.224000 0.148667 0.120000
2 0.190333 0.328333 0.138000 0.155333
3 0.305333 0.342667 0.096000 0.093333
3 0.367333 0.274000 0.136000 0.136000
2 0.570333 0.309000 0.208667 0.183333
3 0.308333 0.149000 0.095333 0.116667
3 0.402667 0.159000 0.090667 0.119333
2 0.503333 0.177667 0.102667 0.146000
2 0.625667 0.179000 0.139333 0.146000
3 0.569333 0.063667 0.106667 0.112667
2 0.434000 0.059333 0.122667 0.106667
2 0.681000 0.072000 0.116667 0.124000
2 0.788667 0.066333 0.098667 0.120667
2 0.849333 0.134000 0.164000 0.136000
2 0.846000 0.248333 0.132000 0.104667
2 0.063333 0.569333 0.102667 0.093333
2 0.198000 0.574667 0.166667 0.190667
2 0.315000 0.597667 0.082000 0.083333
2 0.142333 0.676667 0.130000 0.166667
2 0.280333 0.700000 0.115333 0.132000
2 0.384000 0.701000 0.097333 0.104667
2 0.514000 0.699667 0.165333 0.202000
2 0.658333 0.839333 0.174000 0.169333
2 0.520000 0.846000 0.097333 0.102667
2 0.400667 0.831667 0.136000 0.140667
2 0.279333 0.829667 0.109333 0.124667
2 0.178000 0.813000 0.104000 0.111333
2 0.096333 0.921000 0.174000 0.135333
2 0.199333 0.915000 0.072000 0.090000
2 0.045667 0.221667 0.088667 0.108667
0 0.228667 0.086333 0.088000 0.088667
0 0.203000 0.454000 0.067333 0.072000
0 0.431333 0.537667 0.084000 0.092667
2 0.043000 0.663000 0.084667 0.132667
2 0.075333 0.772333 0.149333 0.180667
2 0.304000 0.914667 0.072000 0.081333
2 0.417000 0.944333 0.152667 0.111333
2 0.537667 0.942667 0.123333 0.114667
0 0.750000 0.747000 0.097333 0.122000
0 0.790667 0.836667 0.041333 0.033333
0 0.790667 0.535333 0.097333 0.101333
2 0.914333 0.051000 0.148667 0.100667
2 0.962333 0.148000 0.075333 0.125333
