2 0.111000 0.063000 0.090000 0.080667
2 0.126667 0.176000 0.129333 0.145333
2 0.245333 0.067667 0.138667 0.128667
2 0.245333 0.187333 0.108000 0.106667
3 0.200667 0.258000 0.108000 0.096000
2 0.316667 0.249000 0.112000 0.124667
2 0.434000 0.255333 0.136000 0.154667
2 0.459667 0.109333 0.151333 0.157333
3 0.619333 0.162333 0.093333 0.140667
2 0.728333 0.143000 0.124667 0.184667
2 0.961333 0.232333 0.077333 0.106000
2 0.845333 0.121667 0.100000 0.115333
3 0.878000 0.211667 0.096000 0.116667
3 0.936000 0.374000 0.065333 0.077333
3 0.742667 0.329667 0.066667 0.060667
2 0.635333 0.334000 0.128000 0.136000
2 0.094333 0.287333 0.056667 0.042667
2 0.077000 0.481000 0.147333 0.176667
2 0.084000 0.601000 0.102667 0.104667
2 0.134667 0.686667 0.132000 0.100000
2 0.202667 0.571333 0.134667 0.122667
3 0.516000 0.447000 0.105333 0.126000
3 0.779000 0.506000 0.118000 0.108000
3 0.891667 0.498333 0.092667 0.090000
3 0.878000 0.657333 0.070667 0.084000
2 0.640000 0.795000 0.101333 0.119333
2 0.471000 0.724667 0.107333 0.109333
2 0.542333 0.819000 0.124667 0.148667
2 0.618333 0.900333 0.112667 0.114000
2 0.358667 0.919667 0.098667 0.147333
2 0.888333 0.856000 0.116667 0.108000
2 0.784000 0.848333 0.094667 0.095333
2 0.112333 0.895667 0.115333 0.140667
2 0.398333 0.033667 0.095333 0.066000
0 0.652000 0.044333 0.040000 0.043333
2 0.032667 0.172000 0.064000 0.112000
0 0.103000 0.333000 0.059333 0.051333
2 0.194667 0.448667 0.080000 0.100000
0 0.613000 0.493667 0.088667 0.123333
0 0.537000 0.548667 0.060667 0.064000
0 0.602333 0.580000 0.060667 0.072000
0 0.479000 0.540667 0.058000 0.069333
0 0.284667 0.550000 0.060000 0.058667
0 0.320667 0.640667 0.044000 0.052000
0 0.480000 0.615333 0.054667 0.074667
2 0.511333 0.618333 0.032000 0.046000
0 0.346333 0.565667 0.050000 0.064667
0 0.096000 0.781000 0.060000 0.052667
0 0.176000 0.796333 0.089333 0.087333
0 0.215667 0.751333 0.067333 0.084000
0 0.367000 0.824333 0.091333 0.106000
0 0.304333 0.830333 0.048667 0.047333
0 0.586667 0.722000 0.046667 0.053333
2 0.230667 0.927667 0.145333 0.144667
2 0.158333 0.945667 0.058000 0.063333
0 0.614333 0.967333 0.104667 0.065333
0 0.713667 0.896000 0.083333 0.090667
0 0.805667 0.935333 0.068667 0.074667
0 0.862667 0.927000 0.062667 0.079333
2 0.750000 0.777000 0.078667 0.059333
3 0.686667 0.697333 0.049333 0.054667
0 0.770333 0.707000 0.107333 0.111333
0 0.717333 0.740667 0.054667 0.049333
0 0.874000 0.766000 0.072000 0.069333
0 0.851667 0.593667 0.063333 0.066000
0 0.711333 0.529000 0.060000 0.067333
0 0.733667 0.399667 0.102000 0.100667
0 0.806000 0.435667 0.092000 0.100667
0 0.877000 0.423000 0.074000 0.107333
2 0.831000 0.381333 0.042000 0.045333
