2 0.089667 0.655333 0.124667 0.093333
3 0.181000 0.623333 0.050000 0.070667
2 0.237667 0.610667 0.074000 0.124000
3 0.301000 0.554667 0.086000 0.105333
3 0.072333 0.479000 0.082000 0.082000
3 0.127667 0.547667 0.120667 0.106000
2 0.047000 0.395667 0.087333 0.076667
2 0.134333 0.369333 0.080667 0.096000
3 0.196667 0.326000 0.077333 0.060000
2 0.222333 0.398333 0.082000 0.110000
2 0.298667 0.410667 0.073333 0.093333
2 0.382000 0.399000 0.081333 0.103333
1 0.430000 0.482333 0.089333 0.072667
3 0.239667 0.058333 0.108667 0.115333
2 0.265667 0.312333 0.050000 0.056667
2 0.320000 0.326667 0.066667 0.069333
2 0.346333 0.270667 0.080667 0.065333
2 0.440333 0.333667 0.059333 0.063333
2 0.331667 0.112333 0.118000 0.126000
2 0.429000 0.090000 0.112667 0.126667
2 0.441667 0.174667 0.056667 0.062667
2 0.481333 0.217000 0.064000 0.063333
3 0.508333 0.126667 0.068667 0.110667
3 0.575333 0.090667 0.101333 0.120000
2 0.642333 0.055333 0.039333 0.062667
2 0.780333 0.079000 0.054000 0.056667
3 0.711667 0.107333 0.083333 0.094667
3 0.658333 0.160333 0.112667 0.088667
2 0.650333 0.227000 0.098000 0.078000
3 0.553000 0.195333 0.084667 0.070667
3 0.554000 0.262667 0.068000 0.064000
2 0.347333 0.210333 0.068000 0.050000
3 0.098667 0.282333 0.054667 0.052667
2 0.414000 0.262667 0.065333 0.061333
2 0.471667 0.272000 0.080667 0.068000
2 0.523000 0.356667 0.111333 0.129333
3 0.593000 0.335000 0.051333 0.047333
2 0.864000 0.047000 0.098667 0.092667
2 0.127333 0.033000 0.090667 0.064667
2 0.169667 0.070000 0.059333 0.058667
2 0.095667 0.088667 0.079333 0.060000
2 0.049667 0.212333 0.078000 0.086000
0 0.161000 0.178667 0.254000 0.181333
0 0.101667 0.731667 0.056667 0.051333
0 0.579000 0.895333 0.123333 0.180000
0 0.587667 0.774333 0.118000 0.106000
0 0.749667 0.834333 0.224667 0.298000
0 0.880667 0.895667 0.238667 0.207333
0 0.809333 0.656667 0.161333 0.169333
0 0.603333 0.677333 0.070667 0.092000
0 0.643667 0.707000 0.051333 0.048667
0 0.655000 0.669000 0.039333 0.038000
0 0.703667 0.613000 0.058000 0.076667
0 0.658667 0.587000 0.069333 0.055333
0 0.651333 0.630000 0.061333 0.056000
0 0.740667 0.524000 0.092000 0.097333
0 0.766333 0.584667 0.058000 0.045333
0 0.808667 0.380333 0.042667 0.048667
0 0.846333 0.421000 0.056667 0.048667
0 0.859667 0.361667 0.058000 0.054000
0 0.910000 0.320333 0.053333 0.059333
0 0.968333 0.307667 0.052667 0.040667
0 0.966333 0.231000 0.067333 0.087333
0 0.864667 0.164333 0.041333 0.047333
0 0.959000 0.146667 0.060667 0.056000
0 0.969333 0.089000 0.061333 0.055333
