3 0.768000 0.917667 0.068000 0.074000
3 0.651333 0.952333 0.065333 0.059333
2 0.395333 0.850333 0.102667 0.124667
2 0.488667 0.767000 0.129333 0.130000
2 0.490667 0.880333 0.100000 0.107333
2 0.565333 0.852333 0.070667 0.115333
3 0.685333 0.843667 0.069333 0.083333
3 0.683333 0.768667 0.076000 0.064000
3 0.757000 0.757333 0.062000 0.066667
2 0.607667 0.729333 0.080667 0.094667
2 0.675667 0.694333 0.080667 0.090000
2 0.648333 0.603333 0.082000 0.074667
2 0.748000 0.581667 0.056000 0.062000
2 0.811667 0.595667 0.058000 0.056667
2 0.832000 0.673333 0.085333 0.090667
2 0.753333 0.675667 0.074667 0.086000
0 0.154667 0.070667 0.088000 0.118667
0 0.088333 0.084000 0.043333 0.046667
0 0.071000 0.198333 0.138000 0.178000
0 0.185000 0.201000 0.083333 0.075333
0 0.222333 0.119667 0.058000 0.074000
0 0.291000 0.135000 0.094000 0.104667
0 0.270667 0.195667 0.105333 0.064667
0 0.334000 0.083000 0.086667 0.083333
0 0.389333 0.058000 0.069333 0.078667
0 0.451333 0.085333 0.048000 0.056000
0 0.251000 0.031667 0.107333 0.062000
0 0.486333 0.140000 0.107333 0.136000
0 0.562000 0.195333 0.110667 0.128000
0 0.449667 0.235000 0.104667 0.095333
0 0.398667 0.184667 0.093333 0.134667
0 0.500333 0.334667 0.090000 0.093333
0 0.426000 0.295667 0.056000 0.043333
0 0.315333 0.258000 0.054667 0.044000
0 0.303667 0.294667 0.031333 0.026667
0 0.032667 0.343000 0.037333 0.034000
0 0.061667 0.335000 0.028667 0.040667
0 0.112000 0.317667 0.082667 0.082000
0 0.165000 0.347333 0.095333 0.074667
0 0.105333 0.388000 0.052000 0.052000
0 0.174000 0.442333 0.176000 0.154000
0 0.281667 0.434333 0.055333 0.066000
0 0.274667 0.490667 0.053333 0.058667
0 0.260000 0.561667 0.076000 0.062000
0 0.127333 0.527333 0.049333 0.049333
0 0.409333 0.488333 0.056000 0.060667
0 0.339333 0.521333 0.033333 0.033333
0 0.174000 0.598000 0.085333 0.086667
0 0.088333 0.587000 0.078000 0.092667
0 0.044333 0.645333 0.062000 0.070667
0 0.153000 0.671000 0.043333 0.059333
0 0.379333 0.679333 0.050667 0.052000
0 0.517333 0.665000 0.041333 0.043333
0 0.491000 0.629333 0.044667 0.048000
0 0.543333 0.450667 0.044000 0.040000
0 0.443333 0.377000 0.049333 0.046000
0 0.425667 0.404333 0.051333 0.048667
0 0.020667 0.851333 0.040000 0.048000
0 0.024333 0.808333 0.047333 0.056667
0 0.243000 0.890333 0.042000 0.048667
2 0.334000 0.934333 0.133333 0.131333
0 0.611333 0.913333 0.093333 0.092000
0 0.608667 0.795333 0.081333 0.078667
0 0.731333 0.819333 0.068000 0.072000
0 0.916667 0.882333 0.166667 0.211333
3 0.865000 0.944667 0.055333 0.052000
2 0.913000 0.619333 0.076667 0.064000
0 0.869333 0.518333 0.190667 0.159333
0 0.891667 0.414000 0.174000 0.114667
0 0.889667 0.308667 0.202000 0.150667
0 0.908000 0.198667 0.184000 0.133333
