2 0.459333 0.090000 0.097333 0.106667
2 0.887333 0.228667 0.093333 0.093333
2 0.624333 0.158667 0.067333 0.064000
2 0.525667 0.184333 0.106000 0.112667
2 0.583667 0.266333 0.136667 0.120667
2 0.771000 0.239667 0.092667 0.091333
2 0.738667 0.359000 0.170667 0.136667
2 0.771667 0.465667 0.075333 0.080667
2 0.648000 0.491333 0.046667 0.045333
2 0.542000 0.376667 0.068000 0.069333
2 0.432333 0.407000 0.155333 0.235333
2 0.342000 0.391333 0.084000 0.129333
2 0.339667 0.286000 0.088667 0.093333
2 0.201333 0.259000 0.168000 0.152667
2 0.085667 0.225333 0.111333 0.113333
2 0.099333 0.307333 0.064000 0.046667
2 0.107667 0.407333 0.132667 0.149333
2 0.226000 0.397667 0.142667 0.124667
2 0.068667 0.649000 0.122667 0.130000
2 0.145667 0.582000 0.138000 0.166667
3 0.255000 0.501667 0.086000 0.078000
2 0.271000 0.592000 0.118000 0.125333
2 0.396000 0.579000 0.134667 0.179333
2 0.710667 0.567000 0.102667 0.103333
3 0.599333 0.588667 0.069333 0.078667
3 0.857667 0.675667 0.070000 0.083333
2 0.767667 0.701000 0.119333 0.110000
2 0.842333 0.785000 0.150000 0.122000
2 0.916667 0.878333 0.152000 0.147333
2 0.727333 0.819667 0.136000 0.178000
1 0.610667 0.795000 0.105333 0.108667
2 0.594000 0.692667 0.161333 0.121333
2 0.450000 0.694000 0.121333 0.126667
2 0.485333 0.838000 0.144000 0.166667
2 0.591667 0.911000 0.123333 0.110000
2 0.248000 0.712333 0.130667 0.110000
2 0.129667 0.764000 0.150000 0.150667
2 0.260333 0.919333 0.083333 0.096000
2 0.338333 0.828667 0.158000 0.162667
2 0.375000 0.929000 0.104667 0.090000
2 0.027333 0.042667 0.053333 0.069333
2 0.124000 0.056000 0.126667 0.110667
0 0.257333 0.031667 0.077333 0.060667
0 0.289333 0.098667 0.073333 0.100000
0 0.340333 0.095000 0.043333 0.060667
0 0.380000 0.063333 0.038667 0.038667
0 0.350333 0.170000 0.084667 0.092000
0 0.293667 0.190333 0.036667 0.060667
0 0.165333 0.165000 0.098667 0.080667
0 0.198333 0.113667 0.068667 0.070000
0 0.077000 0.137000 0.055333 0.058000
0 0.056333 0.086000 0.051333 0.057333
2 0.428333 0.284333 0.044667 0.052667
0 0.025333 0.548667 0.041333 0.052000
0 0.061333 0.545000 0.028000 0.036667
2 0.235000 0.821000 0.043333 0.064667
2 0.157000 0.936333 0.130000 0.127333
3 0.039000 0.948667 0.076667 0.102667
0 0.791333 0.605333 0.058667 0.056000
0 0.871000 0.615000 0.074000 0.090000
0 0.929667 0.616333 0.066000 0.114000
0 0.958667 0.557667 0.065333 0.051333
0 0.839667 0.528333 0.115333 0.100667
0 0.949000 0.480333 0.052667 0.051333
0 0.670000 0.428000 0.108000 0.125333
0 0.601667 0.351667 0.123333 0.094000
0 0.847000 0.303333 0.063333 0.070667
0 0.800667 0.317333 0.049333 0.053333
0 0.693667 0.252667 0.068667 0.078667
2 0.967333 0.230667 0.065333 0.084000
2 0.734000 0.171000 0.073333 0.062000
0 0.747333 0.094000 0.101333 0.104000
3 0.670000 0.080000 0.052000 0.048000
3 0.859000 0.047000 0.066000 0.086000
0 0.660667 0.024000 0.048000 0.046667
0 0.571000 0.122667 0.052667 0.054667
