2 0.847333 0.160333 0.134667 0.111333
2 0.889667 0.262000 0.139333 0.129333
2 0.789000 0.362333 0.143333 0.159333
2 0.721667 0.416667 0.086000 0.101333
2 0.630667 0.398333 0.093333 0.082000
3 0.643000 0.489000 0.148667 0.114000
2 0.748000 0.525667 0.136000 0.116667
2 0.912667 0.415667 0.101333 0.144667
2 0.850000 0.453000 0.124000 0.111333
2 0.861333 0.526000 0.093333 0.096000
2 0.821333 0.589333 0.069333 0.086667
2 0.741667 0.621333 0.107333 0.094667
2 0.650667 0.617667 0.102667 0.076667
2 0.629000 0.678000 0.118000 0.064000
2 0.625000 0.746333 0.107333 0.088667
2 0.574000 0.813667 0.133333 0.115333
2 0.554000 0.889333 0.106667 0.080000
2 0.552000 0.958000 0.110667 0.076000
2 0.900667 0.719667 0.064000 0.080667
2 0.739667 0.700333 0.124667 0.094000
2 0.802000 0.765000 0.094667 0.115333
2 0.809333 0.852333 0.136000 0.110000
2 0.699333 0.806000 0.125333 0.130667
2 0.655667 0.848333 0.079333 0.071333
0 0.346333 0.282000 0.291333 0.289333
0 0.736667 0.200667 0.040000 0.045333
0 0.535000 0.363667 0.046000 0.058000
0 0.364000 0.540667 0.057333 0.062667
0 0.483000 0.564000 0.043333 0.060000
0 0.532333 0.627667 0.070000 0.064667
0 0.498000 0.699333 0.064000 0.066667
0 0.317333 0.772333 0.049333 0.054000
0 0.068000 0.904667 0.118667 0.094667
0 0.035000 0.865667 0.047333 0.050000
2 0.650667 0.935000 0.097333 0.130000
0 0.721667 0.965667 0.070000 0.068667
0 0.707333 0.903000 0.042667 0.050000
0 0.762000 0.918333 0.072000 0.082000
0 0.849333 0.912667 0.084000 0.082667
0 0.896000 0.978333 0.072000 0.043333
0 0.910333 0.943000 0.048667 0.051333
0 0.929000 0.828000 0.112667 0.130667
0 0.921000 0.905333 0.052667 0.034667
0 0.558333 0.687333 0.048667 0.074667
0 0.554333 0.589333 0.039333 0.042667
0 0.550333 0.548333 0.050000 0.046000
2 0.942667 0.538000 0.114667 0.129333
0 0.930667 0.366000 0.056000 0.046667
0 0.978667 0.344667 0.042667 0.048000
0 0.953333 0.185667 0.048000 0.039333
0 0.823000 0.050667 0.039333 0.050667
