2 0.691000 0.609000 0.070000 0.080667
3 0.629333 0.729667 0.090667 0.080667
2 0.699333 0.825333 0.149333 0.161333
2 0.759000 0.709333 0.122000 0.124000
2 0.820000 0.661000 0.105333 0.120667
2 0.834667 0.785000 0.137333 0.119333
2 0.846667 0.904333 0.161333 0.147333
2 0.947333 0.850333 0.104000 0.142000
2 0.287667 0.111333 0.066000 0.082667
0 0.099667 0.168333 0.106000 0.083333
0 0.167000 0.336667 0.292667 0.292000
0 0.026333 0.361000 0.051333 0.078000
0 0.053000 0.419333 0.051333 0.050667
0 0.078333 0.494667 0.075333 0.070667
0 0.471000 0.406000 0.330000 0.440000
0 0.601000 0.292333 0.071333 0.070000
0 0.270000 0.495333 0.286667 0.258667
0 0.103000 0.617333 0.067333 0.060000
0 0.042000 0.567000 0.044000 0.040667
0 0.087333 0.541667 0.064000 0.046000
0 0.085667 0.582333 0.096667 0.058000
0 0.237667 0.710333 0.290000 0.251333
3 0.628000 0.633333 0.054667 0.060000
0 0.726000 0.939000 0.060000 0.059333
0 0.869333 0.540667 0.261333 0.332000
0 0.852000 0.213333 0.296000 0.392000
