3 0.116667 0.092000 0.114667 0.110667
3 0.227333 0.079000 0.102667 0.112667
3 0.304000 0.117000 0.062667 0.060667
3 0.307667 0.043333 0.060667 0.074667
3 0.383667 0.065000 0.082000 0.107333
2 0.096000 0.238000 0.109333 0.122667
2 0.150667 0.167333 0.169333 0.102667
3 0.288333 0.184333 0.094000 0.087333
3 0.388000 0.174333 0.094667 0.083333
3 0.374333 0.247333 0.080667 0.064000
3 0.364667 0.314333 0.080000 0.063333
3 0.282667 0.275333 0.105333 0.086667
3 0.197333 0.239333 0.090667 0.089333
3 0.063667 0.396333 0.082000 0.086000
2 0.168000 0.379000 0.109333 0.087333
2 0.191333 0.310000 0.066667 0.056000
3 0.125667 0.581000 0.086000 0.086000
3 0.123000 0.479000 0.091333 0.076667
3 0.079333 0.752333 0.104000 0.115333
3 0.062000 0.859000 0.097333 0.086000
2 0.153333 0.854000 0.074667 0.093333
2 0.170333 0.755333 0.080667 0.104000
2 0.274333 0.775667 0.116667 0.114000
3 0.253333 0.869333 0.097333 0.098667
2 0.341000 0.924667 0.100667 0.106667
3 0.355000 0.820667 0.075333 0.096000
3 0.382000 0.654000 0.070667 0.098667
3 0.290333 0.670667 0.084667 0.106667
3 0.237000 0.587333 0.111333 0.104000
3 0.202000 0.683667 0.089333 0.094000
3 0.343667 0.554333 0.088667 0.086000
3 0.249000 0.509333 0.083333 0.060000
3 0.257000 0.431667 0.076667 0.076667
3 0.273667 0.353667 0.074000 0.084667
3 0.337000 0.385000 0.078000 0.088667
3 0.339667 0.470333 0.080667 0.076667
3 0.466667 0.087333 0.065333 0.070667
3 0.544000 0.081667 0.072000 0.082000
3 0.610333 0.082333 0.058000 0.063333
3 0.534667 0.146000 0.065333 0.064000
3 0.605333 0.147333 0.068000 0.066667
2 0.524333 0.210000 0.088667 0.061333
3 0.458333 0.159333 0.062000 0.057333
3 0.450000 0.248000 0.057333 0.068000
3 0.517667 0.293333 0.080667 0.089333
3 0.441667 0.335667 0.090000 0.084667
3 0.423000 0.422000 0.088667 0.088000
3 0.415333 0.499667 0.060000 0.076667
3 0.491000 0.497333 0.067333 0.066667
3 0.476333 0.597667 0.079333 0.086000
3 0.471333 0.677333 0.102667 0.109333
2 0.453333 0.763667 0.125333 0.092667
2 0.454333 0.856667 0.126000 0.121333
2 0.434000 0.954000 0.074667 0.068000
2 0.519667 0.954333 0.087333 0.083333
2 0.558667 0.858333 0.081333 0.084667
2 0.557000 0.772000 0.076667 0.101333
2 0.645000 0.778333 0.091333 0.119333
2 0.736667 0.865667 0.130667 0.122000
2 0.868333 0.888333 0.120667 0.146000
2 0.634000 0.863000 0.056000 0.075333
2 0.748000 0.764667 0.105333 0.101333
2 0.848667 0.761333 0.098667 0.097333
2 0.856000 0.657333 0.097333 0.100000
2 0.751333 0.664000 0.121333 0.100000
2 0.562667 0.674667 0.076000 0.085333
2 0.509333 0.408667 0.069333 0.108000
3 0.557000 0.570333 0.090000 0.110000
2 0.583000 0.406667 0.083333 0.114667
3 0.612000 0.205667 0.074667 0.052667
3 0.597333 0.278000 0.076000 0.097333
3 0.694000 0.038000 0.066667 0.061333
3 0.894000 0.086333 0.064000 0.050000
3 0.773667 0.177667 0.115333 0.118000
3 0.686667 0.161667 0.097333 0.086000
3 0.746667 0.310000 0.066667 0.066667
2 0.671667 0.369000 0.094000 0.084667
2 0.772667 0.380333 0.100000 0.076667
2 0.875667 0.370667 0.094000 0.096000
2 0.866000 0.462333 0.080000 0.074000
2 0.771667 0.484667 0.108667 0.096000
3 0.672000 0.449667 0.096000 0.068667
3 0.661667 0.518000 0.083333 0.068000
2 0.659333 0.611000 0.100000 0.115333
2 0.760333 0.570000 0.124667 0.094667
2 0.868333 0.553000 0.118000 0.111333
2 0.946000 0.706333 0.093333 0.084667
0 0.696667 0.094000 0.100000 0.054667
2 0.060000 0.497000 0.080000 0.098000
2 0.049000 0.595333 0.094000 0.110667
2 0.085333 0.654667 0.133333 0.092000
2 0.368000 0.742333 0.069333 0.066000
2 0.643333 0.686667 0.077333 0.061333
2 0.113333 0.946333 0.118667 0.107333
2 0.219667 0.948333 0.119333 0.103333
2 0.624667 0.929667 0.125333 0.140667
2 0.739000 0.951333 0.139333 0.097333
2 0.842667 0.973000 0.097333 0.054000
2 0.945333 0.813667 0.109333 0.135333
2 0.947333 0.601667 0.105333 0.150000
0 0.815333 0.305667 0.065333 0.082000
2 0.876667 0.289333 0.064000 0.074667
2 0.939333 0.236667 0.121333 0.149333
2 0.959333 0.072667 0.081333 0.141333
2 0.864000 0.032000 0.102667 0.062667
