2 0.152000 0.080333 0.122667 0.148667
3 0.908333 0.068000 0.118000 0.132000
3 0.903667 0.185000 0.114000 0.122000
3 0.808333 0.196000 0.087333 0.094667
3 0.699333 0.198667 0.122667 0.133333
2 0.592333 0.229000 0.119333 0.126000
2 0.234000 0.265667 0.072000 0.086000
2 0.211667 0.356000 0.075333 0.080000
3 0.292333 0.337000 0.086000 0.087333
3 0.477667 0.237333 0.054000 0.060000
3 0.075000 0.560667 0.120667 0.109333
3 0.818000 0.301000 0.104000 0.115333
2 0.725667 0.386667 0.116667 0.092000
2 0.709000 0.493667 0.106000 0.116667
2 0.803333 0.483000 0.100000 0.123333
2 0.895333 0.458667 0.094667 0.146667
2 0.742333 0.631667 0.119333 0.131333
2 0.850000 0.815667 0.093333 0.103333
3 0.690333 0.840000 0.076667 0.093333
2 0.561333 0.848333 0.165333 0.184667
3 0.342667 0.711333 0.112000 0.092000
3 0.111000 0.745333 0.102000 0.113333
3 0.655000 0.944667 0.103333 0.110667
3 0.044000 0.094000 0.086667 0.096000
3 0.389000 0.029000 0.075333 0.056667
3 0.467000 0.037000 0.047333 0.060667
1 0.313333 0.199667 0.049333 0.048667
2 0.038333 0.284333 0.059333 0.055333
2 0.153667 0.283000 0.035333 0.039333
0 0.361667 0.316333 0.091333 0.110000
0 0.508000 0.346000 0.146667 0.152000
0 0.507333 0.471667 0.146667 0.128667
0 0.592667 0.531667 0.041333 0.051333
0 0.334333 0.460000 0.111333 0.137333
2 0.079333 0.460667 0.066667 0.053333
2 0.163667 0.543333 0.048667 0.050667
0 0.415667 0.554000 0.047333 0.057333
0 0.598333 0.582000 0.071333 0.050667
0 0.060000 0.831000 0.092000 0.100667
0 0.109000 0.897667 0.062000 0.066000
0 0.059667 0.952667 0.060667 0.065333
2 0.451667 0.941000 0.118000 0.118000
2 0.472667 0.859667 0.049333 0.068667
0 0.715667 0.967333 0.039333 0.056000
2 0.868000 0.942000 0.084000 0.084000
2 0.947000 0.615000 0.106000 0.156667
0 0.858333 0.570333 0.035333 0.044667
2 0.973333 0.459667 0.053333 0.100667
0 0.810667 0.400000 0.053333 0.050667
0 0.609667 0.146667 0.071333 0.064000
0 0.662667 0.108333 0.045333 0.059333
