2 0.157000 0.125333 0.164667 0.133333
2 0.565333 0.164333 0.173333 0.175333
2 0.356000 0.150333 0.064000 0.058000
2 0.615333 0.085000 0.093333 0.111333
2 0.670667 0.176000 0.070667 0.073333
2 0.734667 0.094667 0.137333 0.128000
2 0.805333 0.159667 0.162667 0.151333
2 0.768000 0.297333 0.245333 0.164000
2 0.932667 0.329667 0.125333 0.152667
2 0.931333 0.433667 0.080000 0.083333
2 0.787667 0.416000 0.079333 0.066667
2 0.669333 0.411000 0.157333 0.148667
2 0.557333 0.403667 0.065333 0.074000
2 0.533000 0.290000 0.116667 0.112000
2 0.322000 0.237333 0.168000 0.170667
2 0.387000 0.374000 0.183333 0.180000
2 0.243000 0.377333 0.118000 0.109333
2 0.196333 0.264333 0.111333 0.116667
2 0.091000 0.234333 0.136667 0.151333
2 0.180000 0.492333 0.105333 0.152667
2 0.322667 0.500333 0.169333 0.139333
2 0.516667 0.494000 0.162667 0.190667
2 0.082000 0.499667 0.085333 0.120667
2 0.069333 0.729667 0.129333 0.155333
2 0.184000 0.740667 0.138667 0.180000
2 0.221667 0.626667 0.139333 0.136000
2 0.354667 0.631667 0.128000 0.140667
2 0.322333 0.761333 0.128667 0.136000
2 0.448000 0.755333 0.108000 0.090667
0 0.385333 0.842000 0.056000 0.058667
2 0.372333 0.925333 0.095333 0.089333
0 0.462667 0.921333 0.060000 0.069333
2 0.262333 0.901667 0.115333 0.119333
2 0.088000 0.910667 0.069333 0.073333
2 0.162333 0.897000 0.082000 0.120667
3 0.457000 0.647000 0.084667 0.123333
2 0.546000 0.657333 0.098667 0.105333
2 0.652000 0.647000 0.122667 0.138000
2 0.741667 0.654000 0.064667 0.101333
2 0.848667 0.669333 0.152000 0.126667
2 0.928000 0.540667 0.134667 0.164000
2 0.801000 0.528667 0.119333 0.162667
3 0.687333 0.530333 0.104000 0.087333
2 0.906667 0.786333 0.165333 0.152667
2 0.859000 0.893333 0.172667 0.166667
2 0.731333 0.886000 0.086667 0.101333
2 0.714667 0.769000 0.138667 0.126000
2 0.616667 0.848333 0.162667 0.190000
2 0.573667 0.926667 0.090000 0.069333
2 0.408333 0.079667 0.164667 0.158000
2 0.454333 0.171333 0.043333 0.053333
2 0.048333 0.095333 0.095333 0.136000
2 0.615000 0.290667 0.055333 0.053333
2 0.051333 0.357333 0.101333 0.126667
2 0.062667 0.852333 0.124000 0.140667
0 0.067333 0.970333 0.098667 0.059333
2 0.960667 0.899000 0.068000 0.098000
2 0.956000 0.668000 0.088000 0.150667
2 0.935333 0.164000 0.129333 0.218667
0 0.873000 0.060333 0.075333 0.068667
