2 0.119333 0.066333 0.134667 0.131333
2 0.253333 0.061667 0.136000 0.119333
2 0.161000 0.178333 0.126000 0.150000
2 0.252667 0.179667 0.109333 0.147333
2 0.328000 0.254667 0.101333 0.092000
2 0.357000 0.153333 0.110000 0.100000
2 0.357667 0.067000 0.088667 0.080667
2 0.479333 0.062333 0.109333 0.110000
2 0.666667 0.143333 0.114667 0.110667
2 0.872333 0.068333 0.059333 0.060667
3 0.932667 0.129667 0.082667 0.080667
2 0.744333 0.255333 0.090000 0.154667
3 0.842333 0.247000 0.083333 0.095333
2 0.916000 0.352333 0.149333 0.118000
3 0.797333 0.365000 0.090667 0.079333
2 0.705667 0.368000 0.079333 0.098667
2 0.635000 0.258000 0.118000 0.142667
2 0.503333 0.251000 0.138667 0.140667
2 0.618000 0.381000 0.101333 0.108667
2 0.518333 0.383667 0.118000 0.127333
2 0.420000 0.376667 0.125333 0.164000
2 0.307667 0.373333 0.134000 0.148000
2 0.217333 0.290000 0.108000 0.101333
2 0.140000 0.363333 0.168000 0.170667
2 0.094000 0.488667 0.161333 0.132000
2 0.275000 0.464333 0.115333 0.096667
3 0.449333 0.468333 0.061333 0.052667
2 0.107333 0.572667 0.066667 0.064000
2 0.280000 0.594333 0.144000 0.154000
2 0.389000 0.578000 0.092667 0.138667
2 0.492333 0.571000 0.136667 0.150000
2 0.567333 0.551667 0.058667 0.080667
2 0.655000 0.543333 0.119333 0.122667
2 0.754667 0.481000 0.138667 0.124667
2 0.937667 0.462333 0.115333 0.112667
2 0.892333 0.583667 0.155333 0.172667
2 0.774333 0.569667 0.099333 0.083333
2 0.092333 0.678667 0.124667 0.129333
2 0.188000 0.664333 0.138667 0.163333
2 0.172000 0.794667 0.137333 0.108000
2 0.049333 0.874000 0.094667 0.074667
2 0.054000 0.788000 0.101333 0.105333
2 0.294333 0.771000 0.115333 0.116667
2 0.237667 0.877333 0.110000 0.096000
2 0.352333 0.865667 0.083333 0.078000
2 0.413000 0.832333 0.055333 0.070000
2 0.482667 0.858000 0.105333 0.101333
2 0.493000 0.760667 0.112667 0.109333
2 0.566667 0.761000 0.096000 0.082000
2 0.559667 0.678000 0.126000 0.105333
2 0.654000 0.656000 0.073333 0.086667
2 0.673667 0.760333 0.095333 0.111333
2 0.794333 0.783667 0.159333 0.142000
2 0.889667 0.767000 0.083333 0.086000
2 0.679333 0.910000 0.129333 0.125333
2 0.799333 0.919000 0.150667 0.143333
2 0.913667 0.897000 0.115333 0.143333
0 0.436667 0.206667 0.045333 0.046667
3 0.697333 0.064333 0.038667 0.039333
3 0.191333 0.468000 0.054667 0.061333
3 0.197333 0.575000 0.062667 0.068667
2 0.152333 0.854667 0.067333 0.069333
2 0.092667 0.929000 0.181333 0.142000
2 0.200667 0.957333 0.085333 0.085333
2 0.311667 0.938000 0.147333 0.124000
2 0.444333 0.935000 0.134000 0.130000
2 0.572667 0.929667 0.128000 0.140667
2 0.766333 0.657667 0.175333 0.143333
3 0.831333 0.462667 0.057333 0.073333
2 0.950000 0.219667 0.100000 0.142000
