2 0.634000 0.101667 0.161333 0.175333
2 0.146000 0.123333 0.106667 0.109333
2 0.252333 0.157333 0.122000 0.133333
2 0.361333 0.398000 0.098667 0.101333
2 0.352000 0.288000 0.092000 0.102667
2 0.437667 0.281333 0.092667 0.165333
2 0.555667 0.284333 0.154000 0.176667
2 0.749333 0.092000 0.089333 0.113333
1 0.942333 0.230333 0.086000 0.123333
2 0.795333 0.184333 0.194667 0.174000
2 0.716667 0.335000 0.157333 0.155333
2 0.857667 0.347000 0.172667 0.204667
2 0.908333 0.492000 0.174000 0.153333
2 0.725000 0.461667 0.112667 0.108667
2 0.572667 0.427333 0.166667 0.157333
2 0.541000 0.552333 0.150000 0.151333
2 0.647000 0.568667 0.082000 0.105333
2 0.751333 0.576000 0.134667 0.121333
2 0.913000 0.605333 0.111333 0.098667
3 0.467333 0.727333 0.086667 0.096000
2 0.562333 0.663667 0.090000 0.092667
2 0.652667 0.659667 0.070667 0.087333
2 0.757000 0.688333 0.120667 0.118000
2 0.864000 0.710667 0.096000 0.134667
2 0.954333 0.703667 0.076667 0.087333
2 0.672667 0.792667 0.133333 0.145333
2 0.797667 0.803667 0.119333 0.123333
2 0.266000 0.712333 0.116000 0.110000
2 0.140333 0.701667 0.135333 0.122000
2 0.162333 0.595000 0.123333 0.111333
2 0.325667 0.558000 0.122000 0.118667
2 0.227000 0.491333 0.155333 0.148000
2 0.136000 0.373333 0.134667 0.154667
2 0.244333 0.367667 0.084667 0.095333
2 0.043667 0.456333 0.075333 0.082000
2 0.123667 0.490667 0.071333 0.084000
2 0.111667 0.224667 0.144667 0.152000
2 0.244333 0.261000 0.120667 0.110000
0 0.059000 0.121667 0.060667 0.064667
2 0.370667 0.197333 0.065333 0.081333
2 0.036333 0.347667 0.071333 0.119333
2 0.457667 0.395333 0.052667 0.048000
0 0.271000 0.634000 0.050000 0.048000
0 0.106333 0.819000 0.048667 0.072667
0 0.352000 0.815667 0.064000 0.056667
0 0.379000 0.844000 0.075333 0.072000
0 0.442000 0.857333 0.057333 0.064000
0 0.586000 0.954333 0.118667 0.091333
0 0.669000 0.910333 0.108667 0.111333
3 0.877333 0.796333 0.058667 0.066000
2 0.960333 0.340333 0.071333 0.106000
0 0.858333 0.084667 0.079333 0.096000
2 0.945000 0.129000 0.110000 0.132667
