3 0.581333 0.120667 0.080000 0.073333
2 0.647333 0.198333 0.126667 0.146000
2 0.720333 0.077667 0.119333 0.123333
3 0.796000 0.045667 0.073333 0.087333
3 0.786333 0.146333 0.120667 0.124667
2 0.795000 0.236333 0.155333 0.147333
2 0.912667 0.215667 0.101333 0.122000
2 0.897333 0.329000 0.101333 0.118000
2 0.783333 0.357333 0.121333 0.113333
2 0.877333 0.422000 0.102667 0.134667
2 0.767667 0.462000 0.119333 0.132000
2 0.648333 0.450333 0.151333 0.150000
3 0.509667 0.429333 0.092667 0.094667
2 0.462000 0.548000 0.202667 0.165333
2 0.568000 0.594667 0.129333 0.172000
2 0.672333 0.584000 0.143333 0.136000
2 0.791667 0.569667 0.146000 0.158000
2 0.911333 0.548333 0.137333 0.135333
2 0.873667 0.651667 0.102000 0.108667
2 0.763000 0.668667 0.144667 0.133333
2 0.848667 0.772667 0.162667 0.141333
2 0.726333 0.820000 0.154000 0.166667
2 0.841667 0.854333 0.128667 0.116667
2 0.664667 0.690000 0.089333 0.085333
2 0.542333 0.713667 0.196667 0.156667
2 0.605667 0.836667 0.143333 0.138667
3 0.598667 0.938000 0.070667 0.069333
2 0.463333 0.856667 0.166667 0.190667
2 0.280000 0.580000 0.094667 0.098667
3 0.088000 0.583667 0.097333 0.096667
2 0.185333 0.579000 0.094667 0.115333
2 0.112333 0.700333 0.112667 0.150000
2 0.229000 0.701667 0.123333 0.119333
2 0.342667 0.666000 0.136000 0.133333
2 0.257667 0.908667 0.167333 0.113333
2 0.161667 0.804667 0.108667 0.092000
1 0.269333 0.810667 0.134667 0.101333
3 0.427000 0.631000 0.050000 0.047333
0 0.145000 0.185333 0.287333 0.368000
0 0.258333 0.145667 0.303333 0.287333
0 0.129000 0.399333 0.256667 0.220000
3 0.039000 0.525333 0.076667 0.074667
0 0.381000 0.572333 0.035333 0.036667
0 0.347667 0.763333 0.083333 0.077333
0 0.392000 0.813333 0.037333 0.037333
2 0.078333 0.914667 0.155333 0.170667
0 0.018333 0.815000 0.035333 0.030000
2 0.856000 0.947333 0.142667 0.105333
3 0.881333 0.030667 0.074667 0.060000
