2 0.944000 0.350333 0.097333 0.075333
2 0.692333 0.283000 0.116667 0.123333
2 0.485333 0.205333 0.105333 0.090667
2 0.344667 0.219667 0.070667 0.080667
2 0.411000 0.219667 0.054000 0.078000
2 0.571333 0.028333 0.105333 0.055333
2 0.573000 0.112667 0.108667 0.149333
2 0.678000 0.118667 0.101333 0.105333
2 0.800333 0.109667 0.148667 0.146000
2 0.796000 0.259333 0.140000 0.168000
2 0.906333 0.244667 0.114000 0.133333
2 0.448000 0.311667 0.130667 0.114000
2 0.574333 0.313000 0.127333 0.127333
2 0.630667 0.416333 0.121333 0.120667
2 0.703333 0.526667 0.125333 0.128000
2 0.587667 0.523333 0.110000 0.088000
2 0.534000 0.590000 0.102667 0.137333
2 0.625000 0.616333 0.095333 0.104667
2 0.449333 0.710000 0.172000 0.189333
2 0.179333 0.944000 0.104000 0.112000
2 0.316667 0.926000 0.148000 0.132000
2 0.055333 0.079667 0.104000 0.122000
2 0.171000 0.097000 0.112667 0.115333
2 0.296000 0.114333 0.124000 0.111333
2 0.223667 0.198333 0.123333 0.084667
2 0.206333 0.286333 0.078000 0.088667
2 0.042333 0.192000 0.080667 0.100000
2 0.087000 0.252667 0.150000 0.160000
2 0.154333 0.371333 0.140667 0.138667
2 0.305667 0.297000 0.159333 0.167333
2 0.421000 0.402333 0.092667 0.087333
2 0.332000 0.376000 0.096000 0.104000
2 0.279333 0.474000 0.098667 0.102667
2 0.413000 0.508000 0.152667 0.137333
2 0.186000 0.505667 0.090667 0.119333
2 0.093667 0.484333 0.136667 0.116667
2 0.081333 0.571667 0.158667 0.115333
2 0.084000 0.671333 0.138667 0.133333
2 0.063333 0.807667 0.125333 0.138000
2 0.159333 0.779333 0.066667 0.066667
2 0.234000 0.740000 0.080000 0.073333
2 0.194667 0.652667 0.104000 0.106667
2 0.278000 0.583000 0.126667 0.104667
2 0.314667 0.678667 0.113333 0.104000
2 0.155000 0.189333 0.062000 0.060000
2 0.504333 0.130000 0.126000 0.120000
2 0.654667 0.034000 0.069333 0.066667
2 0.040667 0.393333 0.080000 0.141333
0 0.504000 0.430333 0.113333 0.132667
0 0.043667 0.702000 0.086000 0.109333
0 0.399333 0.807667 0.100000 0.106000
0 0.256667 0.817000 0.121333 0.140667
0 0.172000 0.862000 0.112000 0.109333
0 0.538333 0.781333 0.111333 0.136000
0 0.622667 0.712000 0.082667 0.084000
0 0.707667 0.623667 0.088667 0.082000
0 0.801000 0.553000 0.110000 0.119333
1 0.860000 0.571000 0.036000 0.036667
1 0.940000 0.520333 0.036000 0.038000
0 0.850000 0.413667 0.114667 0.118000
0 0.730333 0.416000 0.088667 0.089333
0 0.808000 0.343667 0.049333 0.044667
0 0.892667 0.120333 0.066667 0.095333
