3 0.573000 0.272000 0.130000 0.134667
2 0.654667 0.427667 0.164000 0.176667
2 0.785333 0.444000 0.102667 0.132000
2 0.549333 0.134333 0.158667 0.148667
2 0.676333 0.106000 0.084667 0.086667
2 0.872667 0.082333 0.202667 0.134000
2 0.839667 0.210667 0.196667 0.137333
2 0.831333 0.328000 0.156000 0.141333
2 0.076333 0.795667 0.140667 0.146000
2 0.092333 0.671667 0.152667 0.115333
2 0.095333 0.559333 0.169333 0.132000
2 0.130667 0.292000 0.196000 0.156000
2 0.137667 0.428667 0.187333 0.134667
2 0.149667 0.088333 0.180667 0.170000
2 0.073000 0.178333 0.130000 0.119333
2 0.079667 0.925000 0.158000 0.127333
0 0.741333 0.946667 0.053333 0.061333
0 0.653667 0.930000 0.108667 0.094667
0 0.690000 0.843667 0.116000 0.099333
0 0.552667 0.797667 0.088000 0.084667
0 0.568667 0.697333 0.129333 0.096000
0 0.866333 0.819333 0.075333 0.084000
0 0.983667 0.913333 0.030000 0.037333
0 0.933000 0.664000 0.032667 0.040000
0 0.742667 0.696333 0.113333 0.104667
0 0.709333 0.625667 0.105333 0.080667
0 0.773667 0.562667 0.070000 0.088000
0 0.597667 0.596333 0.098000 0.110000
0 0.550000 0.537667 0.100000 0.084667
0 0.532667 0.452333 0.084000 0.102000
2 0.946667 0.312000 0.106667 0.153333
2 0.665333 0.303333 0.077333 0.082667
2 0.787000 0.025333 0.079333 0.049333
