2 0.947000 0.826667 0.106000 0.121333
0 0.187333 0.147667 0.093333 0.095333
0 0.180333 0.210000 0.098000 0.052000
0 0.262000 0.046667 0.097333 0.092000
0 0.034333 0.062000 0.067333 0.094667
0 0.072000 0.205667 0.140000 0.168667
0 0.114333 0.285667 0.067333 0.067333
0 0.128000 0.351333 0.082667 0.077333
0 0.066333 0.348667 0.034000 0.028000
0 0.187000 0.327000 0.048667 0.046000
0 0.190667 0.430000 0.040000 0.050667
0 0.369000 0.195000 0.116667 0.116667
0 0.334667 0.126333 0.093333 0.063333
0 0.448333 0.085333 0.139333 0.134667
0 0.545333 0.172333 0.064000 0.060667
0 0.638333 0.272667 0.088667 0.105333
0 0.715667 0.287000 0.070000 0.079333
0 0.647000 0.359667 0.058000 0.056667
0 0.717667 0.371667 0.106000 0.099333
0 0.662667 0.443333 0.041333 0.038667
0 0.727667 0.451333 0.039333 0.038667
0 0.739667 0.481667 0.048667 0.036667
0 0.486000 0.458667 0.056000 0.050667
0 0.378000 0.398333 0.145333 0.150000
0 0.276667 0.385333 0.121333 0.120000
0 0.131667 0.600667 0.247333 0.289333
0 0.438333 0.540000 0.088667 0.120000
0 0.490000 0.616333 0.048000 0.039333
0 0.362667 0.721333 0.054667 0.062667
0 0.086000 0.800667 0.068000 0.054667
2 0.063333 0.872667 0.056000 0.062667
0 0.148333 0.877667 0.068667 0.055333
0 0.114000 0.911667 0.050667 0.043333
0 0.033333 0.929000 0.053333 0.060667
0 0.626333 0.916667 0.043333 0.054667
0 0.662667 0.856667 0.025333 0.029333
0 0.693333 0.851667 0.037333 0.038000
2 0.698667 0.890667 0.034667 0.040000
2 0.877000 0.926000 0.146000 0.148000
0 0.951667 0.732333 0.070000 0.078000
0 0.962333 0.663667 0.075333 0.102000
0 0.905667 0.488667 0.062000 0.061333
0 0.855000 0.463333 0.052667 0.064000
0 0.806333 0.483333 0.062000 0.054667
0 0.792333 0.429333 0.063333 0.053333
0 0.840333 0.402667 0.028667 0.032000
0 0.736000 0.159667 0.193333 0.191333
0 0.842667 0.266667 0.069333 0.068000
0 0.912333 0.217667 0.038000 0.048667
