2 0.521667 0.427000 0.122000 0.122000
2 0.299333 0.544667 0.108000 0.100000
2 0.249333 0.644667 0.125333 0.105333
3 0.164667 0.758000 0.094667 0.088000
2 0.265333 0.752333 0.137333 0.107333
2 0.365333 0.644667 0.129333 0.141333
2 0.486000 0.538667 0.126667 0.104000
2 0.484000 0.650000 0.120000 0.132000
2 0.596667 0.513000 0.077333 0.094000
2 0.706333 0.496667 0.184667 0.190667
2 0.849333 0.506667 0.110667 0.154667
2 0.925000 0.636333 0.107333 0.119333
2 0.815333 0.633667 0.106667 0.106000
2 0.706333 0.633667 0.124667 0.106000
2 0.594000 0.626333 0.102667 0.112667
2 0.185000 0.865667 0.120667 0.111333
2 0.300667 0.876667 0.130667 0.133333
2 0.386000 0.771667 0.106667 0.112667
2 0.405000 0.869000 0.086000 0.082000
2 0.499333 0.767667 0.116000 0.118000
3 0.608333 0.739333 0.082000 0.077333
2 0.624333 0.844333 0.103333 0.112667
2 0.857667 0.815000 0.158000 0.176667
2 0.719000 0.743333 0.120667 0.097333
2 0.685333 0.934333 0.072000 0.092667
2 0.765333 0.937000 0.104000 0.110000
2 0.525000 0.862333 0.110000 0.090000
3 0.082000 0.754667 0.060000 0.069333
2 0.195000 0.538667 0.067333 0.070667
2 0.080000 0.665667 0.130667 0.088667
0 0.246667 0.283000 0.477333 0.555333
0 0.503667 0.338000 0.092667 0.106667
3 0.171667 0.452667 0.076667 0.080000
3 0.411000 0.532333 0.058000 0.088667
3 0.178000 0.631000 0.045333 0.060667
0 0.091667 0.834667 0.071333 0.081333
0 0.063667 0.892667 0.070000 0.080000
3 0.106667 0.950333 0.097333 0.099333
2 0.585000 0.943000 0.162000 0.114000
2 0.929333 0.924000 0.141333 0.150667
3 0.840000 0.936000 0.056000 0.060000
3 0.964000 0.787333 0.072000 0.110667
2 0.721667 0.819000 0.074000 0.074000
0 0.698000 0.862667 0.050667 0.045333
2 0.815000 0.709333 0.087333 0.066667
2 0.947667 0.497667 0.104667 0.204667
0 0.794000 0.372000 0.065333 0.064000
0 0.947333 0.326000 0.105333 0.102667
0 0.888000 0.294667 0.078667 0.076000
0 0.932333 0.254667 0.086000 0.069333
0 0.878333 0.149000 0.243333 0.296667
0 0.694667 0.083333 0.181333 0.164000
