3 0.165333 0.599667 0.096000 0.112667
3 0.332667 0.562000 0.116000 0.134667
3 0.258333 0.635667 0.128667 0.118000
3 0.176333 0.728333 0.120667 0.122000
2 0.150667 0.908000 0.122667 0.154667
3 0.246667 0.808000 0.122667 0.109333
3 0.236000 0.908667 0.076000 0.064000
3 0.269000 0.949667 0.083333 0.098000
3 0.332000 0.941333 0.068000 0.106667
3 0.380667 0.842333 0.070667 0.083333
2 0.433000 0.931667 0.116667 0.123333
3 0.474333 0.735333 0.116667 0.172000
2 0.386333 0.649667 0.087333 0.087333
3 0.389667 0.738667 0.052667 0.068000
3 0.295667 0.717667 0.087333 0.084667
3 0.491000 0.554000 0.083333 0.106667
2 0.553333 0.615667 0.072000 0.063333
2 0.564667 0.694667 0.072000 0.092000
2 0.619333 0.788000 0.096000 0.097333
2 0.546000 0.902333 0.098667 0.148667
2 0.645667 0.897667 0.118000 0.119333
3 0.647000 0.688000 0.084667 0.066667
3 0.641333 0.607333 0.100000 0.100000
3 0.588333 0.512333 0.114000 0.123333
3 0.740333 0.584667 0.098000 0.104000
3 0.743667 0.672333 0.088667 0.080667
2 0.739667 0.774667 0.114000 0.106667
2 0.818333 0.820000 0.054000 0.102667
2 0.756333 0.849667 0.078000 0.062000
2 0.757667 0.935667 0.096667 0.107333
2 0.875000 0.915667 0.098000 0.099333
2 0.929333 0.829333 0.124000 0.128000
2 0.891333 0.732333 0.133333 0.091333
2 0.909333 0.628333 0.136000 0.119333
2 0.833333 0.568333 0.085333 0.106000
2 0.897000 0.473333 0.112667 0.104000
2 0.945667 0.539000 0.108667 0.104667
0 0.141000 0.235000 0.044667 0.046000
0 0.131333 0.363333 0.057333 0.054667
0 0.073667 0.398000 0.050000 0.062667
0 0.042000 0.427333 0.034667 0.038667
0 0.358333 0.282000 0.278000 0.333333
0 0.690333 0.246667 0.063333 0.048000
0 0.754667 0.268667 0.032000 0.036000
0 0.726333 0.294333 0.059333 0.080667
0 0.734333 0.356333 0.030000 0.035333
0 0.660667 0.322333 0.041333 0.040667
0 0.676667 0.287667 0.052000 0.043333
0 0.634667 0.372667 0.065333 0.066667
0 0.021000 0.481000 0.039333 0.066000
0 0.054667 0.509000 0.062667 0.075333
0 0.113000 0.480667 0.055333 0.060000
0 0.145000 0.471333 0.058000 0.056000
0 0.400667 0.436667 0.053333 0.042667
0 0.280667 0.449667 0.040000 0.035333
0 0.339667 0.478333 0.086000 0.079333
0 0.401667 0.486000 0.059333 0.061333
0 0.422667 0.522333 0.049333 0.058000
0 0.477000 0.442333 0.084667 0.086000
0 0.665333 0.429667 0.069333 0.070000
0 0.692333 0.388000 0.076667 0.085333
0 0.182667 0.516667 0.077333 0.076000
0 0.262000 0.510333 0.073333 0.095333
0 0.244333 0.484000 0.031333 0.036000
0 0.093000 0.597333 0.028667 0.026667
0 0.410000 0.566667 0.041333 0.037333
0 0.117333 0.655333 0.044000 0.037333
3 0.057667 0.706333 0.114000 0.120667
0 0.049333 0.797000 0.097333 0.098000
2 0.057333 0.894000 0.102667 0.126667
2 0.956000 0.945667 0.086667 0.108667
3 0.960000 0.708000 0.069333 0.064000
0 0.815000 0.674333 0.034000 0.032667
2 0.677667 0.504333 0.058000 0.055333
2 0.776333 0.477667 0.110000 0.104667
0 0.844000 0.369000 0.096000 0.099333
0 0.782667 0.271667 0.030667 0.047333
0 0.905333 0.186333 0.189333 0.256667
0 0.856667 0.286000 0.036000 0.042667
