3 0.136667 0.126333 0.136000 0.154000
2 0.243667 0.154000 0.075333 0.090667
2 0.224667 0.051333 0.136000 0.101333
2 0.350000 0.078333 0.106667 0.144667
2 0.452667 0.083667 0.090667 0.142000
2 0.566667 0.080333 0.101333 0.154000
2 0.728667 0.169667 0.133333 0.111333
2 0.851333 0.158667 0.096000 0.092000
2 0.953000 0.142000 0.087333 0.094667
3 0.890667 0.256000 0.133333 0.102667
2 0.671667 0.245333 0.127333 0.106667
3 0.774333 0.266000 0.066000 0.066667
3 0.461333 0.207333 0.129333 0.100000
3 0.322667 0.207667 0.136000 0.111333
2 0.227667 0.261333 0.112667 0.094667
2 0.125667 0.299000 0.094000 0.099333
3 0.215333 0.343333 0.104000 0.102667
3 0.342333 0.298333 0.106000 0.098000
3 0.459333 0.306000 0.130667 0.128000
2 0.300333 0.393333 0.115333 0.100000
3 0.411333 0.416333 0.073333 0.082000
3 0.562333 0.316333 0.079333 0.104667
2 0.512000 0.419667 0.105333 0.111333
0 0.608333 0.432333 0.079333 0.114000
2 0.661333 0.356000 0.104000 0.113333
2 0.786000 0.361000 0.129333 0.115333
2 0.909000 0.367667 0.119333 0.123333
2 0.872333 0.480333 0.090000 0.115333
2 0.950000 0.484000 0.068000 0.100000
2 0.741000 0.470000 0.139333 0.102667
2 0.709667 0.587333 0.146000 0.140000
2 0.843667 0.610667 0.152667 0.134667
3 0.634667 0.650000 0.101333 0.101333
3 0.597333 0.761333 0.112000 0.102667
3 0.541667 0.880667 0.104667 0.100000
2 0.663333 0.890667 0.133333 0.146667
2 0.716000 0.781000 0.108000 0.122000
2 0.820333 0.797333 0.108667 0.166667
2 0.935000 0.751000 0.112667 0.128667
2 0.896667 0.885000 0.133333 0.127333
3 0.344000 0.856667 0.102667 0.114667
3 0.439667 0.882333 0.106000 0.116667
2 0.461000 0.772000 0.126000 0.124000
3 0.521000 0.661000 0.123333 0.110000
0 0.407000 0.635000 0.090000 0.083333
2 0.357333 0.729000 0.133333 0.159333
0 0.264000 0.754667 0.068000 0.092000
2 0.236333 0.856667 0.115333 0.109333
2 0.084000 0.927333 0.100000 0.090667
2 0.126667 0.831667 0.101333 0.092667
2 0.129000 0.725667 0.148667 0.114000
2 0.236000 0.633667 0.126667 0.142000
3 0.064333 0.516333 0.114000 0.087333
3 0.087333 0.435667 0.098667 0.076667
3 0.175000 0.498333 0.090000 0.115333
3 0.272667 0.508667 0.100000 0.120000
3 0.370000 0.515333 0.094667 0.133333
2 0.492333 0.530333 0.155333 0.123333
3 0.139667 0.616333 0.058000 0.092667
2 0.052667 0.635667 0.093333 0.126000
2 0.060667 0.181333 0.120000 0.153333
2 0.694667 0.069333 0.146667 0.137333
2 0.043000 0.838000 0.084667 0.146667
2 0.193667 0.932667 0.179333 0.134667
2 0.902667 0.963000 0.097333 0.074000
2 0.949667 0.637333 0.100667 0.146667
2 0.885667 0.053667 0.146000 0.106000
