3 0.073667 0.091000 0.079333 0.083333
3 0.163000 0.088667 0.111333 0.121333
2 0.263667 0.060333 0.118000 0.114000
2 0.370333 0.064333 0.114000 0.119333
2 0.502667 0.065667 0.132000 0.124667
3 0.604333 0.076000 0.074000 0.088000
2 0.849333 0.115667 0.153333 0.183333
2 0.625000 0.174000 0.104667 0.097333
2 0.511000 0.166333 0.112667 0.118000
3 0.393000 0.165667 0.104667 0.100667
2 0.284000 0.169667 0.125333 0.119333
2 0.169667 0.185000 0.120667 0.111333
3 0.089333 0.321667 0.097333 0.112667
2 0.181333 0.313667 0.110667 0.140667
2 0.272667 0.306667 0.100000 0.148000
2 0.404333 0.283667 0.176667 0.150000
2 0.389000 0.404000 0.123333 0.129333
2 0.579667 0.277333 0.147333 0.109333
2 0.584000 0.393000 0.180000 0.182000
2 0.702667 0.367000 0.098667 0.106000
2 0.923667 0.248333 0.146000 0.135333
2 0.893000 0.358667 0.182000 0.153333
2 0.870667 0.487333 0.162667 0.129333
3 0.656333 0.498333 0.094000 0.090000
3 0.276333 0.431667 0.095333 0.087333
3 0.122333 0.446000 0.118000 0.100000
2 0.088333 0.549667 0.150000 0.107333
2 0.063667 0.655333 0.115333 0.106667
2 0.169667 0.641333 0.115333 0.104000
2 0.303000 0.531000 0.118000 0.124667
3 0.437667 0.532333 0.126000 0.111333
3 0.264667 0.629667 0.080000 0.083333
3 0.368667 0.632333 0.089333 0.100667
2 0.552000 0.593667 0.110667 0.114000
3 0.936667 0.597000 0.100000 0.090000
3 0.653333 0.585333 0.064000 0.061333
3 0.823667 0.594333 0.098000 0.090000
2 0.774333 0.681000 0.070000 0.070000
2 0.130000 0.842000 0.133333 0.120000
2 0.306333 0.731667 0.096667 0.090000
3 0.442333 0.817000 0.094000 0.111333
3 0.539333 0.814333 0.097333 0.124667
2 0.596667 0.714333 0.128000 0.111333
3 0.625667 0.799667 0.070000 0.076667
2 0.679000 0.700333 0.084667 0.111333
3 0.566667 0.915000 0.085333 0.082000
2 0.758667 0.905667 0.098667 0.114000
2 0.453000 0.929333 0.120667 0.133333
2 0.352667 0.931333 0.137333 0.137333
3 0.259000 0.924000 0.075333 0.066667
2 0.142000 0.948667 0.101333 0.100000
2 0.715667 0.062000 0.144667 0.122667
0 0.079333 0.179667 0.070667 0.082000
3 0.477000 0.394333 0.059333 0.091333
2 0.216333 0.535333 0.034000 0.034667
3 0.035000 0.760333 0.068667 0.094000
3 0.254667 0.812000 0.072000 0.072000
2 0.029333 0.843000 0.057333 0.078000
3 0.132333 0.735667 0.047333 0.059333
0 0.383333 0.762333 0.064000 0.095333
3 0.658333 0.948667 0.095333 0.093333
3 0.648000 0.883333 0.080000 0.082667
3 0.742333 0.804000 0.159333 0.173333
2 0.932667 0.948667 0.125333 0.102667
3 0.948667 0.861000 0.102667 0.119333
2 0.970000 0.467000 0.060000 0.090000
2 0.678333 0.254667 0.067333 0.097333
2 0.755333 0.275333 0.102667 0.110667
2 0.716000 0.172333 0.072000 0.075333
2 0.962667 0.125667 0.072000 0.112667
