3 0.127000 0.128333 0.108667 0.142000
2 0.286000 0.190667 0.104000 0.120000
0 0.200000 0.189000 0.068000 0.080667
0 0.064667 0.225667 0.113333 0.114000
2 0.084667 0.390000 0.140000 0.112000
2 0.153333 0.459333 0.128000 0.070667
2 0.162333 0.556333 0.143333 0.118000
2 0.091667 0.664667 0.162000 0.134667
2 0.039000 0.779667 0.071333 0.094000
2 0.123667 0.787333 0.095333 0.140000
2 0.211000 0.746000 0.087333 0.130667
2 0.278667 0.640000 0.164000 0.142667
2 0.395000 0.655000 0.108667 0.118000
2 0.458333 0.748333 0.115333 0.128667
2 0.301667 0.762667 0.120667 0.100000
2 0.206333 0.862000 0.094000 0.104000
2 0.313333 0.860000 0.130667 0.110667
2 0.121667 0.899000 0.094000 0.091333
2 0.051333 0.916333 0.062667 0.102000
2 0.255667 0.931667 0.095333 0.102000
2 0.427000 0.881667 0.106000 0.143333
2 0.546667 0.849000 0.130667 0.139333
3 0.360333 0.536333 0.094000 0.088667
2 0.307000 0.462333 0.118000 0.112667
2 0.461000 0.413333 0.179333 0.137333
2 0.478333 0.513667 0.124667 0.079333
2 0.470667 0.594667 0.104000 0.100000
2 0.578333 0.569000 0.086000 0.151333
2 0.655333 0.636667 0.168000 0.108000
2 0.691000 0.741333 0.167333 0.129333
2 0.794667 0.821667 0.168000 0.120667
2 0.863333 0.737667 0.144000 0.119333
2 0.854333 0.647000 0.082000 0.095333
2 0.772000 0.615000 0.104000 0.128667
2 0.676000 0.528000 0.136000 0.105333
2 0.686667 0.421000 0.133333 0.122000
2 0.586333 0.363667 0.087333 0.104667
0 0.517333 0.336667 0.061333 0.072000
3 0.548000 0.254667 0.108000 0.122667
2 0.587667 0.108000 0.118000 0.132000
2 0.635000 0.208000 0.084667 0.132000
2 0.694333 0.233000 0.084667 0.140667
2 0.730667 0.302333 0.096000 0.110000
2 0.786667 0.389333 0.097333 0.128000
2 0.896333 0.389333 0.122000 0.133333
2 0.907667 0.537667 0.160667 0.147333
2 0.788333 0.467667 0.058000 0.056667
2 0.859000 0.303000 0.094000 0.075333
2 0.859000 0.213000 0.152667 0.116667
3 0.741667 0.161667 0.115333 0.122000
3 0.774333 0.081333 0.124667 0.098667
2 0.904333 0.114000 0.126000 0.097333
3 0.674333 0.069333 0.070000 0.101333
2 0.942333 0.830000 0.108667 0.137333
0 0.256667 0.298667 0.074667 0.060000
2 0.174000 0.061667 0.126667 0.120667
3 0.310000 0.078667 0.170667 0.153333
0 0.498667 0.065333 0.052000 0.052000
0 0.396333 0.118000 0.035333 0.026667
2 0.050000 0.498333 0.098667 0.142000
2 0.071667 0.574333 0.071333 0.054000
3 0.174000 0.957000 0.078667 0.086000
2 0.537333 0.932000 0.230667 0.136000
0 0.608333 0.791667 0.067333 0.070000
0 0.645333 0.893333 0.057333 0.061333
0 0.722000 0.910333 0.098667 0.096667
2 0.940000 0.650667 0.120000 0.117333
2 0.950000 0.457667 0.100000 0.098000
