2 0.157667 0.725667 0.047333 0.047333
2 0.198000 0.852000 0.153333 0.133333
2 0.104333 0.935333 0.084667 0.105333
0 0.921000 0.206667 0.155333 0.192000
0 0.793333 0.094000 0.118667 0.138667
0 0.246000 0.220667 0.105333 0.101333
0 0.246000 0.136667 0.094667 0.098667
0 0.358667 0.112000 0.162667 0.141333
0 0.364333 0.183667 0.115333 0.099333
0 0.426000 0.262333 0.181333 0.182000
0 0.211667 0.288333 0.088667 0.074000
0 0.593333 0.385333 0.166667 0.182667
0 0.685667 0.372333 0.058000 0.087333
0 0.756333 0.366667 0.094000 0.133333
0 0.462000 0.409000 0.096000 0.122000
0 0.388000 0.394333 0.053333 0.068667
0 0.395333 0.455000 0.060000 0.052667
0 0.851000 0.378667 0.092667 0.109333
0 0.849333 0.490667 0.137333 0.114667
0 0.531000 0.491333 0.095333 0.120000
0 0.308000 0.421000 0.130667 0.144667
0 0.326667 0.524000 0.152000 0.096000
0 0.514667 0.614000 0.132000 0.128000
0 0.612000 0.685000 0.077333 0.078000
0 0.764000 0.514000 0.062667 0.070667
0 0.943667 0.580667 0.112667 0.146667
0 0.132667 0.093667 0.134667 0.186000
0 0.639000 0.530000 0.127333 0.125333
0 0.616667 0.616333 0.080000 0.062000
0 0.948000 0.951333 0.060000 0.065333
0 0.686667 0.612000 0.057333 0.045333
0 0.704667 0.745667 0.152000 0.144667
0 0.699333 0.661667 0.089333 0.056667
0 0.838667 0.639000 0.250667 0.175333
0 0.873000 0.777333 0.164667 0.104000
0 0.058333 0.275333 0.088667 0.077333
0 0.079000 0.211667 0.095333 0.071333
0 0.120333 0.346000 0.147333 0.132000
0 0.123667 0.410667 0.246000 0.270667
0 0.497333 0.619333 0.185333 0.145333
0 0.449000 0.502667 0.068667 0.078667
0 0.689667 0.079333 0.131333 0.156000
0 0.814000 0.810333 0.049333 0.039333
0 0.958000 0.885000 0.052000 0.067333
2 0.044000 0.854333 0.086667 0.136667
