2 0.816667 0.612667 0.076000 0.072000
2 0.395667 0.380333 0.046000 0.046000
3 0.280667 0.466667 0.096000 0.098667
2 0.109667 0.069000 0.048667 0.056667
2 0.145333 0.159333 0.141333 0.090667
2 0.062000 0.283667 0.094667 0.142000
2 0.176333 0.283667 0.154000 0.150000
2 0.134000 0.452667 0.146667 0.132000
2 0.149333 0.581000 0.116000 0.096667
2 0.216000 0.674000 0.138667 0.153333
2 0.344667 0.680667 0.104000 0.136000
2 0.464000 0.664000 0.132000 0.136000
2 0.094000 0.813333 0.138667 0.165333
2 0.033333 0.894667 0.054667 0.064000
3 0.155000 0.891333 0.094000 0.101333
3 0.231000 0.802667 0.116667 0.096000
3 0.241667 0.888667 0.071333 0.073333
3 0.319333 0.791333 0.060000 0.070667
2 0.354333 0.888333 0.140667 0.187333
3 0.461333 0.896000 0.060000 0.069333
2 0.513000 0.813000 0.119333 0.142000
2 0.627000 0.915667 0.124667 0.155333
3 0.736333 0.939000 0.087333 0.114000
2 0.884667 0.938667 0.098667 0.104000
0 0.671667 0.519333 0.091333 0.089333
0 0.757333 0.455000 0.076000 0.075333
0 0.889667 0.421000 0.086000 0.072667
0 0.904667 0.313000 0.060000 0.048667
0 0.966667 0.156000 0.065333 0.073333
0 0.698667 0.150333 0.064000 0.058000
0 0.648667 0.068000 0.097333 0.108000
0 0.716667 0.101000 0.056000 0.050000
0 0.456000 0.362333 0.056000 0.074000
0 0.395667 0.325000 0.058000 0.079333
0 0.516000 0.364333 0.042667 0.046000
0 0.961667 0.353000 0.076667 0.099333
0 0.912667 0.254000 0.056000 0.068000
0 0.784333 0.101000 0.075333 0.072667
0 0.865667 0.073333 0.108667 0.104000
0 0.702667 0.200000 0.052000 0.041333
0 0.766333 0.173000 0.056667 0.036667
0 0.569000 0.036667 0.072667 0.072000
0 0.844667 0.366667 0.049333 0.046667
0 0.881667 0.175000 0.043333 0.035333
0 0.898333 0.213667 0.058000 0.046000
0 0.714667 0.050667 0.057333 0.052000
0 0.656333 0.141333 0.030000 0.033333
0 0.712667 0.273667 0.044000 0.051333
0 0.456000 0.207667 0.074667 0.068667
0 0.386000 0.236333 0.072000 0.067333
0 0.416667 0.278000 0.048000 0.044000
0 0.667000 0.371667 0.048667 0.062000
0 0.698333 0.441667 0.031333 0.031333
0 0.775000 0.333000 0.092667 0.064667
