3 0.421667 0.453000 0.042000 0.050000
2 0.316667 0.443667 0.040000 0.044667
2 0.234000 0.445333 0.080000 0.068000
2 0.174000 0.544667 0.066667 0.066667
3 0.118667 0.417667 0.069333 0.074000
2 0.464667 0.247000 0.086667 0.095333
2 0.547333 0.334333 0.076000 0.076667
2 0.609000 0.174000 0.124667 0.133333
2 0.628333 0.060333 0.088667 0.083333
1 0.143667 0.846333 0.052667 0.055333
2 0.228000 0.856667 0.073333 0.070667
2 0.056333 0.084000 0.106000 0.097333
1 0.493667 0.458667 0.044667 0.053333
2 0.580333 0.470333 0.060667 0.064667
2 0.648333 0.365333 0.051333 0.072000
2 0.282333 0.028333 0.064667 0.055333
1 0.062000 0.964000 0.081333 0.072000
0 0.095667 0.919333 0.070000 0.080000
0 0.272667 0.637333 0.049333 0.048000
0 0.271667 0.566000 0.052667 0.062667
0 0.307333 0.501333 0.100000 0.072000
0 0.282000 0.224667 0.065333 0.064000
0 0.878333 0.416667 0.243333 0.249333
0 0.715667 0.644000 0.062000 0.084000
0 0.440333 0.768000 0.046000 0.062667
0 0.565000 0.804667 0.326000 0.333333
0 0.327667 0.869667 0.042000 0.044667
