1 0.400000 0.815000 0.112000 0.150000
1 0.530667 0.777333 0.124000 0.205333
1 0.656000 0.912667 0.136000 0.140000
2 0.828000 0.920333 0.098667 0.108667
2 0.939000 0.926667 0.115333 0.118667
2 0.873000 0.564000 0.142000 0.126667
1 0.663333 0.716000 0.256000 0.266667
2 0.780333 0.343333 0.212667 0.201333
1 0.652000 0.504000 0.161333 0.172000
1 0.519333 0.499000 0.142667 0.138000
1 0.364333 0.486667 0.116667 0.101333
1 0.436000 0.613000 0.157333 0.156667
1 0.294000 0.633000 0.136000 0.183333
1 0.184000 0.517667 0.233333 0.255333
1 0.145667 0.317000 0.184667 0.218000
1 0.309333 0.302333 0.213333 0.250000
1 0.475667 0.353333 0.211333 0.201333
1 0.540000 0.150333 0.232000 0.262000
2 0.691000 0.102667 0.127333 0.205333
2 0.148667 0.108333 0.173333 0.207333
1 0.293333 0.096333 0.177333 0.192667
1 0.488333 0.916667 0.242000 0.165333
2 0.043333 0.057667 0.085333 0.115333
0 0.641667 0.246667 0.120667 0.153333
0 0.743000 0.232333 0.052667 0.055333
0 0.380333 0.720333 0.050000 0.047333
0 0.751000 0.897667 0.052667 0.106000
0 0.429667 0.700667 0.048667 0.036000
2 0.841000 0.114667 0.206000 0.229333
2 0.893667 0.745333 0.212667 0.305333
