3 0.259000 0.176667 0.114000 0.122667
3 0.371000 0.151667 0.126000 0.142000
3 0.341000 0.264000 0.116667 0.100000
3 0.112333 0.266333 0.115333 0.087333
2 0.069667 0.360000 0.090000 0.125333
2 0.164667 0.353333 0.108000 0.102667
2 0.329667 0.360333 0.142000 0.140667
3 0.441000 0.350333 0.111333 0.136667
2 0.502333 0.511333 0.155333 0.166667
2 0.486333 0.656667 0.154000 0.137333
3 0.354000 0.490000 0.140000 0.134667
2 0.321000 0.601000 0.126000 0.112667
2 0.456333 0.754333 0.072667 0.083333
2 0.504333 0.861333 0.082000 0.094667
2 0.397667 0.854667 0.168667 0.186667
2 0.295000 0.754000 0.119333 0.176000
2 0.169667 0.724000 0.123333 0.202667
2 0.064667 0.483667 0.105333 0.122000
2 0.171333 0.488667 0.130667 0.140000
2 0.463333 0.062333 0.094667 0.118000
3 0.528000 0.147667 0.134667 0.139333
2 0.916000 0.090667 0.125333 0.158667
3 0.894667 0.199000 0.065333 0.067333
2 0.782333 0.167333 0.116667 0.136000
2 0.655333 0.157667 0.132000 0.150000
3 0.569000 0.259333 0.119333 0.090667
2 0.550000 0.369333 0.118667 0.129333
2 0.663667 0.387333 0.112667 0.157333
3 0.774333 0.402333 0.122000 0.118000
2 0.907000 0.416333 0.131333 0.135333
2 0.900000 0.546333 0.134667 0.116667
2 0.744333 0.541000 0.159333 0.156667
2 0.616000 0.638000 0.097333 0.094667
2 0.618667 0.746333 0.097333 0.114000
2 0.623667 0.884333 0.148667 0.159333
2 0.751000 0.794000 0.150000 0.168000
2 0.879000 0.808000 0.112667 0.126667
2 0.959333 0.826667 0.081333 0.161333
2 0.853667 0.949333 0.122000 0.101333
2 0.854000 0.669000 0.173333 0.154000
2 0.798667 0.287000 0.118667 0.112667
2 0.933333 0.285333 0.126667 0.138667
3 0.302000 0.064000 0.050667 0.064000
3 0.251000 0.347000 0.060667 0.074000
3 0.059000 0.740667 0.116667 0.229333
