2 0.143000 0.191333 0.112667 0.112000
2 0.234000 0.180333 0.094667 0.115333
2 0.318000 0.170000 0.106667 0.105333
2 0.391667 0.102333 0.115333 0.148667
2 0.523667 0.088667 0.168667 0.168000
2 0.652000 0.086333 0.125333 0.144667
2 0.790667 0.088667 0.133333 0.145333
2 0.917333 0.118333 0.102667 0.178000
2 0.809000 0.229000 0.094000 0.092667
2 0.686667 0.239333 0.141333 0.158667
2 0.548667 0.207333 0.104000 0.120000
2 0.592667 0.327333 0.130667 0.134667
2 0.436333 0.209333 0.115333 0.101333
2 0.116667 0.374000 0.126667 0.117333
2 0.120667 0.480333 0.126667 0.110000
2 0.188000 0.320000 0.138667 0.128000
2 0.233333 0.438000 0.109333 0.105333
2 0.322333 0.283000 0.146000 0.126000
2 0.326333 0.383000 0.112667 0.098000
2 0.364667 0.483000 0.133333 0.174000
2 0.479333 0.450333 0.096000 0.086000
2 0.450000 0.338000 0.157333 0.177333
2 0.817333 0.349000 0.158667 0.124667
2 0.756333 0.432333 0.163333 0.147333
2 0.895333 0.473333 0.128000 0.132000
2 0.612000 0.452333 0.166667 0.143333
2 0.536000 0.550333 0.134667 0.136667
2 0.438667 0.622000 0.168000 0.162667
2 0.497667 0.722667 0.050000 0.061333
2 0.611667 0.649667 0.111333 0.143333
2 0.694000 0.538667 0.128000 0.129333
2 0.769333 0.628000 0.129333 0.133333
2 0.913000 0.608667 0.144667 0.156000
2 0.849333 0.699333 0.113333 0.100000
2 0.849333 0.781667 0.092000 0.087333
2 0.672333 0.760333 0.112667 0.114000
2 0.718667 0.837333 0.108000 0.090667
2 0.808333 0.917667 0.156667 0.164667
2 0.437667 0.792667 0.110000 0.126667
2 0.545000 0.824000 0.150000 0.174667
2 0.343667 0.834333 0.086000 0.112667
2 0.231333 0.838000 0.138667 0.169333
2 0.138333 0.855333 0.119333 0.140000
2 0.130667 0.735000 0.173333 0.247333
2 0.285333 0.694000 0.136000 0.126667
1 0.237667 0.560333 0.226000 0.186000
2 0.063000 0.570000 0.122000 0.133333
2 0.044333 0.774000 0.082000 0.110667
2 0.047667 0.102667 0.094000 0.128000
2 0.187000 0.082333 0.266000 0.162000
2 0.218333 0.958667 0.126000 0.082667
2 0.950000 0.360667 0.100000 0.129333
2 0.567000 0.933333 0.163333 0.133333
2 0.096000 0.946333 0.140000 0.107333
2 0.958000 0.714667 0.084000 0.092000
