0 0.863000 0.969667 0.042000 0.040667
0 0.078000 0.556000 0.080000 0.080000
0 0.190333 0.134667 0.075333 0.076000
0 0.420000 0.370333 0.061333 0.055333
0 0.462000 0.317667 0.040000 0.050000
0 0.409000 0.247667 0.083333 0.091333
0 0.221333 0.352667 0.101333 0.125333
0 0.157000 0.422667 0.103333 0.092000
0 0.187000 0.218333 0.072667 0.090000
0 0.267000 0.235667 0.094000 0.104667
0 0.470000 0.410667 0.036000 0.040000
0 0.731000 0.157333 0.127333 0.129333
0 0.787667 0.224667 0.042000 0.060000
0 0.269667 0.836333 0.288667 0.308667
0 0.103000 0.873667 0.152667 0.159333
0 0.879333 0.746000 0.052000 0.069333
0 0.321000 0.358000 0.056667 0.053333
0 0.577667 0.968000 0.098000 0.064000
0 0.494000 0.066333 0.081333 0.090000
0 0.441000 0.642333 0.018000 0.024667
0 0.511333 0.576667 0.034667 0.036000
0 0.472667 0.546000 0.025333 0.030667
0 0.867000 0.627000 0.051333 0.052667
0 0.929000 0.619000 0.074000 0.083333
