0 0.522667 0.349000 0.197333 0.222000
0 0.649333 0.334000 0.060000 0.098667
0 0.624000 0.513667 0.141333 0.152667
0 0.286333 0.801333 0.096667 0.094667
0 0.475667 0.834667 0.088667 0.098667
0 0.819333 0.838333 0.141333 0.194000
0 0.694333 0.845667 0.188667 0.235333
0 0.258000 0.492333 0.113333 0.102000
0 0.257333 0.353000 0.072000 0.091333
0 0.935333 0.914000 0.124000 0.172000
0 0.752000 0.068333 0.130667 0.127333
0 0.632667 0.243000 0.116000 0.086000
0 0.703333 0.303667 0.064000 0.078000
0 0.293333 0.286667 0.089333 0.092000
0 0.895000 0.392333 0.084667 0.072667
0 0.563000 0.826333 0.078000 0.088667
0 0.511000 0.753000 0.062000 0.075333
0 0.526000 0.912333 0.062667 0.063333
0 0.127000 0.531000 0.160667 0.154000
0 0.847333 0.266667 0.030667 0.033333
0 0.717667 0.590333 0.075333 0.063333
