3 0.878333 0.664000 0.155333 0.133333
2 0.729667 0.763667 0.144667 0.156667
2 0.835000 0.873000 0.087333 0.118000
3 0.942000 0.887333 0.101333 0.124000
2 0.741667 0.874000 0.115333 0.097333
3 0.632000 0.835667 0.042667 0.056667
3 0.533667 0.835667 0.082000 0.090000
3 0.423667 0.838333 0.115333 0.115333
3 0.344000 0.726000 0.105333 0.104000
3 0.388333 0.637000 0.083333 0.079333
3 0.583333 0.653333 0.098667 0.102667
3 0.796333 0.554000 0.088667 0.101333
3 0.700667 0.550333 0.105333 0.080667
2 0.714667 0.460667 0.108000 0.096000
2 0.614333 0.458333 0.080667 0.082000
3 0.530667 0.442667 0.062667 0.068000
3 0.573667 0.548333 0.071333 0.087333
3 0.482000 0.545333 0.109333 0.106667
2 0.374333 0.544333 0.075333 0.087333
2 0.194667 0.744333 0.140000 0.110000
3 0.141667 0.839333 0.123333 0.105333
3 0.078000 0.728667 0.098667 0.101333
3 0.062667 0.622667 0.093333 0.092000
2 0.176333 0.628000 0.118000 0.097333
2 0.257667 0.527333 0.158000 0.162667
2 0.130000 0.512667 0.089333 0.130667
3 0.198667 0.324000 0.096000 0.089333
3 0.115333 0.219000 0.121333 0.123333
3 0.175667 0.127333 0.114000 0.101333
2 0.053333 0.147000 0.105333 0.179333
2 0.316000 0.203333 0.153333 0.200000
2 0.466667 0.133000 0.121333 0.148667
2 0.576667 0.241667 0.129333 0.148667
2 0.687667 0.266333 0.092667 0.095333
2 0.840333 0.285333 0.095333 0.094667
3 0.699333 0.357333 0.133333 0.108000
3 0.399333 0.338667 0.100000 0.078667
3 0.497333 0.342333 0.054667 0.052667
2 0.423000 0.442667 0.139333 0.126667
3 0.429333 0.254333 0.073333 0.078000
3 0.293667 0.636333 0.076667 0.064667
0 0.911000 0.493000 0.099333 0.079333
0 0.959333 0.250333 0.081333 0.094000
0 0.958667 0.386000 0.080000 0.074667
0 0.876000 0.403333 0.090667 0.085333
0 0.329667 0.833667 0.058000 0.068667
0 0.227000 0.931000 0.072667 0.080667
0 0.291000 0.906000 0.064667 0.060000
0 0.835667 0.113667 0.072667 0.066000
0 0.870333 0.147000 0.038000 0.043333
0 0.779333 0.168000 0.088000 0.060000
3 0.043000 0.815000 0.084667 0.099333
3 0.046000 0.524333 0.090667 0.115333
3 0.557333 0.946333 0.096000 0.107333
