0 0.369000 0.741667 0.062000 0.048667
0 0.262000 0.748333 0.117333 0.107333
0 0.337667 0.838667 0.099333 0.101333
0 0.431333 0.948667 0.062667 0.064000
0 0.689333 0.704333 0.148000 0.139333
0 0.645000 0.800333 0.084667 0.082000
0 0.593667 0.893667 0.086000 0.106000
0 0.669667 0.872333 0.060667 0.055333
0 0.303333 0.648000 0.180000 0.166667
0 0.458667 0.651333 0.094667 0.078667
0 0.156333 0.586667 0.172667 0.141333
0 0.090667 0.500667 0.112000 0.113333
0 0.213667 0.480000 0.142000 0.120000
0 0.149333 0.386333 0.117333 0.090000
0 0.151333 0.295000 0.146667 0.100667
0 0.130000 0.184000 0.210667 0.194667
0 0.255667 0.158000 0.116667 0.134667
0 0.318333 0.242000 0.146000 0.132000
0 0.303000 0.358000 0.139333 0.112000
0 0.424667 0.324667 0.092000 0.102667
0 0.368667 0.112333 0.185333 0.183333
0 0.485000 0.202333 0.128667 0.140667
0 0.666333 0.215000 0.174000 0.148667
0 0.772333 0.231333 0.082000 0.146667
0 0.666000 0.342333 0.176000 0.172667
0 0.828667 0.345667 0.169333 0.199333
0 0.863000 0.214333 0.110000 0.082000
0 0.526000 0.391667 0.145333 0.164667
0 0.553333 0.535000 0.229333 0.198000
0 0.677333 0.579667 0.134667 0.147333
0 0.785667 0.550667 0.074000 0.081333
0 0.874000 0.529000 0.130667 0.140667
0 0.855000 0.709667 0.071333 0.074000
0 0.690667 0.952333 0.061333 0.067333
0 0.860667 0.864000 0.044000 0.044000
0 0.818333 0.929000 0.088667 0.111333
0 0.905000 0.902333 0.058000 0.036667
0 0.107667 0.709667 0.155333 0.134000
0 0.200667 0.076333 0.181333 0.151333
0 0.818667 0.071667 0.156000 0.142000
