1 0.185000 0.600000 0.150000 0.112000
1 0.222667 0.469333 0.205333 0.124000
1 0.087333 0.344000 0.140000 0.136000
2 0.079667 0.172000 0.108667 0.098667
2 0.073333 0.061000 0.118667 0.115333
2 0.436000 0.127000 0.126667 0.142000
1 0.284000 0.336667 0.266667 0.256000
2 0.656667 0.219667 0.201333 0.212667
1 0.496000 0.348000 0.172000 0.161333
1 0.501000 0.480667 0.138000 0.142667
1 0.513333 0.635667 0.101333 0.116667
1 0.387000 0.564000 0.156667 0.157333
1 0.367000 0.706000 0.183333 0.136000
1 0.482333 0.816000 0.255333 0.233333
1 0.683000 0.854333 0.218000 0.184667
1 0.697667 0.690667 0.250000 0.213333
1 0.646667 0.524333 0.201333 0.211333
1 0.849667 0.460000 0.262000 0.232000
2 0.897333 0.309000 0.205333 0.127333
2 0.891667 0.851333 0.207333 0.173333
1 0.903667 0.706667 0.192667 0.177333
1 0.083333 0.511667 0.165333 0.242000
2 0.942333 0.956667 0.115333 0.085333
0 0.753333 0.358333 0.153333 0.120667
0 0.767667 0.257000 0.055333 0.052667
0 0.279667 0.619667 0.047333 0.050000
0 0.102333 0.249000 0.106000 0.052667
0 0.299333 0.570333 0.036000 0.048667
2 0.885333 0.159000 0.229333 0.206000
2 0.254667 0.106333 0.305333 0.212667
