2 0.082000 0.082333 0.137333 0.152667
2 0.211000 0.104000 0.148667 0.190667
2 0.358333 0.126000 0.164667 0.206667
2 0.164000 0.233000 0.104000 0.095333
2 0.075667 0.357333 0.144667 0.202667
2 0.239000 0.345667 0.182000 0.154000
2 0.412000 0.265000 0.164000 0.154000
2 0.608333 0.146667 0.164667 0.132000
2 0.554333 0.268333 0.154000 0.147333
2 0.816667 0.217667 0.181333 0.174000
2 0.868667 0.086667 0.228000 0.169333
2 0.936667 0.220667 0.094667 0.098667
2 0.937667 0.357333 0.123333 0.116000
2 0.760667 0.419333 0.105333 0.106667
2 0.590333 0.406000 0.140667 0.146667
2 0.447333 0.383667 0.173333 0.175333
2 0.268667 0.518667 0.200000 0.194667
1 0.105667 0.522667 0.126000 0.136000
1 0.159000 0.663000 0.155333 0.142000
1 0.317333 0.669000 0.161333 0.207333
2 0.482000 0.547000 0.201333 0.151333
2 0.648000 0.551667 0.153333 0.186000
2 0.838333 0.593000 0.088667 0.084667
2 0.828333 0.725333 0.147333 0.156000
2 0.717333 0.694667 0.110667 0.108000
2 0.887667 0.892333 0.192667 0.183333
2 0.756333 0.850667 0.072667 0.102667
2 0.622333 0.890000 0.246000 0.157333
2 0.597333 0.703333 0.201333 0.169333
1 0.447333 0.686667 0.121333 0.133333
2 0.358333 0.841333 0.195333 0.173333
1 0.194000 0.814000 0.138667 0.166667
1 0.071667 0.771333 0.124667 0.156000
1 0.096000 0.919667 0.173333 0.150000
2 0.287000 0.932000 0.200667 0.136000
0 0.947000 0.957000 0.068667 0.068667
0 0.667333 0.263000 0.117333 0.143333
0 0.283000 0.241333 0.067333 0.061333
2 0.470000 0.090333 0.172000 0.179333
2 0.646000 0.056000 0.176000 0.110667
2 0.942000 0.614333 0.109333 0.174000
2 0.950667 0.767667 0.098667 0.150000
