2 0.126333 0.152333 0.204667 0.248667
2 0.252000 0.262333 0.130667 0.123333
1 0.303333 0.132333 0.158667 0.222000
2 0.429000 0.132333 0.143333 0.188667
2 0.543333 0.122667 0.096000 0.086667
2 0.388333 0.275667 0.119333 0.114000
2 0.754333 0.309333 0.074000 0.070667
2 0.770000 0.176667 0.166667 0.158667
2 0.831333 0.059333 0.125333 0.098667
2 0.910333 0.186000 0.127333 0.170667
2 0.898667 0.428333 0.162667 0.158000
2 0.768333 0.441333 0.118000 0.114667
2 0.608333 0.297000 0.043333 0.043333
2 0.676667 0.435333 0.068000 0.094667
2 0.570667 0.418000 0.140000 0.162667
2 0.407667 0.409000 0.196667 0.183333
2 0.308333 0.380333 0.095333 0.107333
3 0.457667 0.524000 0.063333 0.069333
2 0.334667 0.513667 0.109333 0.104667
2 0.234667 0.506000 0.076000 0.080000
2 0.118667 0.494333 0.174667 0.190000
2 0.114333 0.359333 0.114000 0.104000
2 0.818000 0.575333 0.170667 0.161333
2 0.804333 0.740000 0.210000 0.224000
2 0.625667 0.707333 0.172667 0.213333
2 0.703000 0.881000 0.143333 0.136667
2 0.571667 0.839333 0.108667 0.113333
2 0.545000 0.933000 0.122000 0.126000
2 0.425000 0.815667 0.146000 0.152667
2 0.338333 0.872667 0.050000 0.041333
2 0.500333 0.688667 0.051333 0.062667
2 0.373000 0.664333 0.178000 0.172667
2 0.268667 0.748333 0.128000 0.184667
3 0.214000 0.860667 0.070667 0.065333
2 0.168000 0.737000 0.104000 0.143333
2 0.059667 0.726000 0.112667 0.129333
2 0.063333 0.842667 0.092000 0.088000
2 0.602667 0.553333 0.034667 0.036000
0 0.694667 0.548667 0.081333 0.113333
0 0.647667 0.558667 0.026000 0.038667
2 0.922667 0.868667 0.153333 0.262667
2 0.833000 0.925333 0.183333 0.149333
2 0.941333 0.606333 0.117333 0.194000
2 0.942333 0.059000 0.111333 0.116667
2 0.948333 0.357333 0.103333 0.173333
