2 0.132333 0.120000 0.083333 0.092000
2 0.252333 0.119333 0.150000 0.165333
2 0.382667 0.133667 0.130667 0.180667
2 0.518000 0.122333 0.134667 0.180667
2 0.730333 0.074667 0.115333 0.142667
2 0.914000 0.084667 0.154667 0.129333
2 0.864000 0.184333 0.173333 0.128667
2 0.664000 0.162667 0.168000 0.100000
2 0.055333 0.261000 0.101333 0.112667
2 0.248667 0.296333 0.190667 0.188667
2 0.399333 0.270333 0.122667 0.118000
2 0.516667 0.273333 0.106667 0.106667
2 0.656333 0.275667 0.158000 0.147333
1 0.777333 0.279000 0.136000 0.192667
1 0.885667 0.306667 0.144667 0.154667
2 0.704333 0.390000 0.076667 0.085333
2 0.824333 0.434667 0.136667 0.101333
2 0.763667 0.511333 0.120667 0.136000
2 0.629333 0.506667 0.157333 0.148000
2 0.555333 0.395333 0.196000 0.170667
2 0.434667 0.381000 0.124000 0.124667
2 0.087000 0.554667 0.155333 0.166667
2 0.190333 0.398333 0.068667 0.074000
3 0.285333 0.448000 0.064000 0.068000
2 0.216667 0.557333 0.154667 0.172000
2 0.348000 0.575667 0.064000 0.080667
2 0.416667 0.574667 0.088000 0.106667
2 0.508333 0.593333 0.102000 0.136000
2 0.635333 0.629667 0.174667 0.150000
2 0.611333 0.717000 0.062667 0.072667
2 0.818000 0.679333 0.196000 0.172000
2 0.906333 0.573000 0.172667 0.151333
2 0.844667 0.824667 0.170667 0.145333
2 0.892333 0.941333 0.127333 0.114667
2 0.766667 0.926333 0.126667 0.146000
2 0.649333 0.860667 0.094667 0.165333
2 0.545667 0.881667 0.143333 0.143333
2 0.569333 0.761333 0.106667 0.125333
2 0.450000 0.738667 0.168000 0.157333
2 0.420333 0.862333 0.116667 0.146000
2 0.316667 0.829000 0.112000 0.154000
2 0.220000 0.818000 0.097333 0.132000
2 0.080333 0.693667 0.120667 0.116667
2 0.213667 0.697667 0.146000 0.127333
2 0.118667 0.796667 0.088000 0.102667
2 0.099000 0.905333 0.195333 0.189333
0 0.699333 0.724333 0.078667 0.074000
0 0.751333 0.774667 0.086667 0.073333
0 0.699000 0.818667 0.074000 0.081333
0 0.386000 0.465000 0.114667 0.092667
0 0.750333 0.161667 0.076667 0.066000
2 0.944000 0.492000 0.101333 0.114667
2 0.352333 0.950667 0.128667 0.098667
2 0.206000 0.944333 0.162667 0.111333
