3 0.179333 0.086333 0.101333 0.091333
2 0.304667 0.085000 0.130667 0.139333
2 0.436333 0.115667 0.123333 0.172667
2 0.551333 0.130000 0.096000 0.132000
2 0.693000 0.137333 0.120667 0.129333
2 0.827000 0.151333 0.083333 0.101333
2 0.720667 0.260333 0.165333 0.180667
2 0.859000 0.273000 0.119333 0.148667
2 0.835667 0.406000 0.150000 0.136000
2 0.714000 0.521333 0.198667 0.228000
1 0.862667 0.542667 0.162667 0.188000
2 0.685667 0.385000 0.147333 0.155333
2 0.551333 0.363333 0.106667 0.132000
2 0.545333 0.492000 0.128000 0.130667
2 0.520000 0.631000 0.130667 0.142000
2 0.648667 0.642000 0.140000 0.141333
2 0.799333 0.693000 0.138667 0.146000
2 0.931667 0.699667 0.136667 0.159333
2 0.934667 0.838667 0.129333 0.145333
2 0.795333 0.922333 0.158667 0.147333
2 0.669000 0.915667 0.088667 0.083333
2 0.553333 0.902333 0.105333 0.112667
2 0.682667 0.789000 0.138667 0.150000
2 0.528000 0.775333 0.165333 0.161333
2 0.428000 0.896333 0.137333 0.186000
2 0.301333 0.864333 0.106667 0.147333
2 0.180667 0.853333 0.129333 0.138667
2 0.113000 0.707000 0.212667 0.238000
2 0.264000 0.605333 0.106667 0.104000
2 0.394333 0.620333 0.118000 0.164667
2 0.346000 0.470333 0.168000 0.148667
2 0.202000 0.537333 0.058667 0.073333
3 0.084000 0.558667 0.086667 0.094667
2 0.237000 0.459667 0.058000 0.054000
2 0.441667 0.358333 0.104667 0.151333
2 0.462000 0.238000 0.125333 0.102667
2 0.325333 0.216667 0.101333 0.132000
2 0.204000 0.203000 0.093333 0.091333
2 0.121333 0.437667 0.102667 0.114000
2 0.072333 0.164333 0.138000 0.122000
2 0.352000 0.339333 0.092000 0.108000
2 0.238667 0.331000 0.132000 0.136667
2 0.963667 0.558333 0.072667 0.122000
3 0.933333 0.945333 0.133333 0.109333
0 0.331333 0.715000 0.053333 0.058000
0 0.819000 0.788000 0.059333 0.053333
2 0.087000 0.312000 0.172667 0.154667
2 0.886667 0.062333 0.153333 0.123333
2 0.760333 0.074000 0.120667 0.146667
2 0.954667 0.287333 0.090667 0.154667
2 0.955667 0.423333 0.084667 0.144000
2 0.037000 0.421333 0.068667 0.094667
2 0.231333 0.955667 0.134667 0.088667
