2 0.173667 0.157333 0.156667 0.156000
2 0.355000 0.070667 0.160667 0.132000
1 0.559000 0.110667 0.042000 0.042667
2 0.937667 0.408667 0.087333 0.097333
2 0.815333 0.388667 0.148000 0.126667
2 0.664667 0.366333 0.064000 0.074000
2 0.559667 0.358000 0.128667 0.126667
2 0.514667 0.465667 0.097333 0.096667
2 0.427667 0.446333 0.048667 0.058000
2 0.619667 0.472333 0.112667 0.116667
2 0.330333 0.221667 0.154000 0.184667
2 0.459667 0.208667 0.104667 0.125333
2 0.739000 0.505333 0.126000 0.124000
2 0.853000 0.519667 0.115333 0.124667
2 0.834000 0.651000 0.138667 0.143333
2 0.729667 0.631333 0.078000 0.132000
2 0.634333 0.626000 0.119333 0.173333
2 0.536000 0.595000 0.098667 0.119333
2 0.462333 0.733667 0.184667 0.170000
2 0.593667 0.740000 0.060667 0.060000
2 0.723667 0.759333 0.123333 0.137333
1 0.800667 0.893333 0.136000 0.174667
2 0.663333 0.893333 0.156000 0.210667
2 0.224333 0.843000 0.294000 0.243333
2 0.201667 0.690333 0.148667 0.150000
2 0.081000 0.687000 0.127333 0.156667
2 0.086000 0.526333 0.165333 0.166000
2 0.077667 0.367667 0.143333 0.192667
2 0.182000 0.379000 0.076000 0.082000
2 0.814333 0.769000 0.055333 0.068667
2 0.319333 0.500000 0.332000 0.313333
2 0.706667 0.198000 0.090667 0.133333
2 0.476333 0.081000 0.068667 0.079333
2 0.628000 0.178333 0.080000 0.146000
2 0.551333 0.221000 0.121333 0.155333
2 0.783333 0.257000 0.093333 0.104667
2 0.718667 0.282667 0.048000 0.066667
2 0.883333 0.226333 0.106667 0.119333
2 0.914000 0.315667 0.157333 0.088667
2 0.556000 0.048667 0.080000 0.072000
0 0.961000 0.522333 0.078000 0.102000
0 0.397667 0.838333 0.082000 0.095333
0 0.822333 0.066667 0.148667 0.132000
2 0.058667 0.908000 0.112000 0.184000
2 0.492000 0.920333 0.200000 0.159333
2 0.953333 0.906333 0.093333 0.172667
2 0.056333 0.139000 0.108667 0.198000
