1 0.622000 0.172000 0.173333 0.173333
1 0.769333 0.133667 0.170667 0.144667
1 0.688333 0.284333 0.219333 0.207333
1 0.858333 0.249667 0.140667 0.146000
1 0.757000 0.382333 0.162000 0.119333
1 0.910333 0.377333 0.158000 0.162667
2 0.828333 0.474667 0.172667 0.132000
1 0.799000 0.608000 0.150000 0.148000
1 0.825000 0.797000 0.140667 0.128667
1 0.873333 0.891333 0.204000 0.121333
0 0.067667 0.506667 0.087333 0.081333
0 0.083667 0.827667 0.107333 0.102000
0 0.043333 0.432667 0.072000 0.066667
2 0.926333 0.229667 0.142000 0.206000
0 0.141000 0.167333 0.112667 0.088000
0 0.364667 0.770667 0.085333 0.082667
0 0.309333 0.748000 0.029333 0.032000
0 0.240000 0.667000 0.130667 0.139333
0 0.333667 0.697000 0.067333 0.051333
0 0.226000 0.592000 0.072000 0.048000
0 0.351000 0.632000 0.096667 0.073333
0 0.086667 0.257000 0.062667 0.076667
0 0.207333 0.365333 0.105333 0.089333
0 0.238000 0.900667 0.118667 0.090667
2 0.641667 0.052000 0.184667 0.102667
2 0.913667 0.703000 0.171333 0.242000
