2 0.066667 0.095000 0.126667 0.180667
2 0.210333 0.091667 0.180667 0.182000
2 0.192333 0.247667 0.188667 0.183333
2 0.075000 0.255667 0.107333 0.114000
2 0.130667 0.380667 0.206667 0.169333
2 0.125667 0.556333 0.147333 0.156667
2 0.223000 0.614333 0.111333 0.103333
3 0.297333 0.534333 0.042667 0.040667
2 0.109000 0.862333 0.130000 0.140667
2 0.289667 0.764333 0.108667 0.114000
3 0.240333 0.863667 0.062000 0.074000
2 0.348000 0.874667 0.120000 0.148000
2 0.461000 0.754000 0.056667 0.062667
3 0.473667 0.868333 0.126000 0.142000
3 0.600000 0.887333 0.114667 0.126667
3 0.710667 0.871667 0.105333 0.112667
3 0.772333 0.761667 0.098000 0.108667
3 0.664667 0.754333 0.105333 0.119333
3 0.562000 0.769667 0.094667 0.111333
3 0.784667 0.645667 0.078667 0.084667
2 0.889333 0.656667 0.133333 0.114667
2 0.607000 0.631667 0.082000 0.076667
3 0.519000 0.534333 0.088667 0.076667
2 0.506333 0.615667 0.108667 0.096667
2 0.615667 0.529667 0.063333 0.067333
2 0.832667 0.533667 0.108000 0.094000
2 0.384000 0.399000 0.153333 0.155333
2 0.505000 0.421333 0.055333 0.058667
2 0.603667 0.419667 0.124667 0.119333
2 0.682000 0.367333 0.093333 0.130667
2 0.745667 0.438000 0.084667 0.105333
2 0.784667 0.375333 0.112000 0.141333
2 0.880333 0.415667 0.079333 0.099333
3 0.844000 0.222000 0.094667 0.096000
2 0.853333 0.090000 0.128000 0.157333
2 0.741000 0.114333 0.100667 0.122000
2 0.646333 0.108667 0.088667 0.128000
2 0.547000 0.101667 0.112667 0.108667
2 0.391667 0.254333 0.098000 0.119333
2 0.471667 0.242667 0.058000 0.076000
2 0.555000 0.231667 0.108667 0.143333
2 0.659333 0.240667 0.069333 0.084000
2 0.752333 0.232333 0.088667 0.114000
0 0.748333 0.571000 0.070000 0.059333
0 0.430333 0.104667 0.076667 0.093333
0 0.852000 0.912333 0.057333 0.054000
2 0.915333 0.864667 0.169333 0.180000
2 0.952667 0.216000 0.094667 0.121333
2 0.961667 0.086000 0.076667 0.130667
