0 0.267667 0.279333 0.146000 0.169333
0 0.496000 0.173667 0.086667 0.096667
0 0.423000 0.148000 0.063333 0.064000
0 0.223667 0.104000 0.111333 0.093333
0 0.126333 0.226000 0.124667 0.120000
0 0.072000 0.090333 0.142667 0.179333
0 0.164667 0.384000 0.180000 0.194667
0 0.040000 0.374000 0.078667 0.120000
0 0.285000 0.465000 0.171333 0.146000
0 0.482000 0.433667 0.146667 0.190000
0 0.634667 0.497333 0.177333 0.200000
0 0.811333 0.491667 0.170667 0.120667
0 0.860000 0.570667 0.161333 0.144000
0 0.931000 0.367333 0.138000 0.114667
0 0.763667 0.259000 0.152667 0.178000
0 0.879333 0.251000 0.118667 0.134000
0 0.830333 0.090667 0.150000 0.180000
0 0.946000 0.074667 0.108000 0.148000
0 0.942000 0.218000 0.116000 0.138667
0 0.495333 0.607333 0.161333 0.156000
0 0.605667 0.657667 0.116667 0.118000
0 0.712667 0.678667 0.094667 0.101333
0 0.609333 0.782000 0.116000 0.128000
0 0.664667 0.925000 0.126667 0.150000
0 0.808667 0.909333 0.172000 0.181333
0 0.908667 0.806667 0.089333 0.073333
0 0.501000 0.908333 0.162000 0.183333
0 0.279000 0.884000 0.139333 0.150667
0 0.248000 0.736333 0.137333 0.150000
0 0.374667 0.701333 0.198667 0.238667
0 0.521667 0.761333 0.099333 0.157333
0 0.352000 0.966000 0.085333 0.068000
0 0.217333 0.939667 0.104000 0.120667
0 0.264000 0.578667 0.086667 0.088000
0 0.147000 0.822667 0.088667 0.085333
0 0.134333 0.649000 0.066000 0.059333
0 0.129000 0.717000 0.080667 0.074000
0 0.736333 0.403333 0.086000 0.100000
0 0.684333 0.074667 0.167333 0.148000
