1 0.192333 0.087333 0.094000 0.068000
1 0.322000 0.085333 0.168000 0.100000
2 0.375667 0.215667 0.151333 0.196667
1 0.250000 0.210333 0.112000 0.214000
2 0.148667 0.181000 0.093333 0.172667
2 0.060333 0.156000 0.116667 0.210667
1 0.529333 0.142000 0.129333 0.122667
2 0.512667 0.260667 0.140000 0.137333
2 0.638667 0.142667 0.101333 0.109333
1 0.669000 0.052000 0.119333 0.097333
2 0.721333 0.149000 0.072000 0.094000
2 0.823000 0.146333 0.136667 0.180667
2 0.937000 0.153333 0.126000 0.145333
1 0.897333 0.285667 0.165333 0.140667
2 0.743000 0.272667 0.118000 0.166667
1 0.629333 0.271333 0.106667 0.164000
2 0.795000 0.390667 0.155333 0.116000
2 0.901667 0.520667 0.154000 0.109333
2 0.895000 0.633667 0.178000 0.122000
2 0.893333 0.821333 0.132000 0.166667
2 0.731000 0.504667 0.214000 0.177333
2 0.746000 0.620667 0.124000 0.101333
2 0.769333 0.708000 0.134667 0.098667
1 0.800000 0.791333 0.101333 0.104000
2 0.805000 0.917667 0.147333 0.143333
2 0.673000 0.922667 0.119333 0.133333
2 0.550000 0.908000 0.124000 0.096000
2 0.545000 0.801000 0.152667 0.146000
1 0.684667 0.808667 0.121333 0.133333
1 0.631667 0.665667 0.148667 0.155333
2 0.515333 0.709333 0.098667 0.090667
2 0.525667 0.595333 0.144667 0.140000
2 0.553333 0.510667 0.158667 0.137333
2 0.540333 0.398333 0.146000 0.138000
1 0.428333 0.386667 0.142000 0.172000
2 0.385667 0.459000 0.147333 0.152667
1 0.414000 0.598000 0.088000 0.101333
2 0.330000 0.594667 0.094667 0.092000
2 0.411667 0.687333 0.108667 0.096000
1 0.395000 0.797333 0.180667 0.133333
2 0.277333 0.781000 0.097333 0.091333
1 0.300667 0.691333 0.120000 0.098667
2 0.200333 0.671333 0.082000 0.066667
2 0.183333 0.764000 0.114667 0.130667
2 0.298000 0.873333 0.122667 0.098667
2 0.189000 0.874000 0.092667 0.084000
2 0.089667 0.881333 0.122000 0.134667
2 0.087000 0.759333 0.080667 0.096000
2 0.207667 0.577000 0.134000 0.119333
2 0.121333 0.578333 0.066667 0.111333
2 0.052667 0.567000 0.093333 0.111333
2 0.042333 0.451333 0.075333 0.096000
2 0.109667 0.442667 0.082000 0.112000
2 0.187333 0.453667 0.093333 0.123333
2 0.268667 0.452000 0.097333 0.148000
2 0.180667 0.344333 0.137333 0.084667
2 0.096333 0.332667 0.190000 0.156000
2 0.335667 0.937333 0.191333 0.125333
2 0.930000 0.407000 0.133333 0.163333
