2 0.685667 0.156667 0.147333 0.134667
2 0.691000 0.273333 0.132667 0.109333
3 0.660667 0.354000 0.128000 0.106667
2 0.532000 0.380333 0.134667 0.104667
2 0.520333 0.285667 0.147333 0.126000
2 0.183333 0.107333 0.065333 0.074667
2 0.318000 0.258000 0.157333 0.152000
2 0.191667 0.274667 0.110000 0.112000
2 0.157000 0.369000 0.118000 0.112667
2 0.288333 0.367333 0.160667 0.130667
2 0.199333 0.501667 0.169333 0.158000
2 0.389667 0.500333 0.180667 0.196667
2 0.521667 0.489333 0.116667 0.108000
2 0.733333 0.510667 0.040000 0.040000
3 0.705333 0.615000 0.070667 0.082000
2 0.943000 0.715000 0.082000 0.090000
2 0.924333 0.829333 0.070000 0.064000
2 0.809667 0.841333 0.192667 0.180000
2 0.781333 0.738000 0.105333 0.125333
3 0.698667 0.717000 0.081333 0.086000
2 0.596333 0.701667 0.116667 0.108667
2 0.384000 0.735667 0.169333 0.115333
2 0.436000 0.625333 0.134667 0.122667
2 0.545000 0.606667 0.083333 0.088000
2 0.323667 0.613333 0.071333 0.065333
2 0.117667 0.605333 0.147333 0.101333
2 0.193667 0.723333 0.183333 0.170667
2 0.058333 0.706000 0.115333 0.133333
2 0.178333 0.894000 0.083333 0.096000
2 0.280333 0.883000 0.151333 0.162000
3 0.542333 0.860000 0.188667 0.192000
2 0.064000 0.499667 0.121333 0.140667
0 0.503333 0.069667 0.073333 0.088667
0 0.585333 0.029000 0.058667 0.056667
2 0.067000 0.867667 0.132667 0.164667
