2 0.042000 0.210000 0.081333 0.100000
2 0.284667 0.078333 0.232000 0.152667
2 0.449333 0.101000 0.113333 0.118000
1 0.196000 0.216333 0.193333 0.220667
2 0.097333 0.325333 0.188000 0.244000
2 0.244000 0.390667 0.097333 0.122667
2 0.357000 0.394333 0.118000 0.123333
1 0.367333 0.233667 0.164000 0.188667
2 0.609000 0.127667 0.175333 0.176667
2 0.735333 0.067000 0.100000 0.108667
2 0.887333 0.187333 0.198667 0.196000
2 0.888333 0.357333 0.122000 0.133333
2 0.773000 0.310000 0.163333 0.166667
2 0.645000 0.288333 0.116667 0.154000
1 0.515333 0.263667 0.162667 0.187333
2 0.110333 0.518000 0.164667 0.161333
1 0.476333 0.428667 0.120667 0.134667
1 0.608333 0.449667 0.135333 0.176667
2 0.726333 0.435667 0.115333 0.143333
2 0.865333 0.470667 0.201333 0.170667
1 0.803333 0.624667 0.102667 0.118667
2 0.669000 0.599000 0.178000 0.175333
2 0.475000 0.569000 0.192667 0.179333
1 0.275333 0.536000 0.212000 0.184000
1 0.341667 0.704000 0.195333 0.162667
2 0.216000 0.785333 0.094667 0.105333
1 0.525000 0.729667 0.156667 0.142000
2 0.673000 0.740000 0.130000 0.126667
2 0.818667 0.766667 0.169333 0.168000
2 0.767333 0.894667 0.138667 0.164000
2 0.611000 0.878000 0.156667 0.194667
2 0.475000 0.860000 0.138000 0.164000
2 0.318333 0.864333 0.184667 0.186000
2 0.201667 0.930000 0.154000 0.137333
2 0.050333 0.104667 0.099333 0.112000
2 0.085000 0.648000 0.168667 0.233333
2 0.929333 0.069667 0.141333 0.131333
2 0.915000 0.621333 0.170000 0.240000
2 0.945333 0.817333 0.109333 0.168000
2 0.891667 0.928333 0.183333 0.143333
