2 0.070667 0.137333 0.098667 0.124000
2 0.193000 0.149667 0.156667 0.156667
2 0.323667 0.172667 0.107333 0.105333
2 0.507667 0.080667 0.091333 0.136000
2 0.593667 0.092667 0.091333 0.142667
2 0.654333 0.099667 0.046000 0.104667
2 0.766667 0.120667 0.160000 0.137333
2 0.093333 0.266333 0.168000 0.154000
2 0.286667 0.310000 0.174667 0.161333
2 0.421000 0.317000 0.151333 0.144667
2 0.557000 0.233667 0.198000 0.170000
2 0.755000 0.261667 0.116667 0.116667
2 0.866667 0.266333 0.101333 0.104667
2 0.857000 0.373333 0.120667 0.126667
2 0.753667 0.368333 0.083333 0.094000
2 0.640333 0.334333 0.154000 0.138000
2 0.116000 0.416333 0.084000 0.079333
2 0.286000 0.419333 0.096000 0.093333
2 0.212667 0.401000 0.057333 0.062000
2 0.411000 0.435667 0.146000 0.107333
3 0.526000 0.446333 0.069333 0.072667
2 0.658333 0.458000 0.138000 0.129333
3 0.750667 0.472000 0.069333 0.068000
2 0.836000 0.510667 0.096000 0.090667
2 0.905333 0.471333 0.062667 0.077333
2 0.182667 0.501000 0.146667 0.118000
2 0.305667 0.521333 0.115333 0.110667
2 0.417333 0.548333 0.120000 0.123333
3 0.514667 0.565000 0.092000 0.107333
2 0.636333 0.564333 0.090000 0.075333
2 0.839000 0.628000 0.156667 0.136000
2 0.687000 0.653667 0.178000 0.154000
2 0.305667 0.615000 0.123333 0.098000
2 0.181667 0.612333 0.115333 0.110000
2 0.075667 0.607333 0.119333 0.110667
2 0.113000 0.690667 0.088667 0.072000
2 0.210333 0.694667 0.094000 0.105333
2 0.373667 0.696333 0.154000 0.147333
2 0.490333 0.718333 0.095333 0.116667
2 0.956333 0.752333 0.072667 0.079333
2 0.850667 0.831000 0.097333 0.103333
2 0.782667 0.766333 0.080000 0.079333
2 0.708333 0.808000 0.120667 0.129333
2 0.637667 0.833667 0.087333 0.108667
2 0.775667 0.868333 0.086000 0.106000
2 0.527333 0.836333 0.164000 0.155333
2 0.437667 0.804000 0.087333 0.101333
2 0.350667 0.810667 0.094667 0.106667
2 0.264000 0.820333 0.076000 0.123333
2 0.171667 0.803667 0.108667 0.112667
2 0.082667 0.803667 0.080000 0.090000
2 0.124333 0.926667 0.150000 0.125333
2 0.340333 0.930333 0.118000 0.107333
1 0.543000 0.938667 0.075333 0.084000
2 0.381000 0.075000 0.158000 0.148667
2 0.942333 0.856000 0.115333 0.126667
0 0.902000 0.045667 0.062667 0.066000
3 0.061000 0.498000 0.120667 0.164000
2 0.259000 0.033667 0.076667 0.066000
2 0.943667 0.534333 0.112667 0.204667
2 0.638000 0.936333 0.114667 0.127333
