0 0.747667 0.497333 0.154000 0.144000
0 0.694667 0.246667 0.088000 0.096000
0 0.540667 0.636000 0.146667 0.181333
0 0.476333 0.203333 0.091333 0.088000
0 0.591000 0.288667 0.150000 0.224000
0 0.126333 0.208000 0.251333 0.213333
0 0.832000 0.918667 0.210667 0.162667
0 0.094667 0.734333 0.176000 0.324667
0 0.907000 0.600333 0.186000 0.240667
0 0.540333 0.873667 0.228667 0.252667
0 0.685000 0.898667 0.142000 0.133333
0 0.700000 0.752333 0.234667 0.180667
0 0.228667 0.668667 0.113333 0.197333
0 0.373667 0.586667 0.219333 0.236000
0 0.318000 0.402333 0.164000 0.150000
