2 0.376000 0.154667 0.133333 0.138667
2 0.502333 0.170667 0.116667 0.134667
2 0.650667 0.200333 0.169333 0.188667
2 0.101333 0.140000 0.190667 0.148000
3 0.785000 0.205333 0.115333 0.140000
2 0.822333 0.320333 0.182000 0.115333
2 0.818000 0.424000 0.126667 0.120000
2 0.707000 0.411667 0.084667 0.080667
2 0.702000 0.522000 0.166667 0.129333
2 0.827667 0.535000 0.115333 0.111333
2 0.594333 0.431000 0.107333 0.116667
2 0.481333 0.465667 0.161333 0.216667
2 0.418000 0.540333 0.145333 0.150000
2 0.338333 0.458000 0.124667 0.109333
2 0.428000 0.308667 0.162667 0.153333
2 0.197333 0.675667 0.197333 0.150000
3 0.392667 0.667000 0.133333 0.144667
3 0.707667 0.681000 0.203333 0.186000
2 0.925000 0.776667 0.148667 0.172000
2 0.245000 0.819333 0.247333 0.170667
1 0.537333 0.799000 0.126667 0.139333
2 0.690333 0.817000 0.131333 0.103333
2 0.721000 0.927333 0.182000 0.145333
2 0.417333 0.800667 0.102667 0.130667
3 0.888000 0.207667 0.093333 0.100667
3 0.930667 0.064333 0.104000 0.124667
2 0.453333 0.053333 0.142667 0.105333
2 0.161667 0.935000 0.116667 0.130000
3 0.554667 0.934000 0.129333 0.130667
2 0.416667 0.934333 0.129333 0.131333
2 0.560333 0.297667 0.116667 0.114000
0 0.544333 0.671333 0.094000 0.113333
0 0.844667 0.652333 0.080000 0.095333
2 0.061333 0.888000 0.114667 0.224000
2 0.915333 0.912000 0.162667 0.176000
3 0.940333 0.468667 0.115333 0.218667
3 0.950333 0.319333 0.095333 0.141333
3 0.724000 0.060000 0.126667 0.118667
3 0.832333 0.053000 0.094000 0.104667
2 0.595667 0.076000 0.146000 0.150667
2 0.220333 0.052000 0.148667 0.102667
