3 0.090333 0.085000 0.084667 0.072667
3 0.202000 0.094333 0.058667 0.056667
2 0.384000 0.074000 0.089333 0.133333
3 0.282667 0.094667 0.102667 0.102667
3 0.375667 0.189333 0.070000 0.077333
3 0.277333 0.195667 0.094667 0.092667
2 0.097333 0.188667 0.154667 0.129333
2 0.082667 0.313667 0.149333 0.118000
3 0.041000 0.860000 0.080667 0.116000
3 0.112667 0.663000 0.090667 0.139333
2 0.209667 0.677333 0.112667 0.176000
3 0.134667 0.958000 0.070667 0.070667
3 0.206333 0.948000 0.066000 0.080000
2 0.283333 0.935667 0.088000 0.107333
2 0.213667 0.855000 0.122000 0.115333
2 0.300667 0.643000 0.102667 0.148667
2 0.409000 0.647000 0.114000 0.146000
2 0.538333 0.646000 0.147333 0.197333
2 0.450000 0.514333 0.112000 0.086000
2 0.281333 0.505333 0.120000 0.132000
2 0.170333 0.519333 0.114000 0.134667
2 0.356000 0.392000 0.166667 0.172000
3 0.485333 0.392667 0.064000 0.073333
2 0.410333 0.292667 0.122000 0.129333
2 0.539000 0.312000 0.146000 0.204000
2 0.661667 0.298333 0.116667 0.131333
2 0.466667 0.172333 0.112000 0.116667
2 0.513333 0.058333 0.145333 0.115333
2 0.583333 0.152667 0.126667 0.137333
2 0.692000 0.165667 0.101333 0.150000
2 0.801667 0.153333 0.118000 0.192000
2 0.905667 0.057333 0.115333 0.097333
2 0.733667 0.059333 0.148667 0.093333
2 0.904000 0.151000 0.093333 0.115333
2 0.862000 0.270000 0.192000 0.125333
2 0.939000 0.395333 0.107333 0.126667
2 0.808667 0.409333 0.168000 0.132000
3 0.690333 0.395667 0.056667 0.056667
2 0.720000 0.512000 0.169333 0.168000
3 0.863000 0.517667 0.114000 0.087333
2 0.788333 0.630333 0.114000 0.084667
3 0.876667 0.628000 0.062667 0.072000
3 0.914667 0.726000 0.153333 0.132000
2 0.889000 0.816333 0.095333 0.092667
3 0.821000 0.837333 0.040667 0.040000
2 0.733333 0.898333 0.098667 0.126000
3 0.570000 0.898333 0.100000 0.104667
2 0.514000 0.819667 0.057333 0.055333
2 0.400000 0.869000 0.060000 0.056667
0 0.647000 0.600333 0.066000 0.078000
0 0.693000 0.710333 0.087333 0.082000
2 0.068333 0.452000 0.134000 0.161333
