0 0.105000 0.300333 0.100667 0.112667
0 0.173000 0.355333 0.048667 0.050667
0 0.214333 0.374000 0.078000 0.076000
0 0.296000 0.045000 0.080000 0.088667
0 0.575333 0.183000 0.220000 0.230000
0 0.712333 0.184667 0.074000 0.073333
0 0.719667 0.291000 0.124667 0.131333
0 0.819667 0.316333 0.083333 0.100667
0 0.620333 0.352000 0.118000 0.100000
0 0.794000 0.416000 0.178667 0.118667
0 0.097667 0.823333 0.106000 0.101333
0 0.191667 0.914667 0.139333 0.148000
0 0.291333 0.802333 0.088000 0.118000
0 0.315333 0.906333 0.112000 0.099333
0 0.394000 0.801333 0.122667 0.138667
0 0.400667 0.888667 0.060000 0.066667
0 0.692333 0.933000 0.094000 0.102000
0 0.243333 0.469667 0.133333 0.107333
0 0.465333 0.096667 0.220000 0.190667
0 0.748667 0.078000 0.117333 0.154667
0 0.636000 0.674000 0.176000 0.166667
0 0.558667 0.630000 0.068000 0.074667
0 0.842667 0.774333 0.078667 0.095333
0 0.728333 0.746333 0.138000 0.166000
0 0.577667 0.786667 0.146000 0.113333
0 0.611667 0.869333 0.074000 0.070667
0 0.240000 0.684000 0.049333 0.048000
0 0.715667 0.524000 0.108667 0.113333
0 0.308000 0.560000 0.170667 0.190667
0 0.409333 0.686333 0.105333 0.092667
0 0.464667 0.351667 0.118667 0.119333
0 0.643000 0.483000 0.119333 0.166000
0 0.559000 0.466667 0.082000 0.110667
0 0.936000 0.132000 0.128000 0.190667
0 0.889667 0.730333 0.062000 0.055333
0 0.465333 0.889667 0.064000 0.060667
0 0.534667 0.875000 0.085333 0.076667
0 0.481333 0.825333 0.068000 0.084000
0 0.957000 0.880667 0.067333 0.074667
0 0.903000 0.903333 0.092667 0.086667
0 0.921333 0.817667 0.089333 0.091333
