3 0.921000 0.216333 0.087333 0.090000
2 0.934333 0.109000 0.114000 0.119333
2 0.829333 0.197000 0.109333 0.107333
2 0.831333 0.095333 0.089333 0.106667
2 0.736667 0.081000 0.102667 0.116667
2 0.730667 0.188333 0.104000 0.115333
2 0.638333 0.093333 0.094000 0.136000
3 0.651000 0.184333 0.052667 0.062000
2 0.539333 0.094000 0.100000 0.129333
2 0.459667 0.085333 0.079333 0.130667
2 0.426333 0.171333 0.104667 0.156000
2 0.372000 0.065667 0.096000 0.122000
2 0.321333 0.143333 0.100000 0.110667
3 0.554667 0.189333 0.056000 0.077333
2 0.038333 0.140333 0.075333 0.122000
0 0.237667 0.263333 0.074000 0.074667
0 0.257000 0.511333 0.075333 0.057333
0 0.297000 0.445667 0.067333 0.055333
0 0.286333 0.335667 0.095333 0.091333
0 0.584000 0.258667 0.048000 0.042667
0 0.270000 0.710000 0.073333 0.082667
0 0.553667 0.360667 0.108667 0.124000
0 0.402000 0.388667 0.077333 0.061333
0 0.383000 0.450667 0.083333 0.070667
0 0.187000 0.434333 0.087333 0.094000
0 0.441333 0.328000 0.074667 0.089333
0 0.479000 0.287667 0.071333 0.078000
0 0.855667 0.540333 0.100667 0.096667
0 0.486667 0.477667 0.082667 0.078000
0 0.491333 0.544333 0.064000 0.062000
0 0.681000 0.473333 0.050000 0.045333
0 0.566333 0.575000 0.130000 0.112667
0 0.762333 0.716333 0.091333 0.096667
0 0.816333 0.792667 0.118000 0.110667
0 0.813333 0.856333 0.046667 0.051333
0 0.417333 0.919667 0.072000 0.083333
0 0.496333 0.946333 0.051333 0.058000
0 0.548667 0.956000 0.058667 0.082667
0 0.475000 0.880667 0.071333 0.060000
0 0.670667 0.311000 0.042667 0.055333
0 0.057667 0.461667 0.114000 0.124667
0 0.059333 0.624000 0.081333 0.085333
0 0.044667 0.554333 0.070667 0.075333
0 0.168333 0.615000 0.171333 0.182000
0 0.657333 0.916000 0.116000 0.130667
0 0.751333 0.855000 0.076000 0.090000
0 0.142000 0.869667 0.062667 0.091333
0 0.705000 0.520000 0.035333 0.037333
0 0.821000 0.661333 0.074000 0.090667
0 0.462000 0.767667 0.062667 0.094000
0 0.379667 0.817667 0.050000 0.052667
0 0.547667 0.800333 0.048667 0.051333
0 0.585333 0.847333 0.070667 0.076000
0 0.695000 0.374000 0.059333 0.048000
0 0.688000 0.563333 0.038667 0.040000
0 0.758667 0.542333 0.077333 0.076667
0 0.906667 0.441667 0.096000 0.076667
0 0.845667 0.370333 0.052667 0.055333
0 0.752667 0.265333 0.037333 0.033333
0 0.897333 0.344000 0.070667 0.052000
0 0.875333 0.307333 0.028000 0.024000
0 0.413667 0.523667 0.051333 0.056667
0 0.436667 0.555333 0.037333 0.040000
0 0.840667 0.272000 0.054667 0.050667
0 0.575333 0.487667 0.040000 0.042000
0 0.968333 0.851000 0.063333 0.062000
0 0.473667 0.609667 0.040667 0.047333
0 0.756667 0.294667 0.030667 0.025333
0 0.469667 0.404333 0.039333 0.039333
0 0.379333 0.515667 0.029333 0.030000
0 0.521667 0.236000 0.047333 0.040000
0 0.641000 0.241667 0.032667 0.028667
2 0.232667 0.062000 0.145333 0.122667
2 0.089667 0.064333 0.178000 0.123333
