2 0.155000 0.353667 0.139333 0.120667
2 0.306000 0.355333 0.164000 0.154667
2 0.245333 0.215667 0.228000 0.167333
2 0.296000 0.113000 0.129333 0.155333
2 0.170000 0.114333 0.133333 0.130000
3 0.489000 0.221667 0.120667 0.120667
2 0.590333 0.169000 0.084667 0.090000
2 0.589333 0.069333 0.133333 0.132000
2 0.717667 0.074667 0.116667 0.132000
3 0.812667 0.062000 0.062667 0.065333
0 0.482667 0.388000 0.125333 0.146667
0 0.750000 0.553667 0.108000 0.099333
0 0.123333 0.589000 0.116000 0.086000
0 0.169667 0.695000 0.162000 0.131333
0 0.557000 0.786333 0.088667 0.087333
0 0.708000 0.682667 0.070667 0.074667
0 0.490000 0.851000 0.114667 0.120667
0 0.383667 0.947667 0.126000 0.104667
0 0.226000 0.898000 0.244000 0.204000
0 0.335667 0.513333 0.076667 0.097333
0 0.299667 0.575667 0.072667 0.080667
0 0.279000 0.511667 0.078000 0.055333
0 0.378333 0.713000 0.111333 0.100667
0 0.482000 0.607000 0.065333 0.063333
0 0.499000 0.679000 0.072667 0.074000
0 0.421333 0.645333 0.074667 0.085333
2 0.076333 0.061000 0.151333 0.120667
