0 0.080667 0.306333 0.056000 0.056667
0 0.130667 0.356000 0.097333 0.080000
0 0.048000 0.177667 0.094667 0.114000
0 0.046333 0.063667 0.091333 0.126000
0 0.102667 0.242333 0.084000 0.107333
0 0.547667 0.569333 0.138000 0.128000
0 0.319333 0.692667 0.128000 0.122667
0 0.811667 0.527667 0.046000 0.050000
0 0.742000 0.585333 0.144000 0.121333
0 0.252667 0.588000 0.061333 0.089333
0 0.322333 0.546333 0.115333 0.114000
0 0.403667 0.596000 0.048667 0.080000
0 0.469333 0.551667 0.085333 0.188667
0 0.493333 0.949667 0.060000 0.056667
0 0.175000 0.857333 0.095333 0.110667
0 0.409333 0.750333 0.106667 0.126000
0 0.465000 0.732333 0.075333 0.134000
0 0.556667 0.717667 0.108000 0.132667
0 0.754333 0.260667 0.443333 0.377333
0 0.240000 0.149667 0.380000 0.298000
0 0.815667 0.798333 0.368667 0.400667
0 0.370667 0.928000 0.093333 0.096000
