2 0.131000 0.208667 0.114000 0.120000
2 0.284000 0.209000 0.189333 0.152667
2 0.345000 0.125333 0.147333 0.128000
2 0.492000 0.084000 0.165333 0.133333
2 0.606333 0.073333 0.124667 0.126667
2 0.701667 0.095000 0.084667 0.088667
2 0.819667 0.127333 0.148667 0.142667
3 0.911333 0.070667 0.068000 0.070667
3 0.929333 0.177000 0.065333 0.050000
3 0.879333 0.258667 0.124000 0.094667
2 0.738000 0.217667 0.161333 0.148667
2 0.621667 0.197000 0.111333 0.118000
2 0.488333 0.212333 0.152667 0.190000
2 0.400667 0.314333 0.177333 0.170000
2 0.147333 0.319000 0.109333 0.087333
3 0.050667 0.331667 0.086667 0.098000
2 0.259000 0.328000 0.114000 0.138667
2 0.183333 0.448333 0.212000 0.182000
2 0.083333 0.511333 0.114667 0.100000
3 0.318000 0.513000 0.109333 0.114000
3 0.368000 0.602333 0.073333 0.076667
2 0.254333 0.622000 0.146000 0.188000
2 0.101333 0.627333 0.168000 0.134667
2 0.122000 0.759333 0.165333 0.142667
2 0.215333 0.840000 0.145333 0.145333
2 0.339333 0.832000 0.133333 0.166667
2 0.478667 0.706000 0.092000 0.097333
3 0.529667 0.913000 0.111333 0.124667
2 0.599333 0.682333 0.110667 0.100667
2 0.629333 0.793667 0.142667 0.147333
2 0.627000 0.876667 0.080667 0.061333
2 0.748000 0.792000 0.133333 0.120000
3 0.852000 0.762333 0.061333 0.059333
2 0.874333 0.659333 0.139333 0.145333
2 0.739667 0.668000 0.130000 0.129333
3 0.558000 0.420333 0.100000 0.143333
2 0.624333 0.560667 0.199333 0.168000
2 0.766667 0.535667 0.109333 0.126000
2 0.868667 0.495667 0.141333 0.110000
2 0.938333 0.542333 0.055333 0.052667
2 0.672333 0.390000 0.128667 0.168000
2 0.730000 0.349000 0.097333 0.127333
2 0.812667 0.388667 0.101333 0.126667
2 0.887000 0.387667 0.078000 0.147333
2 0.950000 0.384333 0.070667 0.123333
3 0.824000 0.037000 0.121333 0.072667
0 0.407333 0.521667 0.093333 0.082000
0 0.404667 0.454000 0.073333 0.085333
0 0.562667 0.311667 0.093333 0.079333
0 0.851667 0.570333 0.063333 0.058000
2 0.287667 0.941333 0.215333 0.117333
2 0.038000 0.214000 0.074667 0.117333
