2 0.177667 0.109333 0.110000 0.140000
2 0.100000 0.211667 0.114667 0.114000
2 0.159000 0.265000 0.094000 0.112667
2 0.250000 0.244000 0.104000 0.096000
2 0.282333 0.108667 0.116667 0.100000
2 0.326667 0.185667 0.104000 0.120667
2 0.392333 0.067000 0.075333 0.086000
2 0.428333 0.116333 0.119333 0.098000
2 0.521667 0.057333 0.116667 0.105333
2 0.448667 0.217667 0.157333 0.204667
2 0.600667 0.270333 0.164000 0.220667
2 0.711000 0.279667 0.090000 0.160667
2 0.807000 0.293667 0.120667 0.211333
2 0.925000 0.289333 0.131333 0.205333
3 0.933333 0.159333 0.076000 0.065333
2 0.830667 0.140667 0.124000 0.136000
2 0.725000 0.143000 0.090000 0.087333
2 0.662000 0.100667 0.100000 0.100000
2 0.889000 0.443667 0.176667 0.144667
2 0.712333 0.418333 0.115333 0.094000
2 0.605000 0.417000 0.108667 0.127333
2 0.478667 0.395333 0.141333 0.140000
2 0.328667 0.346333 0.169333 0.150000
2 0.204667 0.349000 0.097333 0.119333
2 0.147333 0.397667 0.140000 0.103333
2 0.052667 0.603333 0.096000 0.108000
2 0.154333 0.494667 0.122000 0.100000
2 0.263667 0.461667 0.112667 0.124667
2 0.357000 0.512000 0.171333 0.162667
2 0.505000 0.529333 0.127333 0.133333
2 0.442000 0.645000 0.165333 0.175333
2 0.603333 0.547000 0.128000 0.115333
2 0.663333 0.494333 0.108000 0.082000
2 0.742333 0.537667 0.150000 0.155333
2 0.851333 0.562333 0.070667 0.112667
2 0.169333 0.589333 0.134667 0.089333
2 0.177667 0.671000 0.148667 0.111333
2 0.107000 0.738667 0.159333 0.101333
2 0.077000 0.832333 0.142000 0.147333
2 0.189667 0.858000 0.111333 0.142667
1 0.223000 0.765667 0.088667 0.075333
2 0.324333 0.675333 0.167333 0.174667
2 0.328000 0.791333 0.132000 0.090667
2 0.280667 0.884000 0.121333 0.133333
2 0.401333 0.880333 0.134667 0.146000
2 0.549333 0.813000 0.153333 0.150000
2 0.549333 0.927333 0.146667 0.124000
2 0.672000 0.846667 0.104000 0.098667
2 0.598000 0.679667 0.169333 0.158000
2 0.739667 0.662667 0.147333 0.130667
2 0.691667 0.751333 0.135333 0.104000
2 0.669000 0.944000 0.108667 0.112000
2 0.752667 0.842000 0.076000 0.097333
2 0.854333 0.836333 0.146000 0.175333
2 0.862000 0.735667 0.100000 0.090000
2 0.783667 0.944667 0.122000 0.110667
0 0.065667 0.092667 0.128667 0.137333
2 0.928333 0.961000 0.143333 0.078000
2 0.051000 0.502667 0.100667 0.118667
2 0.048000 0.364667 0.094667 0.156000
2 0.809333 0.036667 0.110667 0.072000
2 0.098667 0.944333 0.192000 0.111333
2 0.311333 0.033667 0.089333 0.066000
