2 0.263333 0.082333 0.110667 0.124667
2 0.163000 0.298333 0.144667 0.156667
2 0.235333 0.205333 0.108000 0.109333
2 0.112000 0.208000 0.128000 0.106667
2 0.104333 0.395667 0.140667 0.115333
2 0.057333 0.512667 0.100000 0.105333
2 0.148333 0.062333 0.118000 0.120667
2 0.144333 0.129333 0.048667 0.038667
2 0.030667 0.227333 0.060000 0.073333
0 0.264000 0.305667 0.104000 0.094000
0 0.718000 0.652333 0.134667 0.123333
2 0.898000 0.054333 0.204000 0.107333
0 0.321333 0.191333 0.096000 0.108000
0 0.341667 0.287667 0.038000 0.047333
0 0.814000 0.805333 0.164000 0.165333
2 0.905000 0.145333 0.190000 0.146667
