1 0.815000 0.400000 0.150000 0.112000
1 0.777333 0.530667 0.205333 0.124000
1 0.912667 0.656000 0.140000 0.136000
2 0.920333 0.828000 0.108667 0.098667
2 0.926667 0.939000 0.118667 0.115333
2 0.564000 0.873000 0.126667 0.142000
1 0.716000 0.663333 0.266667 0.256000
2 0.343333 0.780333 0.201333 0.212667
1 0.504000 0.652000 0.172000 0.161333
1 0.499000 0.519333 0.138000 0.142667
1 0.486667 0.364333 0.101333 0.116667
1 0.613000 0.436000 0.156667 0.157333
1 0.633000 0.294000 0.183333 0.136000
1 0.517667 0.184000 0.255333 0.233333
1 0.317000 0.145667 0.218000 0.184667
1 0.302333 0.309333 0.250000 0.213333
1 0.353333 0.475667 0.201333 0.211333
1 0.150333 0.540000 0.262000 0.232000
2 0.102667 0.691000 0.205333 0.127333
2 0.108333 0.148667 0.207333 0.173333
1 0.096333 0.293333 0.192667 0.177333
1 0.916667 0.488333 0.165333 0.242000
2 0.057667 0.043333 0.115333 0.085333
0 0.246667 0.641667 0.153333 0.120667
0 0.232333 0.743000 0.055333 0.052667
0 0.720333 0.380333 0.047333 0.050000
0 0.897667 0.751000 0.106000 0.052667
0 0.700667 0.429667 0.036000 0.048667
2 0.114667 0.841000 0.229333 0.206000
2 0.745333 0.893667 0.305333 0.212667
