2 0.320000 0.651000 0.069333 0.076667
2 0.141000 0.825333 0.116667 0.146667
2 0.239000 0.772000 0.115333 0.206667
2 0.361000 0.780333 0.123333 0.151333
2 0.316667 0.897667 0.124000 0.142000
2 0.425000 0.902000 0.102000 0.133333
2 0.474333 0.783000 0.114000 0.138000
2 0.649333 0.708333 0.153333 0.162000
2 0.773333 0.729000 0.101333 0.123333
2 0.710667 0.828000 0.205333 0.102667
2 0.560000 0.890667 0.184000 0.166667
2 0.698667 0.928667 0.152000 0.140000
2 0.837000 0.901000 0.128667 0.144667
2 0.789667 0.499000 0.139333 0.147333
2 0.804333 0.376667 0.120667 0.097333
2 0.518333 0.367667 0.115333 0.110000
2 0.387000 0.347000 0.155333 0.126000
3 0.262333 0.342000 0.087333 0.086667
3 0.243000 0.459333 0.043333 0.062667
2 0.387000 0.231667 0.114000 0.110000
2 0.527667 0.247667 0.120667 0.130000
3 0.620667 0.180333 0.068000 0.084667
3 0.685667 0.112333 0.080667 0.079333
2 0.721667 0.194000 0.122000 0.126667
2 0.915333 0.137333 0.114667 0.137333
2 0.569000 0.069000 0.111333 0.118000
2 0.397333 0.141333 0.106667 0.096000
2 0.270333 0.120333 0.111333 0.112667
3 0.275000 0.224000 0.068667 0.084000
3 0.168667 0.112333 0.094667 0.112667
2 0.142333 0.190667 0.139333 0.117333
3 0.116000 0.314333 0.146667 0.119333
2 0.865333 0.482000 0.069333 0.113333
2 0.654000 0.363333 0.101333 0.097333
0 0.122667 0.530000 0.242667 0.322667
0 0.408667 0.673000 0.045333 0.055333
0 0.559667 0.553000 0.315333 0.266000
0 0.812000 0.204667 0.058667 0.064000
2 0.058667 0.086333 0.116000 0.118000
2 0.047333 0.193333 0.070667 0.092000
2 0.890000 0.583333 0.220000 0.277333
2 0.047000 0.808000 0.092667 0.133333
