1 0.136667 0.097333 0.164000 0.164000
2 0.278333 0.116333 0.116667 0.107333
2 0.282000 0.226667 0.154667 0.138667
1 0.430000 0.139333 0.216000 0.177333
2 0.802667 0.088000 0.132000 0.144000
2 0.927333 0.119000 0.145333 0.139333
2 0.875000 0.215667 0.146000 0.124667
2 0.721667 0.189333 0.150000 0.120000
2 0.610333 0.183000 0.060667 0.071333
2 0.203000 0.345667 0.154000 0.179333
2 0.142333 0.450667 0.186000 0.169333
2 0.338000 0.351667 0.161333 0.160667
2 0.475000 0.418333 0.120667 0.111333
2 0.597333 0.417667 0.142667 0.140667
2 0.753000 0.331000 0.182000 0.170000
2 0.893333 0.360333 0.129333 0.144667
2 0.859333 0.504000 0.197333 0.173333
2 0.711667 0.482333 0.142000 0.152667
2 0.795667 0.644333 0.176667 0.151333
2 0.525000 0.560000 0.198000 0.174667
2 0.350667 0.506000 0.164000 0.153333
2 0.191667 0.583667 0.162000 0.170000
2 0.067333 0.681000 0.102667 0.108667
2 0.177333 0.721667 0.190667 0.138000
2 0.321667 0.647333 0.144667 0.133333
2 0.446667 0.678667 0.122667 0.132000
2 0.576333 0.695667 0.138000 0.123333
2 0.590333 0.805667 0.135333 0.114000
2 0.719333 0.729333 0.140000 0.172000
2 0.755667 0.820000 0.146000 0.102667
2 0.473000 0.759000 0.070000 0.080667
1 0.182667 0.878000 0.202667 0.200000
1 0.349333 0.883000 0.146667 0.212667
2 0.456333 0.915667 0.083333 0.155333
2 0.546333 0.911333 0.116667 0.164000
1 0.508333 0.274000 0.248667 0.210667
2 0.648667 0.284333 0.081333 0.107333
2 0.334333 0.751333 0.150000 0.096000
1 0.078667 0.198000 0.156000 0.174667
2 0.662667 0.084000 0.153333 0.165333
0 0.909333 0.837667 0.178667 0.255333
2 0.696667 0.920000 0.158667 0.158667
2 0.052333 0.321333 0.103333 0.140000
2 0.544000 0.061000 0.145333 0.120667
