2 0.049333 0.254333 0.082667 0.083333
3 0.162667 0.256000 0.129333 0.122667
3 0.297000 0.274667 0.120667 0.096000
3 0.212333 0.474667 0.082000 0.073333
3 0.118667 0.370333 0.094667 0.079333
3 0.038333 0.376000 0.050000 0.062667
3 0.118000 0.473333 0.101333 0.101333
2 0.033333 0.470333 0.062667 0.087333
3 0.149333 0.576667 0.128000 0.102667
2 0.141667 0.711000 0.164667 0.156667
3 0.166667 0.828333 0.109333 0.080667
3 0.081667 0.922667 0.070000 0.078667
2 0.187000 0.927667 0.142000 0.143333
3 0.280000 0.816000 0.054667 0.058667
3 0.362333 0.827000 0.110000 0.116667
2 0.359000 0.924667 0.086000 0.073333
3 0.465333 0.926000 0.065333 0.073333
2 0.472667 0.829000 0.100000 0.115333
2 0.601333 0.813000 0.157333 0.194000
2 0.562333 0.946333 0.118000 0.094000
2 0.684333 0.926000 0.126000 0.148000
2 0.814000 0.821000 0.168000 0.119333
2 0.822000 0.705333 0.198667 0.124000
2 0.798667 0.608667 0.188000 0.094667
2 0.821333 0.511000 0.172000 0.115333
2 0.946667 0.587333 0.094667 0.104000
2 0.949333 0.493333 0.086667 0.097333
2 0.952667 0.375333 0.093333 0.120000
2 0.931333 0.228000 0.130667 0.128000
2 0.822333 0.100667 0.143333 0.130667
2 0.683333 0.113000 0.124000 0.124667
2 0.804333 0.240000 0.156667 0.137333
2 0.839333 0.383667 0.169333 0.170000
2 0.657667 0.371000 0.150000 0.152667
2 0.757667 0.378000 0.058000 0.105333
2 0.566000 0.255000 0.116000 0.120667
2 0.434000 0.262333 0.146667 0.115333
3 0.472333 0.144333 0.051333 0.056667
2 0.372333 0.363667 0.095333 0.148667
3 0.489667 0.364000 0.147333 0.136000
2 0.445000 0.497667 0.122000 0.139333
2 0.547333 0.492000 0.096000 0.138667
2 0.653000 0.489667 0.123333 0.118000
2 0.587667 0.580667 0.063333 0.077333
2 0.455000 0.664000 0.200667 0.208000
2 0.281000 0.134333 0.054000 0.067333
3 0.032667 0.709667 0.064000 0.103333
2 0.891333 0.922667 0.158667 0.154667
0 0.385333 0.143667 0.122667 0.142000
0 0.242333 0.316333 0.067333 0.072667
0 0.292667 0.356333 0.064000 0.070000
0 0.215000 0.382333 0.051333 0.063333
0 0.401000 0.444000 0.088667 0.069333
2 0.059000 0.835667 0.115333 0.127333
2 0.955667 0.715667 0.088667 0.156667
3 0.043000 0.586000 0.080667 0.121333
