2 0.897667 0.208000 0.114000 0.134667
2 0.849333 0.084333 0.156000 0.148667
2 0.649333 0.129333 0.117333 0.102667
2 0.540333 0.123333 0.146000 0.124000
2 0.427000 0.112667 0.111333 0.128000
2 0.495333 0.224000 0.166667 0.141333
2 0.463333 0.346333 0.169333 0.175333
2 0.326333 0.328667 0.138000 0.137333
2 0.343333 0.219000 0.134667 0.107333
2 0.308333 0.088000 0.118000 0.138667
2 0.208667 0.069667 0.098667 0.116667
2 0.087333 0.149000 0.160000 0.186000
2 0.226333 0.204667 0.171333 0.144000
2 0.102667 0.296667 0.096000 0.137333
2 0.075000 0.409333 0.140667 0.129333
2 0.214000 0.331667 0.112000 0.168667
2 0.279333 0.436333 0.101333 0.124667
2 0.400000 0.468667 0.152000 0.136000
2 0.509333 0.497333 0.069333 0.097333
3 0.101333 0.526000 0.076000 0.078667
2 0.197333 0.542333 0.132000 0.147333
2 0.395333 0.602667 0.128000 0.160000
2 0.514000 0.613667 0.109333 0.143333
2 0.092333 0.665333 0.108667 0.133333
2 0.228000 0.686333 0.165333 0.155333
2 0.120000 0.790667 0.108000 0.136000
2 0.207667 0.835667 0.134000 0.174000
2 0.311333 0.813000 0.098667 0.144667
2 0.466000 0.836000 0.182667 0.196000
2 0.510333 0.751667 0.050000 0.060667
2 0.605667 0.772667 0.143333 0.166667
2 0.774333 0.831000 0.178000 0.178000
2 0.677000 0.908667 0.150000 0.174667
2 0.341667 0.932333 0.151333 0.134000
1 0.472000 0.955667 0.098667 0.088667
0 0.698333 0.037000 0.074000 0.070000
0 0.754000 0.069000 0.080000 0.070000
0 0.702667 0.125000 0.064000 0.068667
0 0.759667 0.455667 0.480667 0.599333
2 0.566667 0.032667 0.098667 0.064000
2 0.569000 0.944333 0.111333 0.111333
2 0.442000 0.041667 0.116000 0.082000
