1 0.600000 0.185000 0.112000 0.150000
1 0.469333 0.222667 0.124000 0.205333
1 0.344000 0.087333 0.136000 0.140000
2 0.172000 0.079667 0.098667 0.108667
2 0.061000 0.073333 0.115333 0.118667
2 0.127000 0.436000 0.142000 0.126667
1 0.336667 0.284000 0.256000 0.266667
2 0.219667 0.656667 0.212667 0.201333
1 0.348000 0.496000 0.161333 0.172000
1 0.480667 0.501000 0.142667 0.138000
1 0.635667 0.513333 0.116667 0.101333
1 0.564000 0.387000 0.157333 0.156667
1 0.706000 0.367000 0.136000 0.183333
1 0.816000 0.482333 0.233333 0.255333
1 0.854333 0.683000 0.184667 0.218000
1 0.690667 0.697667 0.213333 0.250000
1 0.524333 0.646667 0.211333 0.201333
1 0.460000 0.849667 0.232000 0.262000
2 0.309000 0.897333 0.127333 0.205333
2 0.851333 0.891667 0.173333 0.207333
1 0.706667 0.903667 0.177333 0.192667
1 0.511667 0.083333 0.242000 0.165333
2 0.956667 0.942333 0.085333 0.115333
0 0.358333 0.753333 0.120667 0.153333
0 0.257000 0.767667 0.052667 0.055333
0 0.619667 0.279667 0.050000 0.047333
0 0.249000 0.102333 0.052667 0.106000
0 0.570333 0.299333 0.048667 0.036000
2 0.159000 0.885333 0.206000 0.229333
2 0.106333 0.254667 0.212667 0.305333
