1 0.622000 0.828000 0.173333 0.173333
1 0.769333 0.866333 0.170667 0.144667
1 0.688333 0.715667 0.219333 0.207333
1 0.858333 0.750333 0.140667 0.146000
1 0.757000 0.617667 0.162000 0.119333
1 0.910333 0.622667 0.158000 0.162667
2 0.828333 0.525333 0.172667 0.132000
1 0.799000 0.392000 0.150000 0.148000
1 0.825000 0.203000 0.140667 0.128667
1 0.873333 0.108667 0.204000 0.121333
0 0.067667 0.493333 0.087333 0.081333
0 0.083667 0.172333 0.107333 0.102000
0 0.043333 0.567333 0.072000 0.066667
2 0.926333 0.770333 0.142000 0.206000
0 0.141000 0.832667 0.112667 0.088000
0 0.364667 0.229333 0.085333 0.082667
0 0.309333 0.252000 0.029333 0.032000
0 0.240000 0.333000 0.130667 0.139333
0 0.333667 0.303000 0.067333 0.051333
0 0.226000 0.408000 0.072000 0.048000
0 0.351000 0.368000 0.096667 0.073333
0 0.086667 0.743000 0.062667 0.076667
0 0.207333 0.634667 0.105333 0.089333
0 0.238000 0.099333 0.118667 0.090667
2 0.641667 0.948000 0.184667 0.102667
2 0.913667 0.297000 0.171333 0.242000
