2 0.339667 0.062000 0.078000 0.062667
2 0.312667 0.167000 0.206667 0.147333
1 0.160000 0.268667 0.161333 0.246667
1 0.289667 0.325000 0.124667 0.151333
2 0.422667 0.326667 0.166667 0.236000
2 0.601333 0.372000 0.196000 0.196000
2 0.730000 0.274667 0.138667 0.121333
2 0.602667 0.120000 0.140000 0.161333
2 0.761333 0.133667 0.170667 0.155333
2 0.864000 0.394000 0.229333 0.201333
2 0.832000 0.570000 0.178667 0.174667
2 0.717000 0.652667 0.151333 0.137333
2 0.554333 0.667333 0.179333 0.169333
2 0.589667 0.536000 0.130000 0.140000
3 0.685000 0.538000 0.051333 0.066667
2 0.457667 0.513667 0.136667 0.140667
1 0.330000 0.471667 0.125333 0.120667
1 0.166667 0.466333 0.206667 0.171333
2 0.272333 0.617667 0.290000 0.240667
2 0.165667 0.811000 0.211333 0.230000
2 0.395000 0.826667 0.144667 0.158667
2 0.320667 0.744667 0.060000 0.066667
2 0.561000 0.877000 0.187333 0.214000
2 0.707000 0.927000 0.115333 0.114000
2 0.910333 0.799000 0.144667 0.167333
2 0.804333 0.781000 0.092667 0.158000
2 0.698000 0.785667 0.158667 0.156667
2 0.911333 0.932333 0.177333 0.134000
2 0.777667 0.899667 0.043333 0.048667
2 0.127000 0.640667 0.076667 0.085333
2 0.059667 0.468333 0.118000 0.214000
2 0.071000 0.258333 0.140667 0.218000
2 0.250333 0.905000 0.226000 0.190000
2 0.414333 0.951667 0.110000 0.096667
