2 0.278000 0.099000 0.093333 0.088667
3 0.397333 0.128000 0.096000 0.097333
2 0.512667 0.134667 0.101333 0.101333
2 0.840333 0.143000 0.110000 0.112667
2 0.878667 0.048333 0.072000 0.084667
2 0.965000 0.055667 0.070000 0.099333
2 0.932667 0.253000 0.117333 0.142000
2 0.816000 0.284000 0.153333 0.136000
3 0.687000 0.272667 0.058000 0.056000
2 0.824333 0.384333 0.119333 0.084667
2 0.814000 0.492000 0.140000 0.156000
2 0.929000 0.513667 0.084667 0.107333
2 0.874333 0.661667 0.083333 0.122000
2 0.758333 0.653000 0.154000 0.186000
2 0.746000 0.772333 0.096000 0.086000
2 0.945000 0.736667 0.108667 0.128000
2 0.831333 0.853333 0.100000 0.125333
2 0.707667 0.837333 0.142000 0.101333
2 0.447667 0.925667 0.092667 0.134000
2 0.258333 0.881333 0.112667 0.132000
2 0.371667 0.800333 0.155333 0.130000
3 0.491000 0.667000 0.058000 0.070000
2 0.373667 0.664333 0.159333 0.144667
2 0.444333 0.554000 0.143333 0.126667
2 0.448667 0.436000 0.168000 0.140000
2 0.315333 0.429333 0.096000 0.094667
2 0.307667 0.531667 0.108667 0.110000
3 0.212000 0.537000 0.092000 0.082000
3 0.180667 0.644000 0.124000 0.124000
3 0.065333 0.648333 0.118667 0.118000
3 0.095333 0.522667 0.130667 0.097333
2 0.171667 0.779000 0.160667 0.148667
2 0.072000 0.875333 0.137333 0.120000
2 0.055667 0.764333 0.087333 0.103333
2 0.192333 0.426667 0.139333 0.130667
2 0.087000 0.394333 0.124667 0.118000
2 0.434000 0.320000 0.072000 0.069333
2 0.568667 0.261667 0.092000 0.086000
2 0.347667 0.276000 0.080667 0.093333
2 0.205000 0.299000 0.172667 0.106000
2 0.180667 0.196000 0.170667 0.105333
3 0.041667 0.272000 0.062000 0.057333
2 0.675667 0.373333 0.163333 0.124000
2 0.651333 0.496333 0.178667 0.139333
2 0.607000 0.703333 0.179333 0.158667
2 0.563667 0.902667 0.134000 0.194667
2 0.673333 0.919333 0.106667 0.161333
0 0.479333 0.200667 0.082667 0.086667
0 0.414000 0.242333 0.081333 0.095333
0 0.570333 0.414333 0.056667 0.058000
0 0.548000 0.458667 0.040000 0.045333
2 0.787000 0.943000 0.127333 0.114000
0 0.141667 0.097667 0.047333 0.059333
3 0.759000 0.048667 0.151333 0.096000
3 0.953667 0.389333 0.092667 0.114667
