3 0.075000 0.404667 0.064667 0.074667
2 0.143333 0.104667 0.096000 0.108000
2 0.052000 0.083333 0.097333 0.134667
2 0.268667 0.113667 0.108000 0.154000
2 0.369667 0.137333 0.090000 0.132000
2 0.532667 0.144000 0.144000 0.160000
2 0.618000 0.068333 0.073333 0.086000
2 0.751000 0.091333 0.086000 0.106667
2 0.673667 0.177333 0.128667 0.129333
2 0.768667 0.199000 0.058667 0.100667
2 0.895333 0.211667 0.097333 0.111333
2 0.873333 0.100333 0.134667 0.119333
3 0.186333 0.330667 0.042000 0.057333
2 0.377000 0.227667 0.051333 0.052667
0 0.084667 0.267667 0.168000 0.171333
0 0.325000 0.308667 0.075333 0.081333
0 0.390000 0.333667 0.076000 0.087333
0 0.468667 0.311333 0.106667 0.104000
0 0.562000 0.305333 0.081333 0.084000
0 0.534667 0.370333 0.100000 0.076667
0 0.627667 0.360667 0.058000 0.064000
0 0.631667 0.278333 0.086000 0.067333
0 0.714333 0.311667 0.088667 0.088667
0 0.857333 0.404000 0.108000 0.098667
0 0.957667 0.462667 0.084667 0.078667
0 0.854667 0.515000 0.114667 0.103333
0 0.710667 0.497000 0.094667 0.078000
0 0.677000 0.438333 0.071333 0.079333
0 0.623667 0.455667 0.079333 0.087333
0 0.360000 0.446333 0.066667 0.074000
0 0.318667 0.503000 0.078667 0.080667
0 0.219333 0.498667 0.096000 0.092000
0 0.293333 0.373333 0.082667 0.062667
0 0.216667 0.409000 0.080000 0.092667
0 0.294333 0.439000 0.082000 0.070000
0 0.098000 0.537333 0.069333 0.073333
0 0.170667 0.554333 0.085333 0.064667
0 0.175000 0.624000 0.094000 0.074667
0 0.261667 0.633333 0.098000 0.100000
0 0.579667 0.649000 0.082000 0.092667
0 0.568667 0.720667 0.138667 0.165333
0 0.362000 0.958333 0.072000 0.072667
0 0.772333 0.939333 0.058000 0.064000
0 0.570667 0.496000 0.074667 0.076000
0 0.608000 0.551000 0.093333 0.095333
0 0.695000 0.560333 0.072667 0.080667
0 0.935333 0.549667 0.082667 0.094000
0 0.448000 0.465000 0.128000 0.143333
0 0.506000 0.432333 0.074667 0.084667
0 0.837000 0.288667 0.144667 0.133333
0 0.868000 0.617667 0.078667 0.095333
0 0.857667 0.828333 0.168667 0.188667
0 0.886333 0.733667 0.115333 0.104667
0 0.957333 0.786667 0.085333 0.110667
0 0.661000 0.701667 0.080667 0.062000
0 0.412000 0.671000 0.226667 0.284667
0 0.303667 0.762000 0.070000 0.072000
0 0.266667 0.720333 0.054667 0.058000
0 0.165333 0.731667 0.141333 0.148667
0 0.740333 0.727000 0.078000 0.079333
0 0.747000 0.595000 0.096667 0.090000
0 0.062667 0.675000 0.044000 0.055333
0 0.118000 0.924333 0.058667 0.060667
0 0.927667 0.338000 0.099333 0.113333
2 0.530667 0.036333 0.100000 0.071333
2 0.390000 0.050667 0.141333 0.100000
0 0.270667 0.954667 0.108000 0.090667
