2 0.209000 0.072667 0.139333 0.141333
2 0.183667 0.257333 0.151333 0.133333
2 0.129667 0.327333 0.216667 0.140000
2 0.118000 0.401000 0.209333 0.118000
2 0.079000 0.468000 0.148667 0.096000
2 0.090333 0.590667 0.171333 0.130667
0 0.938667 0.033333 0.084000 0.065333
0 0.925000 0.787667 0.086000 0.083333
0 0.854333 0.666333 0.072667 0.078000
0 0.747667 0.739333 0.059333 0.062667
0 0.832333 0.309667 0.062000 0.075333
0 0.915667 0.342333 0.098000 0.095333
0 0.069000 0.675667 0.059333 0.067333
0 0.907667 0.895667 0.104667 0.099333
0 0.870667 0.961667 0.086667 0.064667
0 0.766667 0.879000 0.158667 0.158000
0 0.638333 0.204333 0.082000 0.084667
0 0.617333 0.283000 0.116000 0.104667
0 0.706667 0.253667 0.085333 0.076667
0 0.625000 0.373000 0.103333 0.096667
0 0.572667 0.445667 0.098667 0.096667
0 0.640000 0.474000 0.064000 0.061333
0 0.721333 0.486000 0.094667 0.102667
0 0.818000 0.506667 0.072000 0.105333
0 0.743667 0.354000 0.112667 0.112000
0 0.700333 0.548333 0.060667 0.044667
0 0.649667 0.572667 0.099333 0.057333
0 0.760000 0.103667 0.122667 0.103333
0 0.777000 0.047000 0.074000 0.047333
0 0.675667 0.049667 0.124667 0.091333
0 0.591333 0.781333 0.069333 0.072000
0 0.654333 0.792000 0.091333 0.112000
0 0.718333 0.767333 0.051333 0.042667
2 0.069333 0.931333 0.137333 0.137333
2 0.058000 0.776333 0.114667 0.163333
2 0.084333 0.135333 0.167333 0.230667
