0 0.348000 0.186667 0.136000 0.122667
0 0.295333 0.403333 0.126667 0.110667
0 0.333000 0.302333 0.139333 0.138000
0 0.445667 0.275333 0.128667 0.090667
0 0.456000 0.384667 0.194667 0.200000
0 0.307667 0.523333 0.166000 0.137333
0 0.432000 0.555000 0.122667 0.114000
0 0.420000 0.655333 0.129333 0.109333
0 0.418333 0.776000 0.108667 0.128000
0 0.297000 0.787000 0.134000 0.127333
0 0.166667 0.762333 0.124000 0.108667
0 0.180667 0.640333 0.190667 0.168667
0 0.181333 0.515667 0.180000 0.144667
0 0.567333 0.256333 0.134667 0.158000
0 0.455000 0.097333 0.252667 0.190667
0 0.126000 0.220000 0.209333 0.150667
0 0.132667 0.074667 0.254667 0.148000
0 0.149333 0.331000 0.224000 0.112667
0 0.161333 0.410333 0.140000 0.091333
0 0.058333 0.863667 0.106000 0.138000
0 0.214667 0.872667 0.101333 0.106667
0 0.650667 0.085000 0.152000 0.152667
0 0.737000 0.201333 0.171333 0.146667
0 0.845000 0.150667 0.102000 0.085333
0 0.782333 0.057333 0.103333 0.105333
0 0.602333 0.425000 0.144667 0.143333
0 0.714333 0.357667 0.202000 0.167333
0 0.805333 0.407667 0.130667 0.136667
0 0.639000 0.540667 0.156667 0.118667
0 0.776000 0.540667 0.185333 0.177333
0 0.779333 0.647667 0.120000 0.082000
0 0.586333 0.614667 0.082000 0.056000
0 0.676333 0.648333 0.139333 0.107333
0 0.542333 0.745667 0.139333 0.147333
0 0.474667 0.888333 0.162667 0.144667
0 0.627667 0.830000 0.122000 0.126667
0 0.802667 0.727333 0.150667 0.104000
0 0.923333 0.345333 0.134667 0.134667
0 0.859000 0.212667 0.088667 0.082667
0 0.922667 0.490000 0.140000 0.101333
0 0.925000 0.592000 0.150000 0.154667
0 0.929333 0.719667 0.141333 0.110000
0 0.669000 0.741000 0.120667 0.092667
0 0.754667 0.824333 0.117333 0.086000
0 0.912000 0.895000 0.176000 0.210000
0 0.797000 0.953000 0.155333 0.094000
0 0.671000 0.913333 0.075333 0.076000
0 0.596000 0.924333 0.080000 0.064667
0 0.248333 0.953333 0.128667 0.093333
