2 0.192333 0.305333 0.136667 0.140000
2 0.183333 0.437000 0.165333 0.143333
2 0.128000 0.588667 0.206667 0.262667
2 0.234667 0.604667 0.070667 0.108000
2 0.340333 0.595667 0.135333 0.159333
2 0.317333 0.472667 0.061333 0.064000
2 0.330667 0.321667 0.112000 0.115333
2 0.448667 0.249000 0.276000 0.224667
2 0.414333 0.099667 0.316667 0.198000
2 0.720333 0.142000 0.278000 0.261333
2 0.922667 0.136000 0.154667 0.241333
1 0.805667 0.268667 0.218000 0.128000
1 0.837333 0.379667 0.204000 0.191333
2 0.931667 0.535333 0.136667 0.133333
2 0.809000 0.529667 0.116667 0.116667
1 0.670333 0.485000 0.186000 0.227333
1 0.485667 0.469000 0.222000 0.248667
1 0.560333 0.656333 0.239333 0.218000
2 0.725667 0.654333 0.144667 0.144667
2 0.848000 0.656667 0.120000 0.112000
2 0.829000 0.793333 0.156667 0.202667
2 0.932000 0.804000 0.068000 0.096000
1 0.698000 0.797000 0.102667 0.138000
1 0.600667 0.822667 0.122667 0.158667
2 0.615333 0.933667 0.114667 0.108667
2 0.182667 0.875000 0.222667 0.184667
2 0.480000 0.811333 0.130667 0.169333
1 0.370000 0.749667 0.164000 0.184667
2 0.234667 0.741333 0.129333 0.145333
2 0.808333 0.934000 0.204667 0.132000
2 0.050333 0.823667 0.099333 0.180667
0 0.497333 0.947333 0.082667 0.105333
2 0.123333 0.142333 0.245333 0.188667
2 0.071000 0.331000 0.140667 0.247333
0 0.660000 0.333667 0.065333 0.092667
2 0.073667 0.962667 0.103333 0.074667
