0 0.306667 0.200333 0.056000 0.076667
0 0.277333 0.301333 0.098667 0.102667
0 0.398333 0.351667 0.115333 0.135333
0 0.529667 0.346667 0.139333 0.134667
0 0.479000 0.065333 0.112667 0.128000
0 0.599333 0.168667 0.162667 0.201333
0 0.749000 0.244000 0.154000 0.153333
0 0.771667 0.069333 0.143333 0.137333
0 0.258333 0.434000 0.104667 0.093333
0 0.814333 0.541667 0.142000 0.154000
0 0.724333 0.501000 0.066000 0.082000
0 0.757667 0.666000 0.123333 0.126667
0 0.497000 0.753000 0.100667 0.103333
0 0.646000 0.610000 0.110667 0.100000
0 0.641333 0.536333 0.106667 0.088667
0 0.319667 0.588667 0.130000 0.158667
0 0.513667 0.500667 0.110000 0.137333
0 0.827667 0.389667 0.104667 0.103333
0 0.885333 0.835333 0.118667 0.158667
0 0.602667 0.787333 0.118667 0.102667
0 0.201667 0.723333 0.146000 0.148000
0 0.399333 0.787333 0.089333 0.106667
0 0.400000 0.688000 0.100000 0.097333
0 0.448000 0.582000 0.132000 0.136000
0 0.847000 0.285000 0.112667 0.110000
0 0.897000 0.431000 0.110000 0.104667
0 0.786333 0.886667 0.108667 0.148000
0 0.063667 0.831667 0.094000 0.096667
0 0.349667 0.086333 0.135333 0.156667
0 0.153333 0.459000 0.085333 0.100667
0 0.278667 0.963667 0.118667 0.072667
0 0.663000 0.962333 0.056667 0.060667
0 0.328000 0.884333 0.128000 0.102000
0 0.236333 0.035000 0.052667 0.063333
0 0.604333 0.468667 0.102000 0.078667
0 0.710333 0.768333 0.060667 0.063333
0 0.191333 0.881333 0.066667 0.064000
0 0.475000 0.884000 0.054000 0.046667
0 0.949333 0.736000 0.101333 0.148000
