2 0.205000 0.080333 0.160667 0.138000
3 0.318000 0.108667 0.088000 0.108000
3 0.162333 0.178333 0.112667 0.114000
3 0.275667 0.197667 0.122000 0.111333
2 0.056333 0.290667 0.106000 0.144000
2 0.163667 0.305333 0.112667 0.142667
2 0.273000 0.310667 0.111333 0.134667
3 0.400667 0.196333 0.125333 0.111333
2 0.523333 0.113667 0.165333 0.162000
2 0.732000 0.145333 0.154667 0.170667
2 0.849667 0.147000 0.083333 0.115333
2 0.890333 0.287667 0.164667 0.180667
3 0.752333 0.267000 0.088667 0.096667
3 0.628000 0.234333 0.106667 0.090000
3 0.522333 0.216333 0.115333 0.064667
2 0.621000 0.328333 0.143333 0.114000
2 0.498667 0.317667 0.118667 0.148667
2 0.386333 0.319667 0.118000 0.147333
3 0.119000 0.524667 0.119333 0.118667
3 0.211333 0.523333 0.073333 0.098667
3 0.301000 0.531667 0.116667 0.112667
2 0.397333 0.444667 0.145333 0.128000
3 0.498000 0.444333 0.066667 0.087333
2 0.606000 0.464333 0.133333 0.180667
2 0.723000 0.454667 0.106000 0.156000
2 0.836000 0.487667 0.134667 0.211333
2 0.941000 0.485000 0.108667 0.191333
3 0.871333 0.686667 0.097333 0.092000
3 0.839000 0.774667 0.123333 0.101333
2 0.935667 0.797667 0.078000 0.096667
2 0.847333 0.898667 0.170667 0.166667
2 0.732333 0.828000 0.083333 0.092000
2 0.634667 0.831667 0.112000 0.104667
2 0.634000 0.748333 0.094667 0.071333
2 0.659667 0.670667 0.140667 0.098667
2 0.724333 0.620667 0.163333 0.162667
2 0.518333 0.578333 0.187333 0.142000
2 0.505333 0.677667 0.137333 0.120667
2 0.518667 0.830667 0.164000 0.136000
2 0.511000 0.940333 0.154000 0.116667
2 0.162667 0.924667 0.124000 0.134667
2 0.376333 0.865000 0.148667 0.135333
2 0.418667 0.745000 0.102667 0.086000
2 0.386000 0.635000 0.126667 0.150000
2 0.298000 0.740667 0.136000 0.125333
2 0.154333 0.714333 0.148667 0.178000
2 0.249333 0.633667 0.161333 0.119333
2 0.652000 0.946000 0.097333 0.105333
2 0.059000 0.929667 0.116667 0.102000
2 0.053333 0.158000 0.105333 0.124000
2 0.057333 0.809000 0.113333 0.140667
2 0.773000 0.948333 0.135333 0.103333
2 0.304333 0.939333 0.167333 0.121333
