1 0.828000 0.378000 0.173333 0.173333
1 0.866333 0.230667 0.144667 0.170667
1 0.715667 0.311667 0.207333 0.219333
1 0.750333 0.141667 0.146000 0.140667
1 0.617667 0.243000 0.119333 0.162000
1 0.622667 0.089667 0.162667 0.158000
2 0.525333 0.171667 0.132000 0.172667
1 0.392000 0.201000 0.148000 0.150000
1 0.203000 0.175000 0.128667 0.140667
1 0.108667 0.126667 0.121333 0.204000
0 0.493333 0.932333 0.081333 0.087333
0 0.172333 0.916333 0.102000 0.107333
0 0.567333 0.956667 0.066667 0.072000
2 0.770333 0.073667 0.206000 0.142000
0 0.832667 0.859000 0.088000 0.112667
0 0.229333 0.635333 0.082667 0.085333
0 0.252000 0.690667 0.032000 0.029333
0 0.333000 0.760000 0.139333 0.130667
0 0.303000 0.666333 0.051333 0.067333
0 0.408000 0.774000 0.048000 0.072000
0 0.368000 0.649000 0.073333 0.096667
0 0.743000 0.913333 0.076667 0.062667
0 0.634667 0.792667 0.089333 0.105333
0 0.099333 0.762000 0.090667 0.118667
2 0.948000 0.358333 0.102667 0.184667
2 0.297000 0.086333 0.242000 0.171333
