2 0.904667 0.430000 0.066667 0.065333
2 0.950667 0.556000 0.056000 0.061333
2 0.818000 0.671333 0.076000 0.077333
2 0.819333 0.775333 0.096000 0.113333
2 0.714667 0.773667 0.097333 0.116667
2 0.546333 0.899667 0.088667 0.110000
2 0.644333 0.887667 0.082000 0.083333
3 0.784667 0.893333 0.121333 0.110667
3 0.922333 0.924000 0.146000 0.144000
2 0.937000 0.774333 0.124667 0.156667
2 0.840000 0.552000 0.042667 0.040000
0 0.478667 0.306333 0.097333 0.096667
0 0.519667 0.365333 0.034000 0.038667
0 0.556333 0.381333 0.032667 0.037333
0 0.545000 0.459333 0.092667 0.100000
0 0.451667 0.387000 0.098000 0.104667
0 0.651000 0.249000 0.051333 0.042000
0 0.591333 0.520000 0.040000 0.066667
0 0.642000 0.517333 0.070667 0.090667
0 0.705333 0.464333 0.133333 0.131333
0 0.186000 0.389000 0.282667 0.351333
0 0.473667 0.510333 0.075333 0.052667
0 0.384667 0.572000 0.101333 0.072000
0 0.601000 0.730000 0.163333 0.154667
0 0.829000 0.461667 0.046000 0.047333
0 0.765333 0.303000 0.040000 0.044667
0 0.296000 0.655333 0.025333 0.025333
0 0.780667 0.051333 0.050667 0.045333
0 0.271667 0.615667 0.076667 0.064667
0 0.880333 0.202333 0.059333 0.054000
0 0.932333 0.233000 0.047333 0.042000
0 0.370333 0.398333 0.059333 0.132667
0 0.341333 0.487000 0.078667 0.119333
