3 0.083000 0.148333 0.098000 0.084667
2 0.146000 0.066333 0.093333 0.104667
2 0.185333 0.171333 0.094667 0.097333
2 0.100000 0.298333 0.142667 0.156667
2 0.263000 0.320333 0.147333 0.143333
2 0.113333 0.424667 0.108000 0.093333
2 0.229333 0.442333 0.101333 0.116667
2 0.363333 0.450333 0.166667 0.150000
2 0.234667 0.558000 0.137333 0.121333
2 0.102000 0.542000 0.136000 0.138667
2 0.093667 0.744000 0.106000 0.129333
2 0.197667 0.740667 0.114000 0.136000
2 0.114667 0.640667 0.092000 0.064000
3 0.503000 0.569000 0.082000 0.087333
2 0.310333 0.755667 0.124667 0.150000
2 0.362333 0.652000 0.148667 0.138667
2 0.484667 0.671667 0.098667 0.118000
2 0.586000 0.655333 0.126667 0.176000
2 0.716333 0.668333 0.150000 0.155333
2 0.844333 0.699000 0.112667 0.132667
2 0.918000 0.800667 0.140000 0.130667
2 0.846333 0.908000 0.119333 0.112000
2 0.719667 0.899667 0.082000 0.064667
2 0.769667 0.812000 0.143333 0.132000
2 0.665333 0.781000 0.090667 0.096667
2 0.571667 0.780667 0.088667 0.097333
2 0.450667 0.769333 0.100000 0.096000
2 0.469000 0.872000 0.122000 0.126667
2 0.341000 0.893333 0.132667 0.164000
2 0.204667 0.886333 0.128000 0.155333
2 0.076333 0.877667 0.128667 0.123333
2 0.854000 0.574667 0.134667 0.154667
2 0.730333 0.538000 0.118000 0.125333
2 0.588333 0.429333 0.055333 0.061333
2 0.639000 0.510000 0.056667 0.058667
3 0.500000 0.431667 0.106667 0.102000
2 0.425667 0.318333 0.152667 0.127333
3 0.382000 0.190000 0.145333 0.124000
2 0.352667 0.069667 0.165333 0.124667
2 0.496000 0.074667 0.096000 0.126667
2 0.538000 0.204000 0.130667 0.162667
2 0.634667 0.227333 0.078667 0.090667
3 0.677667 0.348667 0.140667 0.166667
2 0.709000 0.443667 0.080667 0.086000
3 0.834667 0.432333 0.112000 0.119333
2 0.950333 0.454000 0.099333 0.116000
2 0.909000 0.347667 0.142000 0.111333
2 0.887667 0.228667 0.146000 0.137333
2 0.793667 0.103333 0.111333 0.133333
2 0.644333 0.087000 0.154000 0.156667
0 0.574667 0.500000 0.072000 0.062667
0 0.760667 0.251667 0.056000 0.060667
0 0.702667 0.186000 0.058667 0.036000
0 0.789333 0.219667 0.049333 0.058000
0 0.577667 0.354667 0.059333 0.062667
0 0.786333 0.342000 0.055333 0.065333
0 0.358333 0.552000 0.052667 0.049333
0 0.720000 0.214667 0.054667 0.061333
0 0.947000 0.559000 0.064667 0.055333
2 0.981333 0.241000 0.037333 0.066000
2 0.043000 0.035333 0.084667 0.069333
