2 0.910000 0.863000 0.098667 0.086000
2 0.929000 0.953667 0.090000 0.087333
2 0.559667 0.826667 0.126000 0.128000
2 0.443000 0.913333 0.195333 0.165333
2 0.184667 0.884333 0.170667 0.112667
2 0.199333 0.768667 0.149333 0.130667
3 0.073000 0.681667 0.091333 0.084667
2 0.314000 0.710000 0.140000 0.141333
2 0.570667 0.717667 0.126667 0.104667
2 0.683333 0.703667 0.121333 0.179333
2 0.800000 0.729667 0.137333 0.172667
2 0.927333 0.759333 0.138667 0.121333
2 0.834000 0.623333 0.130667 0.109333
2 0.915000 0.506000 0.148667 0.158667
2 0.777333 0.512667 0.138667 0.172000
2 0.682000 0.508667 0.142667 0.169333
2 0.580333 0.500333 0.115333 0.139333
2 0.549333 0.617333 0.150667 0.169333
2 0.450333 0.587667 0.118000 0.122000
2 0.493333 0.499000 0.096000 0.086000
2 0.366667 0.586667 0.085333 0.097333
2 0.289000 0.574000 0.118000 0.125333
2 0.191000 0.571667 0.083333 0.118000
2 0.110333 0.550667 0.094000 0.136000
1 0.060667 0.377333 0.094667 0.101333
2 0.145667 0.393333 0.110000 0.138667
1 0.238000 0.407333 0.138667 0.141333
2 0.300667 0.468333 0.120000 0.111333
2 0.385000 0.484333 0.112667 0.112667
1 0.476333 0.416333 0.140667 0.110000
2 0.712667 0.338000 0.176000 0.172000
1 0.857667 0.347000 0.139333 0.143333
1 0.939667 0.378000 0.103333 0.133333
1 0.939000 0.210000 0.110000 0.144000
2 0.934667 0.086333 0.124000 0.122000
2 0.807667 0.073333 0.124667 0.109333
1 0.702667 0.054667 0.090667 0.108000
1 0.822333 0.195667 0.140667 0.182000
2 0.594333 0.199000 0.084667 0.091333
2 0.576333 0.337000 0.131333 0.131333
1 0.471667 0.306333 0.223333 0.186000
2 0.363000 0.306667 0.126000 0.136000
1 0.260667 0.303000 0.133333 0.116667
2 0.146000 0.275667 0.124000 0.119333
2 0.049333 0.271000 0.097333 0.114000
2 0.060333 0.127333 0.119333 0.190667
2 0.166000 0.120333 0.120000 0.218000
2 0.263333 0.155333 0.136000 0.196000
1 0.383333 0.189333 0.112000 0.105333
2 0.374333 0.075667 0.196667 0.147333
0 0.577333 0.086667 0.124000 0.134667
0 0.512667 0.206333 0.124000 0.112667
0 0.706667 0.184333 0.177333 0.194000
0 0.185667 0.671333 0.095333 0.082667
0 0.407667 0.791667 0.158000 0.126000
0 0.468333 0.710333 0.096667 0.084667
2 0.838667 0.947667 0.122667 0.104667
2 0.695667 0.911333 0.183333 0.177333
