2 0.076000 0.180667 0.130667 0.136000
1 0.190333 0.074667 0.156667 0.145333
1 0.318333 0.083000 0.154000 0.159333
1 0.273667 0.200333 0.248667 0.158000
2 0.088333 0.329000 0.078000 0.090000
1 0.197000 0.340667 0.148667 0.169333
1 0.138000 0.456667 0.194667 0.170667
1 0.363667 0.363667 0.212667 0.179333
1 0.326333 0.504333 0.190000 0.150000
1 0.197333 0.635000 0.178667 0.239333
1 0.333333 0.654667 0.112000 0.197333
2 0.457000 0.645000 0.131333 0.191333
1 0.582333 0.664333 0.187333 0.236667
1 0.572000 0.416333 0.268000 0.271333
1 0.511000 0.256000 0.184667 0.178667
1 0.486333 0.107333 0.204667 0.180000
2 0.723000 0.072000 0.127333 0.140000
1 0.685667 0.219667 0.186000 0.211333
2 0.879667 0.087333 0.180667 0.160000
2 0.833333 0.223667 0.170667 0.175333
2 0.804333 0.367667 0.174000 0.138000
1 0.778667 0.481667 0.172000 0.159333
1 0.921000 0.496000 0.148667 0.164000
2 0.807000 0.629667 0.212667 0.155333
2 0.949667 0.636667 0.100667 0.117333
2 0.721333 0.725333 0.164000 0.174667
2 0.908667 0.761667 0.168000 0.147333
2 0.861667 0.888000 0.155333 0.174667
2 0.611667 0.848333 0.147333 0.151333
1 0.444000 0.824000 0.194667 0.161333
1 0.232667 0.889000 0.136000 0.152667
2 0.113000 0.860667 0.119333 0.173333
2 0.941000 0.256000 0.118000 0.208000
2 0.083667 0.588667 0.166000 0.212000
0 0.273333 0.780667 0.118667 0.109333
2 0.584000 0.066000 0.182667 0.130667
2 0.755667 0.920333 0.176667 0.159333
2 0.457667 0.948333 0.216667 0.103333
2 0.620333 0.954667 0.128667 0.090667
