2 0.085333 0.138000 0.122667 0.158667
2 0.223000 0.165000 0.155333 0.218000
2 0.428333 0.143667 0.275333 0.286000
2 0.644667 0.086667 0.141333 0.148000
2 0.664333 0.199667 0.052667 0.056667
2 0.803000 0.224000 0.118000 0.117333
2 0.937000 0.235667 0.086000 0.107333
3 0.693000 0.322667 0.084667 0.100000
2 0.587667 0.294333 0.154000 0.172667
2 0.418000 0.354667 0.221333 0.169333
1 0.170333 0.297667 0.211333 0.163333
2 0.063000 0.422000 0.122000 0.157333
1 0.200000 0.454667 0.201333 0.177333
2 0.152333 0.587333 0.116667 0.126667
2 0.177333 0.686333 0.197333 0.191333
2 0.299333 0.750333 0.180000 0.214000
2 0.146000 0.806333 0.109333 0.082000
2 0.393333 0.586667 0.201333 0.172000
2 0.415333 0.487667 0.204000 0.147333
1 0.580000 0.432333 0.110667 0.122000
2 0.687000 0.440000 0.119333 0.137333
2 0.764333 0.456000 0.052667 0.064000
2 0.559000 0.549667 0.147333 0.151333
1 0.694000 0.572667 0.166667 0.133333
2 0.863000 0.454000 0.122000 0.157333
2 0.543667 0.664333 0.094000 0.091333
1 0.473667 0.774667 0.187333 0.204000
2 0.505667 0.897333 0.190000 0.138667
2 0.633333 0.724667 0.142667 0.173333
2 0.759667 0.697000 0.123333 0.184667
1 0.886667 0.715667 0.158667 0.227333
2 0.295000 0.325333 0.056667 0.074667
0 0.822667 0.298667 0.044000 0.058667
2 0.057333 0.637333 0.113333 0.242667
2 0.139000 0.910000 0.227333 0.180000
2 0.805333 0.896000 0.309333 0.208000
2 0.952667 0.472000 0.094667 0.196000
3 0.959333 0.118667 0.081333 0.154667
