2 0.327667 0.186333 0.048667 0.050000
2 0.424000 0.073333 0.100000 0.113333
2 0.571000 0.085000 0.151333 0.142000
2 0.682667 0.098333 0.069333 0.098000
2 0.819000 0.101000 0.186000 0.187333
2 0.870000 0.234333 0.108000 0.110000
2 0.749333 0.239333 0.141333 0.172000
2 0.620333 0.230667 0.152667 0.164000
2 0.496667 0.220333 0.128000 0.143333
2 0.100333 0.295000 0.199333 0.239333
2 0.325000 0.342333 0.228667 0.219333
2 0.467333 0.369000 0.074667 0.076667
2 0.586333 0.378333 0.146000 0.122000
2 0.838667 0.413333 0.201333 0.168000
2 0.873667 0.552667 0.095333 0.093333
2 0.737000 0.550333 0.158000 0.216667
2 0.576667 0.532333 0.170667 0.230000
2 0.443000 0.508667 0.128667 0.136000
2 0.145667 0.477000 0.082000 0.150000
2 0.280000 0.502000 0.197333 0.169333
2 0.453667 0.652333 0.127333 0.123333
2 0.249333 0.646333 0.253333 0.158000
2 0.073667 0.721000 0.138000 0.219333
2 0.165333 0.755000 0.088000 0.087333
2 0.293667 0.733000 0.139333 0.123333
2 0.395000 0.727333 0.058000 0.076000
2 0.591667 0.683667 0.104667 0.083333
2 0.725667 0.689667 0.086000 0.082000
2 0.903667 0.784333 0.122000 0.126000
2 0.898000 0.894333 0.144000 0.143333
3 0.775667 0.749667 0.078000 0.068667
2 0.674333 0.760667 0.127333 0.134667
2 0.653000 0.908667 0.184667 0.172000
2 0.529667 0.956333 0.086000 0.087333
2 0.449333 0.865667 0.136000 0.155333
2 0.248667 0.931333 0.112000 0.132000
2 0.170667 0.910000 0.068000 0.108000
2 0.100667 0.901333 0.069333 0.104000
2 0.321667 0.848000 0.119333 0.132000
2 0.229667 0.299667 0.084667 0.136667
2 0.786000 0.543000 0.065333 0.108667
2 0.175333 0.094000 0.228000 0.180000
