2 0.125000 0.077667 0.140667 0.115333
2 0.122000 0.192000 0.101333 0.110667
2 0.079667 0.301000 0.147333 0.151333
2 0.214333 0.321333 0.119333 0.128000
2 0.260333 0.195333 0.178000 0.168000
2 0.255000 0.072000 0.127333 0.126667
2 0.402333 0.092000 0.183333 0.172000
2 0.544667 0.090000 0.106667 0.106667
2 0.654333 0.126000 0.082000 0.096000
2 0.759000 0.142000 0.124667 0.144000
2 0.886667 0.145000 0.138667 0.142000
2 0.783333 0.287333 0.132000 0.129333
2 0.912667 0.324000 0.165333 0.200000
2 0.673000 0.254667 0.072667 0.056000
2 0.570333 0.251000 0.180667 0.182000
2 0.411000 0.234667 0.146000 0.162667
2 0.329333 0.359667 0.090667 0.087333
2 0.458333 0.383667 0.151333 0.124667
2 0.635000 0.367667 0.215333 0.184667
2 0.643000 0.525667 0.171333 0.152667
2 0.777333 0.519000 0.128000 0.154000
3 0.886667 0.512000 0.074667 0.065333
2 0.918667 0.658000 0.158667 0.254667
2 0.774333 0.658667 0.114000 0.122667
2 0.649000 0.648333 0.150000 0.128667
2 0.513333 0.770667 0.138667 0.160000
2 0.641000 0.786333 0.172667 0.219333
2 0.775000 0.801000 0.115333 0.182000
2 0.875000 0.804333 0.087333 0.111333
2 0.865333 0.919333 0.165333 0.160000
2 0.517667 0.912333 0.116667 0.115333
2 0.475000 0.533000 0.195333 0.231333
2 0.333333 0.502667 0.162667 0.193333
2 0.185000 0.445000 0.151333 0.124667
2 0.072333 0.559000 0.138000 0.114000
2 0.081333 0.690667 0.141333 0.166667
2 0.234333 0.679000 0.183333 0.182000
2 0.139333 0.841333 0.164000 0.142667
2 0.285333 0.852667 0.158667 0.196000
2 0.175000 0.952667 0.098000 0.093333
2 0.054667 0.908667 0.102667 0.125333
2 0.412000 0.893667 0.100000 0.144667
2 0.034000 0.184000 0.066667 0.092000
2 0.723333 0.410333 0.057333 0.075333
2 0.286000 0.968000 0.109333 0.064000
0 0.361667 0.712333 0.058000 0.070000
2 0.059000 0.436000 0.116667 0.153333
