2 0.691000 0.714000 0.142000 0.130667
2 0.685000 0.814667 0.115333 0.101333
2 0.790333 0.840000 0.098000 0.098667
2 0.893667 0.881000 0.106000 0.103333
2 0.779333 0.940000 0.124000 0.109333
2 0.656333 0.913333 0.124667 0.165333
1 0.538000 0.915667 0.138667 0.158000
2 0.424333 0.884333 0.080667 0.128667
2 0.321667 0.887000 0.122000 0.123333
2 0.196333 0.875667 0.116667 0.183333
2 0.078000 0.860667 0.132000 0.196000
2 0.040333 0.738333 0.068667 0.082000
2 0.281333 0.763000 0.125333 0.119333
2 0.389000 0.771000 0.151333 0.122000
2 0.525667 0.766667 0.175333 0.168000
3 0.452000 0.680333 0.092000 0.082000
2 0.367667 0.668333 0.086000 0.088667
2 0.253333 0.679333 0.125333 0.130667
2 0.120333 0.678333 0.147333 0.180667
2 0.096000 0.543667 0.109333 0.114000
2 0.182000 0.455333 0.178667 0.165333
2 0.068000 0.394000 0.129333 0.190667
1 0.223667 0.364333 0.095333 0.139333
2 0.304667 0.547333 0.202667 0.164000
2 0.325000 0.395667 0.104667 0.148667
2 0.427333 0.384333 0.097333 0.126000
2 0.522000 0.381667 0.132000 0.164667
2 0.639333 0.408667 0.100000 0.128000
2 0.508333 0.513667 0.112667 0.128667
2 0.410333 0.490000 0.091333 0.104000
2 0.511000 0.607000 0.126000 0.116667
2 0.808333 0.426000 0.151333 0.106667
2 0.928667 0.413667 0.094667 0.112667
2 0.800667 0.296000 0.177333 0.156000
2 0.939000 0.293000 0.112667 0.148667
2 0.828333 0.153000 0.124667 0.147333
1 0.944333 0.153667 0.110000 0.146000
2 0.730333 0.176667 0.079333 0.130667
2 0.635667 0.176667 0.088667 0.205333
2 0.548000 0.163000 0.074667 0.160667
2 0.458333 0.157333 0.092667 0.172000
2 0.320333 0.246333 0.211333 0.139333
2 0.362000 0.117667 0.128000 0.159333
2 0.252000 0.124667 0.100000 0.124000
2 0.117333 0.224667 0.153333 0.165333
2 0.155000 0.099667 0.080667 0.123333
2 0.076667 0.099667 0.098667 0.131333
0 0.775333 0.625333 0.449333 0.404000
2 0.028000 0.200333 0.054667 0.110000
2 0.028333 0.649667 0.055333 0.112667
2 0.954000 0.957000 0.092000 0.084667
2 0.897667 0.048667 0.182000 0.096000
