0 0.583333 0.813000 0.177333 0.223333
0 0.729667 0.874333 0.139333 0.138000
0 0.763333 0.750667 0.144000 0.165333
0 0.670667 0.656333 0.169333 0.179333
0 0.832000 0.501333 0.178667 0.181333
0 0.906000 0.917000 0.188000 0.166000
0 0.415667 0.862000 0.135333 0.177333
0 0.408667 0.708333 0.160000 0.194000
0 0.467667 0.623667 0.082000 0.118000
0 0.580667 0.577333 0.197333 0.180000
0 0.574667 0.433333 0.158667 0.122667
0 0.411000 0.471667 0.200667 0.235333
0 0.247667 0.677667 0.203333 0.194000
0 0.237000 0.405333 0.251333 0.260000
0 0.558000 0.289667 0.113333 0.103333
0 0.698000 0.323667 0.126667 0.146000
0 0.919667 0.367000 0.160667 0.186000
0 0.847667 0.264333 0.139333 0.124667
0 0.789000 0.188667 0.140667 0.120000
0 0.372000 0.269333 0.125333 0.094667
0 0.608333 0.154000 0.220667 0.190667
0 0.386000 0.148667 0.152000 0.158667
0 0.187000 0.254000 0.151333 0.117333
0 0.927333 0.138333 0.124000 0.108667
0 0.931333 0.730667 0.137333 0.237333
0 0.119333 0.647667 0.082667 0.084667
0 0.040000 0.790667 0.070667 0.108000
0 0.326667 0.942000 0.146667 0.114667
0 0.092667 0.553667 0.118667 0.130000
0 0.073667 0.427333 0.092667 0.120000
0 0.146667 0.102333 0.205333 0.203333
0 0.277000 0.066333 0.108667 0.131333
0 0.494667 0.105333 0.093333 0.142667
0 0.400333 0.035000 0.131333 0.068667
