0 0.101333 0.194667 0.141333 0.130667
0 0.229000 0.655000 0.252667 0.236667
0 0.351667 0.239000 0.068667 0.070000
0 0.766333 0.340333 0.075333 0.080667
0 0.668000 0.704333 0.108000 0.104667
0 0.753333 0.570667 0.180000 0.153333
0 0.874667 0.528333 0.144000 0.120667
0 0.791000 0.714000 0.139333 0.134667
0 0.891333 0.676667 0.130667 0.126667
0 0.661000 0.814000 0.164667 0.181333
0 0.314000 0.082667 0.190667 0.162667
0 0.937333 0.448667 0.125333 0.141333
0 0.116000 0.373333 0.096000 0.116000
0 0.227667 0.320667 0.066000 0.064000
0 0.224000 0.421000 0.092000 0.088667
0 0.295667 0.401000 0.079333 0.088667
0 0.318667 0.338667 0.049333 0.061333
0 0.086667 0.473333 0.077333 0.074667
0 0.151667 0.516667 0.130000 0.122667
0 0.552000 0.116000 0.048000 0.072000
0 0.500333 0.806667 0.156667 0.168000
0 0.380000 0.843333 0.120000 0.165333
0 0.261667 0.902333 0.120667 0.140667
0 0.812667 0.828333 0.144000 0.096667
0 0.631667 0.924333 0.143333 0.151333
0 0.822667 0.946000 0.122667 0.108000
0 0.605333 0.550333 0.114667 0.090000
0 0.607667 0.474333 0.063333 0.062000
0 0.669667 0.402667 0.080667 0.093333
0 0.730333 0.225000 0.040667 0.042000
0 0.723667 0.263667 0.039333 0.032667
0 0.773000 0.263667 0.068667 0.064667
0 0.813000 0.139000 0.056667 0.062000
0 0.560333 0.204667 0.068667 0.057333
0 0.660667 0.232333 0.068000 0.062000
0 0.673667 0.326333 0.076667 0.064667
0 0.592333 0.271667 0.058000 0.054000
0 0.331667 0.457000 0.058000 0.075333
0 0.735000 0.925000 0.100667 0.106000
