2 0.049333 0.152667 0.061333 0.060000
2 0.134000 0.138000 0.105333 0.110667
2 0.230000 0.104000 0.097333 0.109333
2 0.334667 0.130000 0.090667 0.101333
2 0.405333 0.123333 0.062667 0.081333
2 0.480000 0.092667 0.089333 0.109333
2 0.574333 0.083000 0.094000 0.104667
2 0.673000 0.059667 0.106000 0.115333
2 0.668667 0.147000 0.072000 0.079333
2 0.770667 0.074000 0.098667 0.094667
2 0.761000 0.170000 0.118000 0.097333
2 0.872333 0.176333 0.076667 0.154000
2 0.951667 0.177333 0.082000 0.096000
2 0.699333 0.261333 0.128000 0.105333
2 0.591667 0.245333 0.104667 0.101333
2 0.080667 0.225333 0.070667 0.064000
2 0.164333 0.235667 0.083333 0.082000
2 0.096333 0.311000 0.086000 0.087333
2 0.252000 0.191333 0.110667 0.085333
2 0.257000 0.278333 0.115333 0.091333
2 0.340333 0.357333 0.148667 0.146667
3 0.279667 0.457000 0.050000 0.050000
3 0.191000 0.450333 0.083333 0.075333
2 0.214333 0.552333 0.116667 0.115333
2 0.111667 0.538000 0.078000 0.094667
2 0.039000 0.506000 0.074000 0.120000
2 0.125000 0.642000 0.092667 0.086667
2 0.042333 0.692000 0.080667 0.125333
2 0.139000 0.725333 0.123333 0.100000
3 0.087667 0.806667 0.084667 0.085333
2 0.150000 0.892000 0.093333 0.102667
2 0.703000 0.365667 0.154000 0.111333
2 0.621667 0.411667 0.078000 0.083333
2 0.529333 0.382333 0.098667 0.091333
2 0.448667 0.457333 0.137333 0.125333
2 0.541000 0.479667 0.072667 0.075333
2 0.631667 0.505667 0.115333 0.119333
2 0.724667 0.453000 0.100000 0.083333
2 0.745000 0.559667 0.150000 0.154000
2 0.759000 0.633000 0.070000 0.056667
2 0.838333 0.529667 0.091333 0.122000
2 0.922333 0.529667 0.090000 0.122000
2 0.933333 0.619333 0.106667 0.070667
2 0.953667 0.725000 0.092667 0.148667
1 0.862667 0.712000 0.109333 0.165333
2 0.768333 0.737333 0.118000 0.173333
2 0.772333 0.835333 0.071333 0.064000
2 0.885667 0.810333 0.114000 0.083333
2 0.898000 0.915667 0.146667 0.144667
2 0.803000 0.946000 0.107333 0.108000
2 0.650000 0.697667 0.137333 0.108667
2 0.648667 0.609333 0.098667 0.090667
2 0.555667 0.584667 0.104667 0.129333
2 0.455667 0.555333 0.110000 0.093333
2 0.477667 0.643000 0.074000 0.082000
2 0.507667 0.743333 0.122000 0.130667
2 0.490333 0.832333 0.064667 0.070000
2 0.593667 0.850000 0.127333 0.168000
2 0.517000 0.894333 0.082000 0.079333
2 0.702000 0.900667 0.102667 0.133333
1 0.385333 0.604333 0.100000 0.122000
2 0.296333 0.623333 0.080667 0.093333
2 0.236667 0.718667 0.064000 0.069333
2 0.303333 0.739333 0.100000 0.125333
2 0.400000 0.698333 0.106667 0.092667
2 0.402667 0.797333 0.104000 0.100000
2 0.423667 0.864333 0.062000 0.058000
2 0.303667 0.842667 0.144667 0.101333
2 0.340333 0.939667 0.140667 0.115333
2 0.664000 0.782667 0.104000 0.100000
2 0.034667 0.367000 0.068000 0.108667
0 0.106000 0.424667 0.070667 0.066667
0 0.168667 0.334667 0.090667 0.105333
0 0.353000 0.221000 0.056667 0.063333
0 0.446000 0.174667 0.054667 0.066667
0 0.505333 0.162333 0.048000 0.055333
0 0.799000 0.419000 0.088667 0.127333
0 0.879667 0.400333 0.086000 0.112667
0 0.240667 0.886667 0.089333 0.101333
0 0.299667 0.518333 0.054000 0.059333
0 0.345000 0.455000 0.072667 0.055333
0 0.093667 0.060667 0.063333 0.064000
0 0.128667 0.034667 0.078667 0.065333
0 0.893333 0.034000 0.074667 0.066667
0 0.213333 0.023667 0.072000 0.046000
0 0.826000 0.030333 0.061333 0.058000
