2 0.383333 0.051000 0.088000 0.084667
2 0.385667 0.131000 0.150000 0.103333
1 0.489000 0.112000 0.054000 0.060000
1 0.397333 0.237000 0.154667 0.112667
2 0.288333 0.310000 0.116667 0.089333
2 0.118000 0.278000 0.112000 0.108000
1 0.039667 0.361667 0.072667 0.083333
2 0.116000 0.372667 0.069333 0.066667
2 0.126333 0.447667 0.123333 0.088667
1 0.126000 0.525333 0.102667 0.080000
1 0.199333 0.392667 0.066667 0.073333
2 0.318000 0.413667 0.176000 0.118000
2 0.345667 0.524000 0.156667 0.122667
2 0.396667 0.355000 0.174667 0.154000
1 0.519333 0.354000 0.096000 0.109333
2 0.583333 0.093667 0.112000 0.122000
2 0.709000 0.141333 0.178000 0.198667
2 0.793333 0.160000 0.062667 0.064000
2 0.794667 0.235000 0.106667 0.094000
2 0.922333 0.134333 0.146000 0.112667
1 0.509000 0.204000 0.114000 0.134667
2 0.589000 0.206333 0.084667 0.082000
1 0.630667 0.303667 0.176000 0.148667
1 0.745333 0.337667 0.105333 0.119333
1 0.866667 0.342000 0.154667 0.130667
1 0.625000 0.415000 0.195333 0.123333
1 0.784000 0.463333 0.130667 0.140000
1 0.888333 0.468333 0.124667 0.122000
1 0.897667 0.580000 0.114000 0.132000
1 0.780667 0.600333 0.142667 0.139333
1 0.671333 0.542000 0.138667 0.153333
1 0.522333 0.533000 0.192667 0.192667
1 0.572333 0.656667 0.112667 0.085333
1 0.673667 0.636333 0.064667 0.055333
2 0.964333 0.629000 0.052667 0.056667
2 0.895000 0.722667 0.158000 0.156000
2 0.789667 0.693000 0.094000 0.082000
2 0.902667 0.842667 0.160000 0.121333
2 0.940667 0.944000 0.118667 0.106667
1 0.717333 0.948333 0.138667 0.098000
2 0.715333 0.851333 0.176000 0.134667
2 0.699333 0.733667 0.117333 0.139333
2 0.582000 0.769333 0.129333 0.165333
2 0.480667 0.750333 0.112000 0.160667
2 0.383667 0.815000 0.118000 0.098000
2 0.351000 0.691333 0.186000 0.152000
2 0.222000 0.565000 0.129333 0.102000
2 0.388667 0.922000 0.129333 0.121333
2 0.269667 0.912000 0.112667 0.140000
2 0.170667 0.946333 0.093333 0.106000
2 0.763333 0.042667 0.064000 0.078667
2 0.134667 0.615000 0.065333 0.098000
0 0.141000 0.747333 0.280667 0.396000
0 0.220333 0.488000 0.092667 0.089333
0 0.040667 0.295667 0.058667 0.062000
0 0.208333 0.289333 0.054000 0.066667
2 0.937667 0.277333 0.124667 0.186667
2 0.503000 0.920333 0.139333 0.159333
