3 0.167333 0.222667 0.061333 0.061333
3 0.233667 0.195000 0.099333 0.142000
3 0.336000 0.201667 0.093333 0.152667
3 0.433667 0.188000 0.115333 0.128000
3 0.443000 0.096000 0.090000 0.064000
3 0.535333 0.168333 0.036000 0.042000
2 0.566667 0.072000 0.145333 0.142667
0 0.600000 0.200333 0.065333 0.079333
2 0.350000 0.055333 0.097333 0.109333
0 0.322000 0.393333 0.073333 0.069333
0 0.356333 0.290000 0.042000 0.034667
0 0.268667 0.639333 0.434667 0.422667
0 0.760667 0.454000 0.080000 0.086667
0 0.913333 0.607667 0.074667 0.063333
0 0.720000 0.616667 0.038667 0.037333
0 0.562667 0.400667 0.393333 0.400000
0 0.828333 0.285000 0.116667 0.114000
