1 0.229667 0.109333 0.178000 0.134667
2 0.138333 0.223667 0.122000 0.128667
2 0.254000 0.231000 0.126667 0.122000
2 0.344333 0.163667 0.054000 0.062000
2 0.410333 0.079000 0.124667 0.107333
1 0.501667 0.094000 0.087333 0.093333
2 0.409000 0.184333 0.086000 0.092667
1 0.521000 0.191333 0.143333 0.140000
2 0.621333 0.152667 0.069333 0.070667
2 0.590333 0.055333 0.128667 0.109333
1 0.708333 0.075667 0.068667 0.086000
1 0.898000 0.080333 0.120000 0.115333
1 0.798000 0.174000 0.113333 0.130667
1 0.898000 0.189333 0.089333 0.122667
2 0.721000 0.235667 0.107333 0.123333
2 0.816000 0.263667 0.061333 0.054000
2 0.910667 0.292667 0.094667 0.104000
2 0.820000 0.359333 0.172000 0.126667
2 0.769667 0.428000 0.082000 0.061333
1 0.664667 0.380333 0.138667 0.151333
2 0.530667 0.313000 0.168000 0.139333
2 0.440333 0.375333 0.148667 0.133333
1 0.357667 0.379333 0.055333 0.064000
2 0.562000 0.399000 0.072000 0.063333
1 0.557667 0.486000 0.167333 0.129333
1 0.670333 0.476333 0.086000 0.082000
2 0.753333 0.501000 0.072000 0.084667
2 0.861667 0.651667 0.178000 0.194000
2 0.875667 0.779000 0.103333 0.079333
2 0.690333 0.592667 0.135333 0.142667
2 0.548667 0.607667 0.165333 0.150000
2 0.475000 0.659667 0.111333 0.120667
2 0.705000 0.693667 0.178000 0.114000
2 0.726333 0.802333 0.162000 0.123333
2 0.816000 0.879667 0.125333 0.172667
2 0.914000 0.906667 0.101333 0.178667
2 0.417333 0.768333 0.128000 0.127333
2 0.346333 0.819000 0.055333 0.074000
1 0.490333 0.848333 0.210000 0.171333
2 0.248667 0.931667 0.142667 0.115333
2 0.239000 0.822667 0.148667 0.141333
1 0.119333 0.811667 0.104000 0.155333
2 0.045000 0.823333 0.080667 0.088000
2 0.056333 0.903667 0.055333 0.054000
2 0.126667 0.930667 0.098667 0.100000
2 0.155667 0.337333 0.151333 0.101333
2 0.068333 0.401667 0.115333 0.106000
2 0.168000 0.440667 0.106667 0.117333
2 0.268000 0.413667 0.124000 0.128667
2 0.394333 0.487333 0.143333 0.142667
3 0.391667 0.593333 0.054000 0.061333
2 0.313000 0.629667 0.111333 0.124667
2 0.281333 0.519000 0.130667 0.107333
3 0.179333 0.524000 0.070667 0.072000
2 0.085333 0.504667 0.122667 0.108000
2 0.086000 0.619333 0.104000 0.134667
2 0.189000 0.620333 0.128667 0.115333
2 0.216000 0.718667 0.150667 0.094667
1 0.093333 0.072000 0.129333 0.142667
1 0.352000 0.276333 0.169333 0.154000
2 0.037667 0.734667 0.074000 0.106667
2 0.804667 0.050000 0.149333 0.098667
2 0.936000 0.505667 0.126667 0.104667
2 0.714333 0.954667 0.102000 0.090667
2 0.681000 0.027000 0.059333 0.052667
0 0.613333 0.776333 0.068000 0.070000
0 0.621333 0.876667 0.073333 0.085333
0 0.629000 0.964667 0.066000 0.068000
0 0.633667 0.237667 0.087333 0.102000
