2 0.131333 0.093667 0.174667 0.152667
2 0.153667 0.190667 0.124667 0.080000
2 0.220667 0.058000 0.093333 0.101333
2 0.321667 0.060667 0.119333 0.104000
2 0.323000 0.177667 0.136667 0.156667
2 0.234000 0.156667 0.069333 0.093333
2 0.198667 0.290000 0.178667 0.132000
2 0.080667 0.301333 0.157333 0.204000
2 0.047000 0.197667 0.084667 0.096667
1 0.086667 0.433667 0.141333 0.130000
2 0.346333 0.294000 0.080667 0.068000
2 0.317000 0.353667 0.051333 0.056667
2 0.227667 0.387667 0.126000 0.078000
2 0.224333 0.482333 0.160667 0.139333
2 0.103000 0.539333 0.115333 0.100000
2 0.136667 0.647667 0.169333 0.172667
2 0.250667 0.591333 0.097333 0.104000
3 0.271333 0.720667 0.038667 0.037333
2 0.064000 0.863667 0.109333 0.140667
2 0.166667 0.837667 0.093333 0.122000
2 0.251333 0.830333 0.088000 0.140667
3 0.298667 0.925000 0.081333 0.082000
3 0.123000 0.948333 0.060667 0.068667
2 0.340333 0.605667 0.095333 0.114000
2 0.345333 0.829000 0.102667 0.107333
2 0.508333 0.923000 0.118000 0.148667
2 0.362333 0.718333 0.115333 0.111333
2 0.444333 0.795667 0.092667 0.087333
2 0.591000 0.861667 0.058000 0.075333
2 0.689000 0.885333 0.159333 0.164000
2 0.759000 0.819000 0.088667 0.079333
2 0.809000 0.894667 0.075333 0.072000
2 0.886333 0.864333 0.151333 0.111333
2 0.947667 0.776000 0.080667 0.073333
2 0.846333 0.772667 0.111333 0.108000
2 0.900000 0.694000 0.093333 0.070667
3 0.804000 0.696333 0.060000 0.060667
2 0.726333 0.729000 0.112667 0.120667
2 0.628000 0.752000 0.096000 0.094667
2 0.534667 0.778000 0.101333 0.097333
2 0.454333 0.697000 0.118000 0.112667
2 0.547333 0.681333 0.090667 0.098667
2 0.630667 0.661667 0.088000 0.088667
2 0.717333 0.601000 0.156000 0.146000
2 0.823000 0.631667 0.086000 0.068667
1 0.839667 0.539333 0.144667 0.133333
2 0.952333 0.584333 0.095333 0.151333
2 0.947667 0.475333 0.083333 0.105333
2 0.846333 0.426000 0.147333 0.129333
2 0.942333 0.383333 0.106000 0.098667
2 0.815333 0.326667 0.160000 0.156000
2 0.712333 0.475000 0.156667 0.184667
2 0.536333 0.390000 0.110000 0.090667
2 0.604333 0.459333 0.148667 0.160000
2 0.513333 0.486333 0.074667 0.086000
2 0.402333 0.482333 0.188667 0.166000
2 0.385667 0.376667 0.080667 0.072000
2 0.439000 0.080333 0.110000 0.087333
2 0.439000 0.183000 0.162000 0.162000
2 0.561000 0.117333 0.146000 0.130667
2 0.571000 0.247000 0.146000 0.195333
2 0.685667 0.108667 0.119333 0.122667
2 0.795333 0.132333 0.138667 0.130000
2 0.809667 0.231667 0.128667 0.118000
2 0.687333 0.255000 0.126667 0.184667
2 0.898667 0.197000 0.093333 0.104667
2 0.968000 0.219667 0.057333 0.050000
2 0.930667 0.282333 0.093333 0.108667
2 0.541667 0.585667 0.087333 0.084667
2 0.463000 0.301000 0.144667 0.123333
2 0.039000 0.649667 0.071333 0.123333
2 0.205000 0.949333 0.088667 0.100000
2 0.435000 0.602333 0.084667 0.087333
2 0.975333 0.863000 0.048000 0.088667
2 0.943333 0.114000 0.113333 0.157333
0 0.156333 0.759667 0.063333 0.079333
0 0.209667 0.740333 0.075333 0.084667
0 0.618333 0.569333 0.062000 0.070667
2 0.406667 0.938667 0.109333 0.122667
