2 0.070333 0.124000 0.119333 0.156000
2 0.177000 0.128000 0.139333 0.130667
2 0.299333 0.133000 0.108000 0.128667
3 0.382667 0.106000 0.074667 0.089333
2 0.203667 0.221333 0.150000 0.102667
2 0.223000 0.313667 0.158000 0.123333
1 0.107667 0.326667 0.122000 0.156000
2 0.029000 0.337667 0.056667 0.088667
1 0.033333 0.430000 0.052000 0.065333
2 0.111667 0.439333 0.114000 0.144000
2 0.230000 0.432333 0.161333 0.122000
2 0.052333 0.523667 0.086000 0.083333
2 0.134667 0.540667 0.096000 0.113333
2 0.232667 0.544333 0.120000 0.146000
2 0.357000 0.522667 0.156667 0.161333
1 0.080667 0.631000 0.070667 0.078000
2 0.162333 0.651667 0.115333 0.124667
2 0.273000 0.652000 0.103333 0.102667
2 0.181333 0.753667 0.074667 0.079333
3 0.036667 0.882333 0.041333 0.044667
2 0.107667 0.843333 0.067333 0.056000
2 0.113000 0.935667 0.111333 0.128667
2 0.197667 0.838333 0.080667 0.087333
2 0.271667 0.780333 0.122000 0.151333
2 0.380667 0.745000 0.126667 0.152667
3 0.305000 0.877000 0.091333 0.111333
2 0.395667 0.880333 0.112667 0.120667
2 0.542333 0.858667 0.142000 0.120000
2 0.653333 0.857333 0.069333 0.077333
2 0.540333 0.767000 0.095333 0.072667
2 0.726667 0.778333 0.134667 0.144667
2 0.834667 0.847000 0.157333 0.107333
2 0.843000 0.754333 0.140667 0.116667
1 0.829333 0.639000 0.090667 0.147333
2 0.951000 0.771000 0.098000 0.102000
2 0.737000 0.660667 0.091333 0.109333
2 0.641000 0.687000 0.111333 0.148667
2 0.535333 0.667667 0.108000 0.118000
2 0.427000 0.638000 0.158000 0.122667
2 0.542333 0.577667 0.130000 0.112667
2 0.443667 0.542667 0.078000 0.078667
2 0.502667 0.462000 0.168000 0.126667
2 0.719667 0.559333 0.179333 0.106667
2 0.685333 0.456667 0.141333 0.114667
2 0.332667 0.340000 0.058667 0.060000
2 0.392333 0.272667 0.124667 0.128000
1 0.478667 0.349667 0.205333 0.171333
2 0.457000 0.171667 0.110000 0.115333
1 0.534667 0.111333 0.173333 0.208000
1 0.676333 0.085667 0.138000 0.156667
2 0.688667 0.199333 0.170667 0.133333
2 0.716667 0.300333 0.145333 0.119333
2 0.850667 0.163667 0.178667 0.211333
2 0.889333 0.291333 0.066667 0.062667
2 0.784667 0.366333 0.168000 0.164667
2 0.872333 0.413667 0.151333 0.176667
3 0.166000 0.032333 0.072000 0.060667
2 0.927333 0.640333 0.145333 0.178000
2 0.955000 0.888667 0.090000 0.137333
2 0.667667 0.951333 0.104667 0.097333
2 0.863667 0.944000 0.142000 0.112000
2 0.213000 0.960000 0.091333 0.080000
0 0.044333 0.796333 0.084667 0.106000
0 0.090333 0.724667 0.079333 0.096000
0 0.596333 0.299667 0.086000 0.079333
0 0.602667 0.379000 0.084000 0.075333
