2 0.209000 0.418000 0.060667 0.062667
2 0.058333 0.450333 0.074000 0.063333
2 0.285667 0.394000 0.088667 0.076000
2 0.337000 0.271333 0.108667 0.141333
2 0.248667 0.298333 0.070667 0.082000
2 0.239667 0.194667 0.063333 0.069333
2 0.322000 0.202667 0.032000 0.034667
2 0.209667 0.115667 0.056667 0.067333
2 0.167333 0.233000 0.102667 0.112667
2 0.062667 0.230333 0.109333 0.115333
2 0.090333 0.341667 0.110000 0.118000
2 0.048667 0.079667 0.093333 0.119333
2 0.296667 0.129000 0.122667 0.115333
2 0.402333 0.140000 0.086000 0.088000
2 0.442333 0.349333 0.111333 0.133333
3 0.522333 0.337333 0.071333 0.065333
2 0.488333 0.262000 0.083333 0.093333
2 0.586333 0.250333 0.056667 0.070000
2 0.569667 0.169667 0.087333 0.091333
2 0.483333 0.119000 0.081333 0.087333
2 0.449333 0.044000 0.086667 0.076000
3 0.705000 0.095333 0.083333 0.073333
3 0.827000 0.033000 0.047333 0.048667
3 0.795000 0.105333 0.088667 0.068000
3 0.718667 0.178333 0.072000 0.080667
3 0.794667 0.183000 0.068000 0.087333
2 0.813333 0.285000 0.077333 0.150000
3 0.874333 0.181000 0.067333 0.086000
2 0.292333 0.036000 0.086000 0.070667
2 0.032333 0.382333 0.063333 0.070000
2 0.204000 0.036333 0.101333 0.071333
2 0.648000 0.026667 0.100000 0.052000
0 0.919000 0.418333 0.066000 0.064667
0 0.974000 0.421000 0.052000 0.070000
0 0.902000 0.524333 0.092000 0.086000
0 0.922000 0.603000 0.101333 0.084667
0 0.884333 0.655000 0.072667 0.066000
0 0.864000 0.738333 0.133333 0.116667
0 0.889000 0.826667 0.091333 0.081333
0 0.843667 0.886667 0.075333 0.084000
0 0.773000 0.881333 0.088667 0.097333
0 0.718000 0.922667 0.077333 0.096000
0 0.799333 0.807000 0.066667 0.058000
0 0.712667 0.785333 0.112000 0.098667
0 0.652667 0.747667 0.074667 0.086000
0 0.380000 0.795667 0.141333 0.116667
0 0.483667 0.686667 0.080667 0.094667
0 0.060333 0.598000 0.119333 0.094667
0 0.282667 0.533333 0.112000 0.106667
0 0.290000 0.637333 0.042667 0.044000
0 0.271000 0.603000 0.042000 0.040667
0 0.407333 0.543000 0.116000 0.079333
0 0.454333 0.473333 0.056667 0.068000
0 0.503333 0.501667 0.052000 0.058000
0 0.550000 0.473667 0.060000 0.063333
0 0.720000 0.259667 0.094667 0.082000
0 0.644000 0.133333 0.049333 0.054667
0 0.571667 0.081333 0.095333 0.096000
0 0.237667 0.809000 0.146000 0.135333
0 0.254000 0.929667 0.120000 0.140667
0 0.138333 0.944333 0.120667 0.106000
0 0.056000 0.900333 0.092000 0.087333
0 0.801667 0.609000 0.115333 0.096667
0 0.709667 0.623333 0.063333 0.066667
0 0.113333 0.162000 0.086667 0.070667
0 0.643333 0.304667 0.056000 0.057333
0 0.160333 0.696000 0.092667 0.070667
0 0.160667 0.759667 0.082667 0.080667
0 0.030667 0.770333 0.058667 0.083333
0 0.066000 0.810333 0.070667 0.074000
0 0.104333 0.845000 0.100667 0.087333
0 0.315333 0.749333 0.073333 0.086667
0 0.319333 0.873000 0.065333 0.062000
0 0.341667 0.929667 0.070000 0.066000
0 0.417333 0.953333 0.098667 0.093333
0 0.510333 0.925667 0.120667 0.127333
0 0.662667 0.940667 0.060000 0.080000
0 0.602667 0.950667 0.066667 0.058667
0 0.606000 0.901000 0.068000 0.071333
0 0.559667 0.844667 0.107333 0.106667
0 0.556667 0.766333 0.065333 0.064667
0 0.602333 0.717667 0.060667 0.064667
0 0.627667 0.659333 0.036667 0.062667
0 0.734667 0.033667 0.066667 0.064667
