2 0.075333 0.249000 0.101333 0.111333
2 0.163667 0.218333 0.082000 0.114000
2 0.278333 0.214333 0.150000 0.155333
2 0.364667 0.277333 0.108000 0.137333
2 0.301333 0.341333 0.142667 0.129333
2 0.195333 0.417000 0.125333 0.163333
2 0.309667 0.445333 0.062000 0.068000
2 0.456000 0.296667 0.136000 0.168000
2 0.566000 0.296000 0.092000 0.097333
2 0.581000 0.381000 0.114000 0.142000
2 0.653667 0.306000 0.058000 0.058667
2 0.719667 0.243333 0.151333 0.136000
2 0.739333 0.315667 0.064000 0.060667
2 0.853667 0.335000 0.155333 0.152667
2 0.854333 0.447000 0.056667 0.051333
2 0.943000 0.518667 0.087333 0.130667
3 0.851333 0.540667 0.090667 0.117333
2 0.760667 0.486667 0.094667 0.092000
2 0.739333 0.404667 0.066667 0.092000
2 0.673000 0.410667 0.070000 0.132000
2 0.590667 0.475333 0.066667 0.066667
3 0.679000 0.521333 0.090000 0.094667
2 0.757000 0.576000 0.084667 0.101333
3 0.760333 0.654667 0.114000 0.094667
3 0.605000 0.640667 0.075333 0.082667
3 0.604667 0.547667 0.069333 0.088667
2 0.507667 0.498667 0.119333 0.133333
2 0.413000 0.450333 0.152667 0.130000
2 0.486333 0.405667 0.048667 0.050000
2 0.311333 0.561333 0.140000 0.133333
2 0.412000 0.551000 0.066667 0.076667
2 0.517333 0.594333 0.100000 0.076667
3 0.616000 0.751000 0.061333 0.071333
3 0.534000 0.806000 0.056000 0.058667
2 0.639667 0.853667 0.114000 0.123333
2 0.696667 0.770333 0.102667 0.146000
3 0.790333 0.764000 0.092667 0.136000
2 0.650000 0.950333 0.085333 0.083333
2 0.562333 0.899000 0.087333 0.119333
2 0.473000 0.912667 0.096667 0.133333
2 0.456333 0.819333 0.072667 0.068000
2 0.359000 0.840000 0.108667 0.112000
2 0.235333 0.708667 0.089333 0.089333
2 0.430000 0.623333 0.069333 0.062667
2 0.366667 0.708000 0.188000 0.162667
2 0.205000 0.610000 0.124667 0.102667
2 0.116667 0.589333 0.145333 0.166667
2 0.040333 0.747000 0.076667 0.110000
2 0.112333 0.711667 0.146000 0.108667
2 0.143000 0.781667 0.126000 0.092667
2 0.255000 0.801000 0.124667 0.115333
2 0.270667 0.913000 0.129333 0.116667
2 0.147000 0.901333 0.120667 0.137333
2 0.052000 0.942667 0.094667 0.106667
3 0.093667 0.337667 0.052667 0.055333
2 0.535000 0.700333 0.146000 0.122000
2 0.032667 0.588333 0.057333 0.102000
2 0.968000 0.389333 0.064000 0.104000
2 0.952333 0.660000 0.095333 0.133333
2 0.869667 0.722000 0.114000 0.108000
2 0.056333 0.857000 0.103333 0.119333
0 0.197000 0.321000 0.098000 0.116667
0 0.109000 0.441333 0.118000 0.140000
0 0.380333 0.921000 0.064667 0.048667
