1 0.134000 0.074000 0.077333 0.077333
2 0.228000 0.073333 0.137333 0.140000
2 0.142000 0.170000 0.132000 0.130667
2 0.050000 0.177333 0.088000 0.106667
2 0.369333 0.079667 0.040000 0.039333
2 0.444667 0.047667 0.068000 0.060667
2 0.546667 0.086333 0.105333 0.150000
3 0.624333 0.114333 0.036667 0.042000
2 0.478000 0.120667 0.129333 0.134667
2 0.469000 0.230000 0.086000 0.098667
2 0.367000 0.177333 0.115333 0.126667
1 0.254333 0.194667 0.115333 0.108000
2 0.161333 0.279667 0.098667 0.091333
2 0.079333 0.272667 0.073333 0.064000
2 0.282667 0.300333 0.158667 0.119333
2 0.196667 0.380000 0.133333 0.101333
2 0.306667 0.403333 0.065333 0.072000
2 0.085000 0.368333 0.087333 0.094000
2 0.106000 0.466333 0.130667 0.128667
2 0.218000 0.474667 0.090667 0.085333
2 0.327000 0.505667 0.094000 0.086000
2 0.228000 0.569333 0.104000 0.101333
2 0.136000 0.574667 0.073333 0.085333
2 0.054667 0.595667 0.100000 0.112667
2 0.565333 0.179667 0.037333 0.044667
2 0.584667 0.261000 0.140000 0.143333
2 0.601333 0.372667 0.088000 0.086667
2 0.503000 0.367667 0.112667 0.143333
2 0.407667 0.390667 0.127333 0.172000
2 0.400000 0.299000 0.060000 0.055333
2 0.325667 0.598333 0.130000 0.107333
2 0.239667 0.654667 0.083333 0.089333
2 0.161667 0.715000 0.122000 0.126000
2 0.264333 0.778667 0.119333 0.140000
2 0.106333 0.861000 0.124667 0.146000
2 0.191667 0.812000 0.043333 0.060000
2 0.389000 0.803333 0.146000 0.125333
2 0.207667 0.919000 0.152667 0.146000
1 0.101667 0.960667 0.079333 0.078667
2 0.468000 0.725667 0.078667 0.083333
2 0.450000 0.645333 0.078667 0.073333
2 0.366667 0.686333 0.140000 0.122000
2 0.429333 0.546667 0.101333 0.134667
2 0.517333 0.463667 0.120000 0.104667
2 0.613333 0.455333 0.058667 0.057333
2 0.521000 0.568333 0.123333 0.119333
2 0.547667 0.685333 0.114000 0.128000
3 0.492333 0.816333 0.042000 0.046000
2 0.579333 0.847667 0.101333 0.103333
2 0.599000 0.947333 0.119333 0.105333
2 0.669333 0.831333 0.106667 0.165333
2 0.746667 0.861667 0.069333 0.086000
2 0.766667 0.952333 0.104000 0.095333
2 0.853667 0.897000 0.147333 0.118000
2 0.840333 0.774000 0.104667 0.110667
1 0.894667 0.657667 0.137333 0.116667
2 0.660333 0.668333 0.150000 0.150000
2 0.619333 0.545333 0.093333 0.106667
3 0.695000 0.460333 0.055333 0.052667
2 0.712667 0.553667 0.109333 0.123333
2 0.782667 0.589333 0.061333 0.056000
2 0.794000 0.506667 0.102667 0.118667
2 0.754000 0.411667 0.093333 0.078000
2 0.751667 0.335000 0.079333 0.078000
2 0.679333 0.318000 0.070667 0.104000
2 0.728667 0.240667 0.125333 0.133333
3 0.698000 0.043667 0.086667 0.078000
2 0.808333 0.075333 0.138000 0.128000
3 0.726333 0.135667 0.062000 0.054000
2 0.933333 0.071333 0.106667 0.125333
2 0.931333 0.172333 0.072000 0.080667
2 0.834333 0.179667 0.119333 0.108667
2 0.834667 0.262000 0.078667 0.073333
2 0.848000 0.371000 0.120000 0.119333
2 0.885000 0.457333 0.112667 0.100000
2 0.945667 0.369333 0.108667 0.141333
2 0.285667 0.931667 0.158000 0.136667
0 0.313000 0.119667 0.076667 0.079333
0 0.771000 0.717000 0.096667 0.076667
0 0.752333 0.784667 0.070000 0.078667
0 0.399333 0.909333 0.093333 0.100000
0 0.668667 0.185000 0.070667 0.074000
0 0.946000 0.730333 0.093333 0.095333
0 0.941333 0.853667 0.117333 0.140667
