3 0.250000 0.306000 0.126667 0.138667
2 0.369000 0.277333 0.111333 0.126667
2 0.178000 0.437333 0.060000 0.062667
3 0.278000 0.430333 0.134667 0.146000
3 0.373333 0.385333 0.101333 0.105333
3 0.474333 0.355667 0.114000 0.116667
2 0.393000 0.492000 0.138000 0.105333
2 0.568667 0.401000 0.177333 0.171333
2 0.674333 0.317000 0.134000 0.122000
2 0.871667 0.234000 0.158000 0.102667
2 0.895667 0.362667 0.190000 0.172000
2 0.784667 0.426000 0.193333 0.176000
2 0.676333 0.429000 0.062000 0.059333
1 0.502000 0.534667 0.108000 0.132000
2 0.596000 0.515000 0.090667 0.090000
2 0.700667 0.536333 0.120000 0.147333
2 0.779333 0.549000 0.070667 0.080667
2 0.911333 0.546333 0.173333 0.159333
2 0.508667 0.628000 0.065333 0.064000
2 0.609000 0.628667 0.106000 0.126667
2 0.713000 0.684000 0.152667 0.197333
2 0.809667 0.668333 0.074000 0.078000
1 0.816000 0.747667 0.108000 0.094000
1 0.886667 0.872667 0.141333 0.174667
1 0.765333 0.870333 0.106667 0.151333
1 0.647333 0.847667 0.168000 0.170000
1 0.543000 0.860667 0.087333 0.106667
2 0.616333 0.729000 0.083333 0.090000
1 0.528333 0.734333 0.116667 0.123333
2 0.416667 0.586333 0.081333 0.083333
2 0.412667 0.690667 0.093333 0.089333
1 0.427667 0.781000 0.118000 0.106000
2 0.434000 0.896333 0.128000 0.127333
2 0.296667 0.540000 0.072000 0.070667
2 0.343000 0.943333 0.176667 0.113333
2 0.225667 0.899000 0.058000 0.066000
2 0.940667 0.668667 0.113333 0.110667
0 0.182000 0.721000 0.362667 0.444667
0 0.331667 0.180667 0.067333 0.058667
2 0.648667 0.948667 0.196000 0.102667
