2 0.059000 0.126333 0.072667 0.082000
2 0.134667 0.139333 0.098667 0.141333
2 0.254333 0.149000 0.112667 0.122000
2 0.154333 0.263000 0.074000 0.088667
2 0.254333 0.276000 0.123333 0.140000
2 0.178667 0.347000 0.094667 0.092667
2 0.085333 0.348333 0.069333 0.064667
2 0.092333 0.452333 0.152667 0.156667
2 0.188333 0.478667 0.111333 0.162667
2 0.146333 0.570333 0.086000 0.084667
2 0.061667 0.723333 0.114000 0.090667
1 0.079667 0.814667 0.119333 0.101333
2 0.157667 0.764667 0.080667 0.101333
2 0.166667 0.852667 0.076000 0.070667
1 0.250000 0.834333 0.098667 0.084667
2 0.262667 0.929333 0.129333 0.130667
2 0.229333 0.733667 0.096000 0.136667
2 0.201000 0.622667 0.086000 0.097333
1 0.315333 0.704667 0.101333 0.156000
2 0.293667 0.510000 0.124667 0.189333
2 0.393000 0.480000 0.092667 0.101333
2 0.398667 0.591333 0.145333 0.126667
2 0.425000 0.712333 0.131333 0.126000
2 0.429000 0.920667 0.123333 0.157333
2 0.504667 0.803333 0.064000 0.066667
2 0.587667 0.805333 0.107333 0.132000
2 0.708333 0.930667 0.148667 0.138667
2 0.786333 0.836333 0.146000 0.142000
3 0.914000 0.899667 0.126667 0.123333
2 0.896333 0.787667 0.111333 0.122000
2 0.796000 0.711000 0.140000 0.110000
2 0.675667 0.744000 0.160667 0.168000
2 0.556333 0.697000 0.119333 0.090000
2 0.759667 0.595000 0.156667 0.142000
2 0.656333 0.579000 0.139333 0.154000
2 0.546667 0.613000 0.128000 0.111333
1 0.545000 0.533667 0.080667 0.070000
1 0.477667 0.515000 0.084667 0.090000
2 0.374333 0.386333 0.099333 0.111333
3 0.283667 0.384333 0.082000 0.074000
2 0.351000 0.253333 0.150000 0.169333
2 0.409667 0.120000 0.156667 0.169333
2 0.525667 0.159333 0.103333 0.132000
2 0.444333 0.236667 0.054000 0.061333
2 0.516667 0.247000 0.081333 0.082000
2 0.518333 0.054667 0.115333 0.105333
2 0.618000 0.170000 0.104000 0.138667
2 0.715333 0.137000 0.098667 0.112667
2 0.814000 0.123333 0.093333 0.129333
2 0.924333 0.118000 0.147333 0.168000
2 0.832667 0.224000 0.120000 0.089333
2 0.944000 0.247333 0.112000 0.110667
2 0.813333 0.321667 0.161333 0.120667
2 0.712333 0.268333 0.123333 0.158000
2 0.525000 0.341333 0.162000 0.112000
2 0.542333 0.445667 0.139333 0.115333
2 0.641000 0.360667 0.067333 0.076000
2 0.657667 0.456333 0.103333 0.115333
2 0.751333 0.469000 0.098667 0.110000
2 0.856333 0.445667 0.130000 0.154000
1 0.532000 0.906667 0.093333 0.098667
2 0.708000 0.047000 0.172000 0.092667
2 0.945667 0.377667 0.102000 0.154000
2 0.127000 0.941333 0.142000 0.117333
2 0.052667 0.623333 0.104000 0.145333
0 0.054000 0.225000 0.106667 0.095333
0 0.347000 0.817000 0.080667 0.079333
0 0.427000 0.786333 0.090000 0.076667
0 0.461333 0.640000 0.056000 0.057333
2 0.926333 0.566333 0.140667 0.139333
