2 0.114667 0.094000 0.046667 0.062667
2 0.190000 0.074000 0.098667 0.092000
0 0.202333 0.199333 0.096667 0.102667
0 0.329667 0.196667 0.104667 0.086667
0 0.807333 0.352333 0.134667 0.118000
0 0.668667 0.419667 0.096000 0.091333
0 0.332333 0.454667 0.118000 0.110667
0 0.181667 0.485000 0.136667 0.119333
0 0.211000 0.618000 0.123333 0.141333
0 0.107333 0.633000 0.098667 0.115333
0 0.094333 0.758000 0.110000 0.120000
0 0.195333 0.754333 0.116000 0.123333
0 0.046333 0.690000 0.091333 0.085333
0 0.033000 0.582333 0.064667 0.088667
0 0.053333 0.522333 0.090667 0.082000
0 0.102000 0.426333 0.081333 0.059333
0 0.101333 0.377333 0.093333 0.084000
0 0.226000 0.318333 0.048000 0.044667
0 0.204000 0.288333 0.037333 0.034000
0 0.425000 0.352333 0.078000 0.096667
0 0.681333 0.557000 0.077333 0.099333
0 0.738333 0.509333 0.076667 0.088000
0 0.477667 0.579333 0.116667 0.110667
0 0.383000 0.621000 0.115333 0.096667
0 0.336667 0.712000 0.080000 0.082667
0 0.188333 0.938667 0.150000 0.117333
0 0.073333 0.876000 0.140000 0.110667
0 0.603667 0.763000 0.088667 0.072667
0 0.687000 0.811667 0.079333 0.084667
0 0.647333 0.681667 0.121333 0.127333
0 0.809000 0.657333 0.086000 0.072000
0 0.875667 0.599000 0.120667 0.116667
0 0.941333 0.499667 0.092000 0.119333
0 0.902000 0.425667 0.050667 0.064667
0 0.838333 0.443333 0.083333 0.073333
0 0.807667 0.515667 0.070000 0.079333
0 0.575000 0.635667 0.072667 0.071333
0 0.302000 0.586000 0.068000 0.058667
0 0.279333 0.526000 0.073333 0.057333
0 0.317667 0.905333 0.126000 0.114667
0 0.502000 0.410333 0.066667 0.060667
0 0.422667 0.255667 0.057333 0.074000
0 0.413000 0.156333 0.051333 0.078000
0 0.729667 0.239333 0.100667 0.081333
0 0.829000 0.144000 0.091333 0.089333
0 0.946667 0.032333 0.066667 0.063333
0 0.897667 0.053333 0.076667 0.070667
0 0.839333 0.051000 0.068000 0.064667
0 0.965333 0.435333 0.069333 0.108000
0 0.946000 0.647333 0.076000 0.094667
0 0.828667 0.756000 0.089333 0.086667
0 0.917000 0.733000 0.116667 0.104667
0 0.741000 0.760000 0.096667 0.108000
0 0.525333 0.678667 0.089333 0.085333
0 0.579000 0.535667 0.102000 0.072667
0 0.519667 0.487333 0.108667 0.094667
0 0.954667 0.306000 0.073333 0.076000
0 0.955000 0.202667 0.060667 0.053333
0 0.644333 0.273333 0.062000 0.081333
0 0.595667 0.394333 0.078000 0.084667
0 0.265000 0.419667 0.060667 0.078000
0 0.451333 0.704000 0.101333 0.100000
0 0.068333 0.945333 0.090000 0.056000
0 0.386667 0.946000 0.072000 0.081333
0 0.637667 0.586333 0.075333 0.079333
0 0.654333 0.486000 0.068667 0.065333
0 0.593333 0.468667 0.057333 0.062667
0 0.759667 0.443000 0.062000 0.051333
0 0.536333 0.363333 0.072667 0.070667
0 0.818667 0.271667 0.073333 0.064667
0 0.933333 0.178667 0.064000 0.049333
0 0.850333 0.203333 0.087333 0.074667
0 0.711333 0.170333 0.090667 0.076667
