2 0.103667 0.072000 0.114000 0.104000
2 0.045000 0.115000 0.086000 0.118000
2 0.189667 0.113667 0.058000 0.059333
3 0.259000 0.099667 0.075333 0.074000
2 0.307333 0.193000 0.133333 0.154000
3 0.201667 0.200333 0.087333 0.106000
3 0.231333 0.288000 0.053333 0.058667
2 0.107667 0.185000 0.100667 0.119333
3 0.138667 0.272000 0.037333 0.040000
2 0.056333 0.298333 0.108667 0.104667
3 0.073000 0.422000 0.130000 0.137333
3 0.170000 0.415333 0.066667 0.066667
3 0.248333 0.437000 0.082000 0.118000
3 0.304333 0.338000 0.112667 0.097333
2 0.350333 0.066333 0.115333 0.118000
2 0.387667 0.279667 0.123333 0.158000
2 0.351333 0.440000 0.121333 0.112000
2 0.168333 0.500667 0.118000 0.102667
2 0.079000 0.575333 0.079333 0.105333
2 0.183333 0.584333 0.129333 0.087333
2 0.335333 0.521000 0.100000 0.086000
2 0.337000 0.617000 0.119333 0.127333
3 0.288333 0.672667 0.080667 0.069333
3 0.196667 0.662333 0.089333 0.076667
2 0.112667 0.666333 0.090667 0.082000
2 0.043000 0.767667 0.074000 0.076667
3 0.075667 0.844000 0.058000 0.057333
3 0.122333 0.754000 0.092667 0.106667
3 0.204333 0.745000 0.082000 0.083333
2 0.302000 0.762000 0.100000 0.096000
2 0.200667 0.825333 0.094667 0.086667
3 0.228333 0.898333 0.050000 0.056667
2 0.305333 0.861000 0.104000 0.120667
3 0.067333 0.929333 0.058667 0.097333
3 0.147333 0.933667 0.101333 0.130000
3 0.409667 0.865667 0.118000 0.136667
3 0.420667 0.541333 0.073333 0.081333
2 0.432667 0.627333 0.100000 0.093333
3 0.479333 0.718333 0.101333 0.119333
2 0.569333 0.723333 0.076000 0.118667
3 0.639667 0.749000 0.072667 0.070000
3 0.570000 0.823667 0.072000 0.083333
3 0.664667 0.849000 0.130667 0.134000
3 0.527000 0.611000 0.078000 0.087333
2 0.519333 0.522000 0.104000 0.096000
2 0.608333 0.511333 0.068667 0.061333
2 0.600000 0.430667 0.076000 0.102667
2 0.503000 0.436000 0.115333 0.098667
2 0.499333 0.356000 0.102667 0.072000
2 0.499333 0.275333 0.100000 0.097333
2 0.480000 0.181667 0.100000 0.084667
2 0.454000 0.110000 0.070667 0.064000
2 0.539667 0.087667 0.094000 0.122000
3 0.562667 0.177333 0.040000 0.065333
2 0.621667 0.053000 0.058000 0.055333
2 0.722333 0.072667 0.107333 0.110667
2 0.633333 0.130333 0.090667 0.095333
2 0.638333 0.256000 0.122000 0.146667
2 0.563333 0.265000 0.038667 0.048667
2 0.737333 0.164000 0.073333 0.069333
2 0.817333 0.132333 0.100000 0.144667
2 0.925333 0.131667 0.101333 0.126000
2 0.884000 0.043000 0.120000 0.084667
2 0.751333 0.248333 0.106667 0.095333
2 0.736667 0.344667 0.172000 0.102667
2 0.844000 0.321333 0.066667 0.072000
2 0.922333 0.236667 0.062000 0.058667
2 0.938667 0.292333 0.122667 0.120667
2 0.841000 0.421333 0.130000 0.108000
2 0.858333 0.539333 0.138000 0.108000
3 0.869667 0.618667 0.082000 0.066667
3 0.809667 0.647667 0.095333 0.088667
2 0.874333 0.704000 0.111333 0.093333
2 0.793333 0.781667 0.137333 0.126000
3 0.916000 0.794333 0.108000 0.115333
3 0.912667 0.887000 0.090667 0.087333
3 0.817000 0.897667 0.118000 0.108667
2 0.034667 0.204000 0.062667 0.073333
2 0.235333 0.036333 0.117333 0.071333
2 0.451667 0.042000 0.088667 0.082667
2 0.952333 0.400333 0.090000 0.110000
2 0.955333 0.494333 0.089333 0.096667
2 0.959000 0.592000 0.082000 0.113333
2 0.036333 0.688000 0.071333 0.088000
0 0.692000 0.580333 0.256000 0.388667
0 0.730333 0.882000 0.060667 0.070667
