2 0.070667 0.078667 0.137333 0.096000
1 0.073667 0.165333 0.112667 0.100000
2 0.021000 0.218333 0.040667 0.052667
2 0.032667 0.330667 0.053333 0.066667
2 0.107000 0.333667 0.082000 0.086000
2 0.172000 0.307333 0.096000 0.102667
2 0.067667 0.249667 0.116667 0.087333
2 0.158333 0.196000 0.123333 0.133333
2 0.240333 0.163667 0.098000 0.156667
2 0.266667 0.308667 0.093333 0.122667
2 0.282667 0.034667 0.084000 0.065333
2 0.376667 0.043667 0.104000 0.083333
3 0.452333 0.033667 0.050000 0.063333
2 0.472667 0.116333 0.069333 0.076667
2 0.399333 0.149667 0.094667 0.107333
2 0.305000 0.117333 0.111333 0.100000
2 0.345333 0.224000 0.138667 0.116000
3 0.346333 0.316333 0.055333 0.074000
3 0.422333 0.313000 0.104667 0.080667
2 0.409000 0.385000 0.122000 0.083333
2 0.507667 0.287333 0.072667 0.104000
2 0.585333 0.168333 0.138667 0.116667
2 0.598000 0.276000 0.133333 0.106667
2 0.600333 0.352333 0.115333 0.090000
2 0.684000 0.257333 0.058667 0.056000
2 0.681333 0.173333 0.064000 0.073333
3 0.869000 0.101667 0.086000 0.080667
2 0.818667 0.200333 0.102667 0.091333
3 0.945667 0.192000 0.087333 0.100000
2 0.818000 0.301333 0.104000 0.101333
3 0.903667 0.350667 0.080667 0.097333
3 0.959333 0.275333 0.069333 0.069333
2 0.771000 0.359333 0.079333 0.078667
2 0.698000 0.355667 0.086667 0.114000
2 0.793667 0.444333 0.088667 0.084667
2 0.735333 0.517333 0.169333 0.136000
2 0.737000 0.609000 0.047333 0.047333
2 0.816000 0.604333 0.113333 0.088667
3 0.743333 0.677667 0.037333 0.046000
2 0.623000 0.432333 0.114000 0.091333
2 0.532667 0.492333 0.056000 0.050000
2 0.557000 0.565000 0.048667 0.071333
2 0.867333 0.527333 0.097333 0.101333
3 0.927000 0.491667 0.050000 0.051333
3 0.933333 0.663667 0.062667 0.056667
2 0.824333 0.697667 0.100667 0.096667
3 0.897333 0.711000 0.060000 0.054000
3 0.891000 0.840667 0.050000 0.046667
3 0.766000 0.915667 0.094667 0.088667
3 0.855667 0.921333 0.087333 0.089333
2 0.698000 0.819667 0.105333 0.111333
2 0.682000 0.743333 0.076000 0.066667
2 0.647333 0.661667 0.140000 0.108667
3 0.587000 0.761000 0.091333 0.087333
2 0.612333 0.821000 0.054000 0.044667
3 0.548000 0.959333 0.074667 0.070667
2 0.513667 0.886333 0.087333 0.078000
3 0.522000 0.811333 0.065333 0.072000
2 0.441000 0.830333 0.100667 0.095333
3 0.495000 0.733333 0.080667 0.068000
2 0.481333 0.665000 0.122667 0.076667
2 0.419000 0.639000 0.078000 0.080667
2 0.419333 0.730333 0.073333 0.071333
2 0.374333 0.888000 0.100667 0.100000
2 0.283333 0.970333 0.062667 0.054000
2 0.269333 0.902000 0.104000 0.130667
2 0.345333 0.804000 0.066667 0.076000
2 0.331333 0.722667 0.069333 0.064000
2 0.253000 0.717000 0.079333 0.070000
2 0.262667 0.802000 0.101333 0.102667
2 0.176667 0.831000 0.098667 0.122000
2 0.085000 0.785667 0.118000 0.118000
2 0.031333 0.915000 0.058667 0.087333
2 0.121000 0.943667 0.123333 0.111333
3 0.055000 0.658667 0.075333 0.066667
2 0.147333 0.673000 0.145333 0.139333
3 0.332000 0.642667 0.081333 0.073333
2 0.242000 0.638000 0.098667 0.089333
2 0.309667 0.560000 0.087333 0.092000
2 0.389667 0.555333 0.094000 0.088000
2 0.365333 0.460667 0.114667 0.098667
2 0.294000 0.496000 0.033333 0.030667
2 0.213333 0.537000 0.122667 0.110000
2 0.219000 0.449667 0.080667 0.084667
2 0.064000 0.477667 0.124000 0.151333
2 0.958667 0.761000 0.082667 0.099333
2 0.960667 0.837333 0.078667 0.082667
2 0.632667 0.971000 0.081333 0.058000
2 0.363333 0.969667 0.117333 0.060667
2 0.468000 0.967667 0.088000 0.064667
0 0.637333 0.900667 0.089333 0.081333
0 0.697667 0.935000 0.051333 0.047333
0 0.861333 0.787667 0.065333 0.062000
0 0.922667 0.897667 0.076000 0.070000
0 0.744667 0.181333 0.062667 0.088000
0 0.714000 0.082333 0.070667 0.056667
0 0.202667 0.050333 0.072000 0.080667
0 0.173333 0.109333 0.044000 0.053333
0 0.539667 0.091667 0.083333 0.099333
0 0.531667 0.038667 0.071333 0.057333
0 0.115000 0.413000 0.079333 0.071333
0 0.450667 0.482667 0.072000 0.084000
0 0.493000 0.436667 0.072667 0.081333
0 0.140000 0.500667 0.089333 0.090667
0 0.490667 0.553000 0.089333 0.110000
0 0.606000 0.521000 0.078667 0.072667
0 0.211667 0.972000 0.063333 0.056000
0 0.796000 0.830667 0.061333 0.078667
0 0.681000 0.605333 0.051333 0.049333
0 0.619667 0.594667 0.046000 0.052000
0 0.779333 0.135333 0.073333 0.068000
0 0.797667 0.102667 0.036667 0.037333
