3 0.874000 0.602333 0.100000 0.092667
3 0.952000 0.596333 0.056000 0.058000
3 0.727000 0.639000 0.111333 0.116667
3 0.567667 0.661000 0.116667 0.115333
3 0.660667 0.731333 0.094667 0.098667
3 0.576333 0.747000 0.079333 0.062000
2 0.278333 0.855000 0.050000 0.054000
2 0.358333 0.843667 0.064667 0.078000
2 0.446000 0.854000 0.093333 0.090667
3 0.511667 0.797667 0.058000 0.070000
3 0.586000 0.818333 0.090667 0.086000
3 0.670000 0.811333 0.058667 0.064000
2 0.741667 0.801000 0.056667 0.071333
3 0.754333 0.887667 0.056667 0.080667
3 0.688667 0.895667 0.070667 0.084667
3 0.606333 0.918333 0.103333 0.106000
3 0.447333 0.935333 0.073333 0.061333
2 0.375000 0.939333 0.062000 0.072000
2 0.304000 0.953333 0.062667 0.069333
0 0.162000 0.620000 0.322667 0.316000
0 0.866667 0.817333 0.261333 0.306667
0 0.448333 0.708000 0.084667 0.082667
0 0.327000 0.706000 0.130000 0.140000
0 0.423000 0.621667 0.095333 0.103333
