2 0.328000 0.104000 0.170667 0.176000
2 0.440333 0.161667 0.082000 0.091333
2 0.057000 0.292667 0.090000 0.090667
2 0.160000 0.286667 0.104000 0.105333
2 0.246000 0.349333 0.065333 0.066667
2 0.357000 0.292000 0.162000 0.164000
3 0.462000 0.269000 0.041333 0.046000
2 0.488000 0.374000 0.133333 0.125333
2 0.361333 0.415000 0.140000 0.115333
3 0.268000 0.442667 0.062667 0.060000
2 0.493000 0.460333 0.090000 0.083333
2 0.370667 0.534667 0.132000 0.134667
2 0.505667 0.561000 0.176667 0.148667
2 0.376333 0.617667 0.090000 0.076667
3 0.494333 0.769667 0.154000 0.150000
3 0.370333 0.733000 0.144667 0.151333
3 0.268667 0.708333 0.089333 0.115333
2 0.426000 0.027000 0.078667 0.052667
0 0.768667 0.136333 0.081333 0.080667
0 0.878000 0.311000 0.076000 0.083333
0 0.795000 0.307333 0.064667 0.069333
0 0.878667 0.655333 0.242667 0.348000
0 0.842333 0.185667 0.067333 0.096667
0 0.920667 0.201000 0.060000 0.055333
0 0.972667 0.315000 0.052000 0.056667
0 0.879667 0.451667 0.067333 0.064667
0 0.777333 0.437000 0.053333 0.064667
0 0.774333 0.370000 0.059333 0.042667
0 0.760667 0.056333 0.081333 0.060667
0 0.835667 0.084333 0.064667 0.090000
0 0.907000 0.115000 0.059333 0.060667
0 0.977000 0.229667 0.044667 0.050000
0 0.747333 0.894667 0.066667 0.057333
0 0.757000 0.794000 0.086000 0.072000
