3 0.129333 0.279667 0.065333 0.083333
1 0.050667 0.329000 0.100000 0.120667
2 0.205000 0.236333 0.094000 0.122000
2 0.378000 0.071000 0.140000 0.122000
2 0.522333 0.104667 0.128667 0.138667
2 0.748333 0.074000 0.163333 0.142667
2 0.771000 0.186333 0.123333 0.108667
2 0.659667 0.233000 0.138000 0.164667
2 0.528333 0.193000 0.108667 0.082000
2 0.872000 0.278333 0.104000 0.119333
2 0.749333 0.321667 0.146667 0.148667
2 0.554667 0.291333 0.105333 0.112000
2 0.474333 0.304667 0.058000 0.064000
3 0.890333 0.387667 0.146000 0.111333
3 0.874333 0.476667 0.060667 0.064000
2 0.675000 0.430333 0.184667 0.151333
2 0.402000 0.404667 0.133333 0.128000
1 0.509667 0.408000 0.095333 0.096000
2 0.568000 0.514333 0.109333 0.103333
2 0.683333 0.578000 0.137333 0.161333
3 0.762333 0.644000 0.143333 0.106667
2 0.585333 0.598667 0.072000 0.066667
2 0.595667 0.663000 0.079333 0.075333
3 0.496667 0.609333 0.110667 0.104000
2 0.353000 0.680333 0.154000 0.126000
2 0.237000 0.638667 0.086000 0.078667
1 0.332000 0.554667 0.118667 0.125333
2 0.416333 0.516333 0.158000 0.131333
2 0.294333 0.212333 0.107333 0.156667
2 0.402667 0.199667 0.129333 0.107333
2 0.226667 0.343000 0.101333 0.082000
2 0.136000 0.360667 0.070667 0.060000
2 0.031333 0.490667 0.053333 0.074667
2 0.118000 0.449667 0.140000 0.156667
2 0.240333 0.419000 0.120667 0.120667
2 0.227000 0.538000 0.119333 0.130667
2 0.114667 0.593667 0.133333 0.155333
3 0.172333 0.151667 0.082000 0.088667
2 0.115333 0.092000 0.068000 0.077333
2 0.643667 0.058667 0.128667 0.116000
2 0.921667 0.068000 0.156667 0.133333
2 0.949667 0.184000 0.100667 0.096000
2 0.959667 0.302000 0.080667 0.120000
2 0.958667 0.512333 0.082667 0.108667
2 0.043333 0.223000 0.085333 0.090000
0 0.398333 0.283667 0.083333 0.082000
0 0.597333 0.787667 0.140000 0.132667
0 0.841000 0.743000 0.318000 0.310000
