3 0.207667 0.055333 0.080667 0.093333
3 0.388000 0.113000 0.100000 0.127333
3 0.548333 0.082333 0.118000 0.111333
2 0.646667 0.129667 0.089333 0.119333
2 0.564667 0.165667 0.072000 0.058000
2 0.573667 0.255333 0.123333 0.129333
2 0.664667 0.234333 0.058667 0.092667
2 0.714667 0.167667 0.056000 0.056667
3 0.731333 0.247667 0.066667 0.094000
3 0.792000 0.200333 0.065333 0.106000
3 0.862667 0.153333 0.070667 0.097333
3 0.847000 0.052333 0.082000 0.090000
3 0.778000 0.117000 0.068000 0.058000
2 0.775667 0.041333 0.063333 0.081333
2 0.708333 0.054667 0.071333 0.089333
2 0.638667 0.032333 0.062667 0.060667
3 0.937333 0.272667 0.070667 0.092000
3 0.927000 0.153667 0.060667 0.084667
3 0.872333 0.315000 0.079333 0.084667
3 0.861000 0.240667 0.054000 0.064000
3 0.675000 0.342667 0.090000 0.088000
3 0.748333 0.339333 0.048667 0.058667
2 0.745667 0.417333 0.087333 0.097333
3 0.815333 0.356000 0.081333 0.097333
3 0.945667 0.398000 0.051333 0.065333
3 0.887667 0.406000 0.076667 0.094667
3 0.827000 0.459000 0.086000 0.080667
3 0.940000 0.490333 0.120000 0.076667
2 0.055000 0.295667 0.106000 0.110000
3 0.167667 0.285000 0.116667 0.124667
3 0.098000 0.409333 0.130667 0.104000
2 0.183333 0.470667 0.076000 0.076000
3 0.097333 0.508000 0.098667 0.093333
2 0.250000 0.428000 0.062667 0.074667
2 0.319667 0.438333 0.076667 0.079333
2 0.409000 0.441333 0.086000 0.106667
2 0.510333 0.444000 0.114000 0.132000
2 0.240000 0.518000 0.101333 0.098667
2 0.332000 0.534333 0.096000 0.110000
2 0.436333 0.542667 0.118000 0.101333
2 0.611000 0.558667 0.159333 0.122667
2 0.716000 0.658000 0.064000 0.093333
2 0.623667 0.657333 0.115333 0.113333
3 0.783667 0.717667 0.051333 0.046000
2 0.726000 0.756000 0.102667 0.094667
3 0.882333 0.842333 0.083333 0.083333
3 0.802000 0.831667 0.066667 0.084667
2 0.811000 0.893000 0.059333 0.051333
3 0.748000 0.934333 0.092000 0.087333
3 0.732000 0.852667 0.090667 0.093333
2 0.637667 0.813000 0.110000 0.147333
3 0.657000 0.955000 0.084667 0.087333
2 0.562333 0.976000 0.054000 0.048000
2 0.575000 0.902000 0.118000 0.105333
2 0.534667 0.820667 0.068000 0.062667
3 0.546000 0.753333 0.068000 0.069333
3 0.530667 0.677667 0.090667 0.076667
2 0.463333 0.765000 0.097333 0.118000
2 0.397667 0.831000 0.086000 0.086000
3 0.482667 0.852667 0.066667 0.070667
2 0.464000 0.928000 0.093333 0.092000
2 0.124333 0.590667 0.075333 0.074667
3 0.204667 0.638333 0.094667 0.120667
3 0.269333 0.611667 0.040000 0.050000
3 0.352667 0.623000 0.124000 0.082000
2 0.366667 0.697667 0.098667 0.086000
2 0.302000 0.769667 0.102667 0.083333
2 0.279000 0.693333 0.076667 0.077333
2 0.124333 0.676000 0.083333 0.088000
2 0.048000 0.790667 0.092000 0.092000
2 0.056000 0.883000 0.100000 0.090000
2 0.147333 0.856667 0.101333 0.090667
3 0.238333 0.848333 0.086000 0.071333
2 0.201333 0.766667 0.098667 0.101333
2 0.123000 0.772000 0.072667 0.090667
2 0.155667 0.953333 0.095333 0.092000
2 0.044000 0.687667 0.086667 0.112667
2 0.037667 0.517667 0.074000 0.115333
2 0.053000 0.201000 0.104667 0.096667
2 0.289667 0.043000 0.096667 0.084667
2 0.382000 0.949000 0.133333 0.102000
0 0.448333 0.685000 0.062000 0.048667
0 0.366333 0.373000 0.067333 0.072667
0 0.463667 0.193000 0.048667 0.047333
0 0.481667 0.065000 0.064667 0.060667
0 0.295667 0.365000 0.072667 0.068667
0 0.080667 0.611333 0.053333 0.076000
