2 0.670667 0.204667 0.061333 0.060000
1 0.708667 0.234000 0.025333 0.026667
2 0.634333 0.238333 0.035333 0.042000
1 0.627667 0.111000 0.050000 0.048667
1 0.697667 0.085667 0.024667 0.023333
2 0.713333 0.302000 0.040000 0.037333
2 0.727333 0.343000 0.036000 0.040667
2 0.737333 0.398000 0.025333 0.030667
2 0.638667 0.406667 0.050667 0.040000
2 0.670667 0.541667 0.054667 0.051333
3 0.743667 0.500000 0.078000 0.065333
3 0.654000 0.654333 0.093333 0.096667
2 0.592667 0.725667 0.089333 0.086000
2 0.399667 0.733667 0.054000 0.054000
3 0.706667 0.704667 0.040000 0.050667
2 0.781667 0.691333 0.090000 0.109333
2 0.743667 0.765667 0.038000 0.026000
3 0.669667 0.848333 0.075333 0.131333
2 0.800000 0.846333 0.034667 0.034000
2 0.845333 0.788000 0.166667 0.102667
2 0.880667 0.684333 0.149333 0.106000
2 0.962000 0.740000 0.033333 0.033333
2 0.890667 0.591333 0.102667 0.074667
3 0.819667 0.544667 0.102000 0.078667
2 0.928333 0.503333 0.086000 0.090667
2 0.974667 0.457333 0.037333 0.052000
2 0.933333 0.413333 0.062667 0.073333
2 0.824333 0.429000 0.147333 0.130000
3 0.780000 0.327333 0.053333 0.050667
3 0.807000 0.316000 0.071333 0.070667
3 0.873333 0.294000 0.070667 0.084000
2 0.870000 0.201333 0.052000 0.058667
2 0.909333 0.240333 0.062667 0.058000
3 0.793000 0.231000 0.099333 0.084667
2 0.793000 0.163667 0.047333 0.043333
2 0.753667 0.124333 0.068667 0.063333
3 0.943333 0.150333 0.064000 0.051333
3 0.906000 0.093333 0.141333 0.080000
3 0.592000 0.840667 0.086667 0.109333
3 0.733333 0.855667 0.060000 0.086000
3 0.506333 0.857333 0.075333 0.101333
3 0.412333 0.937667 0.068667 0.103333
3 0.365000 0.963667 0.023333 0.020667
3 0.479333 0.962000 0.041333 0.060000
3 0.563667 0.947000 0.116667 0.106000
3 0.791667 0.951667 0.084667 0.094000
2 0.842333 0.956000 0.028667 0.033333
2 0.887000 0.878333 0.119333 0.092667
0 0.087000 0.836000 0.172667 0.252000
0 0.341333 0.807000 0.085333 0.082000
0 0.697000 0.755667 0.042000 0.052667
0 0.494667 0.740000 0.102667 0.097333
0 0.174667 0.673333 0.289333 0.210667
0 0.074333 0.430667 0.147333 0.154667
0 0.162667 0.552000 0.134667 0.120000
0 0.219667 0.489333 0.159333 0.149333
0 0.380333 0.461667 0.180667 0.142000
0 0.567000 0.537000 0.218000 0.144667
0 0.566000 0.642667 0.089333 0.070667
0 0.221667 0.371333 0.170000 0.133333
0 0.503667 0.344667 0.204667 0.173333
0 0.093667 0.189667 0.186000 0.274000
0 0.245000 0.223333 0.194000 0.237333
0 0.378333 0.230000 0.170000 0.177333
0 0.536333 0.178000 0.206000 0.193333
0 0.513000 0.069000 0.206000 0.136667
0 0.315333 0.065333 0.184000 0.129333
2 0.964000 0.962000 0.072000 0.076000
2 0.698333 0.960000 0.114000 0.080000
2 0.748667 0.031333 0.098667 0.060000
2 0.843000 0.024333 0.079333 0.047333
