3 0.082667 0.046667 0.056000 0.068000
2 0.087333 0.144667 0.134667 0.130667
2 0.167333 0.187667 0.089333 0.088667
2 0.242667 0.150667 0.097333 0.102667
2 0.567667 0.025333 0.050000 0.044000
2 0.901000 0.067667 0.080667 0.087333
2 0.720000 0.090667 0.069333 0.056000
2 0.637333 0.061333 0.029333 0.030667
3 0.700000 0.137000 0.078667 0.051333
2 0.427000 0.171333 0.114000 0.110667
2 0.233333 0.265667 0.121333 0.116667
2 0.109000 0.260333 0.019333 0.022000
2 0.313000 0.222000 0.078000 0.090667
2 0.386333 0.277333 0.087333 0.142667
2 0.475000 0.265667 0.084667 0.092667
3 0.564667 0.269333 0.033333 0.026667
3 0.572333 0.212667 0.056667 0.069333
2 0.655000 0.266333 0.052667 0.048667
3 0.671667 0.206000 0.072667 0.072000
2 0.751333 0.250333 0.065333 0.108667
2 0.824333 0.292000 0.075333 0.077333
3 0.836000 0.226000 0.029333 0.037333
2 0.918667 0.278000 0.130667 0.169333
2 0.876667 0.422000 0.137333 0.129333
2 0.962000 0.438000 0.061333 0.089333
2 0.642000 0.403667 0.068000 0.082000
2 0.541000 0.420000 0.072667 0.066667
2 0.752667 0.527667 0.170667 0.179333
2 0.876333 0.548333 0.092667 0.140667
2 0.955000 0.558667 0.080667 0.122667
2 0.685667 0.629667 0.119333 0.116667
2 0.836667 0.669000 0.174667 0.140667
2 0.870000 0.768667 0.092000 0.094667
2 0.676000 0.729667 0.069333 0.091333
2 0.729333 0.786333 0.104000 0.155333
2 0.800000 0.817000 0.065333 0.083333
2 0.959333 0.851667 0.081333 0.114000
2 0.873667 0.876333 0.079333 0.082000
2 0.794333 0.916333 0.079333 0.087333
2 0.706333 0.914333 0.086000 0.114000
2 0.619333 0.904667 0.098667 0.108000
2 0.526333 0.883667 0.076667 0.086000
2 0.618667 0.810667 0.128000 0.106667
2 0.601667 0.714333 0.079333 0.083333
2 0.513667 0.696333 0.084667 0.075333
2 0.593000 0.610333 0.076667 0.078000
2 0.606333 0.524000 0.088667 0.097333
2 0.535667 0.520667 0.050000 0.090667
2 0.463000 0.491333 0.114000 0.134667
2 0.489000 0.601000 0.110000 0.104667
2 0.402000 0.589333 0.061333 0.066667
2 0.042333 0.367333 0.080667 0.097333
2 0.114000 0.349667 0.088000 0.110000
2 0.193000 0.380333 0.095333 0.115333
2 0.284000 0.392333 0.097333 0.114000
3 0.391667 0.411333 0.110000 0.128000
3 0.306333 0.491333 0.114000 0.088000
2 0.211667 0.494667 0.083333 0.125333
2 0.122667 0.483667 0.102667 0.144667
2 0.054667 0.650333 0.061333 0.086000
2 0.115667 0.654333 0.083333 0.122000
2 0.089667 0.739333 0.116667 0.074667
2 0.212667 0.649667 0.106667 0.151333
2 0.289000 0.651000 0.059333 0.084667
2 0.382000 0.668333 0.142667 0.152667
2 0.478333 0.774667 0.091333 0.121333
2 0.392333 0.769000 0.086000 0.092667
2 0.252333 0.753667 0.086000 0.079333
2 0.073000 0.817667 0.103333 0.095333
2 0.163333 0.826000 0.089333 0.112000
2 0.244000 0.856000 0.105333 0.125333
2 0.334000 0.849667 0.094667 0.123333
2 0.129333 0.915667 0.132000 0.108667
2 0.267000 0.946333 0.082000 0.086000
2 0.351667 0.949000 0.082000 0.086000
2 0.537667 0.954333 0.048667 0.047333
0 0.085000 0.234667 0.058000 0.056000
0 0.950333 0.042333 0.040667 0.048667
0 0.957333 0.171333 0.084000 0.085333
0 0.788333 0.155667 0.070000 0.052667
0 0.624333 0.300667 0.054000 0.044000
0 0.616000 0.164667 0.072000 0.064000
0 0.518333 0.208667 0.059333 0.061333
0 0.759000 0.059333 0.048667 0.061333
0 0.021667 0.145000 0.039333 0.050000
0 0.204333 0.084333 0.046000 0.060667
0 0.327333 0.158333 0.072000 0.056667
0 0.253667 0.078000 0.043333 0.041333
0 0.338333 0.091667 0.064667 0.060667
0 0.353000 0.046667 0.043333 0.036000
0 0.382333 0.073000 0.051333 0.044667
0 0.571000 0.107000 0.036667 0.044667
2 0.619000 0.975667 0.092667 0.048667
2 0.445000 0.948333 0.122000 0.103333
2 0.832000 0.046667 0.097333 0.090667
