3 0.090000 0.062000 0.112000 0.085333
2 0.166333 0.053667 0.044667 0.038000
2 0.152667 0.120667 0.057333 0.053333
2 0.130000 0.176000 0.117333 0.118667
2 0.101667 0.288333 0.076667 0.102000
2 0.182000 0.303000 0.094667 0.075333
2 0.154667 0.352000 0.052000 0.038667
2 0.085333 0.398333 0.065333 0.062000
2 0.156667 0.418667 0.089333 0.076000
2 0.064667 0.486667 0.054667 0.056000
2 0.031000 0.374000 0.059333 0.094667
2 0.216000 0.109333 0.062667 0.064000
2 0.292667 0.085667 0.081333 0.096667
2 0.269667 0.203000 0.154000 0.128667
2 0.384000 0.172333 0.064000 0.058000
2 0.385000 0.110667 0.047333 0.038667
2 0.386667 0.046667 0.098667 0.092000
2 0.472000 0.060667 0.069333 0.057333
2 0.487333 0.116000 0.060000 0.057333
2 0.554667 0.143333 0.053333 0.052000
2 0.559667 0.056333 0.080667 0.098000
2 0.634667 0.081667 0.049333 0.044667
3 0.717000 0.043667 0.062000 0.063333
2 0.626000 0.161667 0.044000 0.047333
2 0.677667 0.225667 0.038000 0.054000
2 0.619333 0.216000 0.065333 0.060000
2 0.749333 0.307667 0.090667 0.099333
2 0.680667 0.320000 0.045333 0.052000
2 0.615000 0.295667 0.078000 0.054000
2 0.523333 0.299000 0.097333 0.076667
2 0.524000 0.251333 0.034667 0.037333
2 0.320000 0.491333 0.044000 0.033333
2 0.361667 0.346333 0.023333 0.030000
2 0.295667 0.690333 0.051333 0.039333
2 0.305000 0.597667 0.075333 0.062000
2 0.898667 0.277000 0.045333 0.046000
2 0.826333 0.229667 0.099333 0.078000
2 0.842667 0.172000 0.033333 0.034667
2 0.905000 0.117000 0.099333 0.088667
2 0.876333 0.055667 0.047333 0.050000
2 0.468000 0.182333 0.089333 0.080667
2 0.454000 0.244000 0.028000 0.029333
0 0.824000 0.914667 0.136000 0.124000
0 0.695000 0.895000 0.095333 0.092667
0 0.570667 0.950000 0.164000 0.069333
0 0.400333 0.882000 0.216667 0.182667
0 0.058667 0.654000 0.116000 0.120000
0 0.155333 0.747333 0.240000 0.233333
0 0.417000 0.748333 0.063333 0.059333
0 0.579000 0.854000 0.142000 0.148000
0 0.948000 0.911667 0.086667 0.096667
0 0.877333 0.757333 0.141333 0.146667
0 0.738667 0.701000 0.144000 0.162000
0 0.712333 0.821000 0.135333 0.126000
0 0.620000 0.743333 0.076000 0.088000
0 0.833000 0.608667 0.163333 0.152000
0 0.919000 0.548667 0.162000 0.154667
0 0.853333 0.369333 0.142667 0.112000
0 0.634000 0.574333 0.093333 0.090000
0 0.652000 0.486000 0.112000 0.126667
0 0.626667 0.383333 0.152000 0.118667
0 0.499000 0.389667 0.196667 0.148667
0 0.511333 0.518000 0.182667 0.165333
0 0.226667 0.425333 0.040000 0.036000
0 0.797667 0.100667 0.046000 0.050667
0 0.244333 0.331667 0.038000 0.032667
0 0.549667 0.242000 0.024667 0.026667
0 0.569667 0.229000 0.028667 0.022000
2 0.017667 0.475000 0.034000 0.075333
2 0.036667 0.255667 0.070667 0.123333
2 0.235000 0.021333 0.092667 0.040000
3 0.650667 0.032667 0.105333 0.064000
3 0.795333 0.046000 0.113333 0.088000
2 0.961000 0.032667 0.074000 0.064000
