2 0.130333 0.105667 0.136667 0.131333
1 0.320333 0.050000 0.142000 0.098667
1 0.059333 0.242667 0.110667 0.137333
2 0.181333 0.199000 0.136000 0.119333
2 0.285667 0.141333 0.111333 0.109333
2 0.174667 0.299667 0.161333 0.131333
1 0.288000 0.308667 0.100000 0.138667
2 0.391000 0.318333 0.158000 0.106000
2 0.363333 0.215000 0.161333 0.123333
2 0.409000 0.156000 0.119333 0.141333
1 0.506333 0.186333 0.119333 0.152667
1 0.616667 0.076667 0.045333 0.056000
1 0.086667 0.376000 0.069333 0.098667
2 0.166000 0.402333 0.108000 0.115333
2 0.250000 0.414333 0.093333 0.106000
2 0.348667 0.452667 0.129333 0.160000
2 0.446000 0.418333 0.160000 0.191333
2 0.428333 0.562000 0.108667 0.106667
2 0.334333 0.566333 0.083333 0.082000
2 0.238667 0.508000 0.098667 0.104000
2 0.161667 0.491333 0.083333 0.081333
2 0.076667 0.547333 0.141333 0.234667
2 0.098000 0.660667 0.089333 0.070667
2 0.218333 0.584333 0.151333 0.112667
1 0.311000 0.671000 0.120667 0.119333
2 0.103333 0.760000 0.074667 0.089333
2 0.179667 0.755667 0.083333 0.114000
2 0.095000 0.860333 0.144667 0.122000
2 0.051000 0.945667 0.083333 0.079333
2 0.221667 0.878667 0.075333 0.093333
1 0.253667 0.772667 0.083333 0.105333
2 0.320000 0.884000 0.108000 0.100000
2 0.421000 0.756667 0.107333 0.140000
2 0.333000 0.783667 0.083333 0.111333
2 0.451333 0.928667 0.101333 0.101333
2 0.530667 0.909333 0.116000 0.101333
2 0.553667 0.817000 0.142000 0.106000
2 0.519333 0.742667 0.076000 0.060000
2 0.565667 0.663000 0.183333 0.150000
3 0.562000 0.589333 0.072000 0.066667
2 0.601667 0.472000 0.174000 0.146667
2 0.623667 0.365667 0.092667 0.080667
2 0.565667 0.321667 0.166000 0.139333
2 0.598667 0.235667 0.098667 0.067333
1 0.630333 0.196667 0.120667 0.098667
0 0.496000 0.050667 0.149333 0.098667
0 0.565000 0.108333 0.099333 0.100667
0 0.949000 0.973000 0.090000 0.039333
0 0.938667 0.624667 0.118667 0.174667
0 0.924333 0.459000 0.151333 0.143333
0 0.952000 0.335667 0.096000 0.118000
0 0.963667 0.213667 0.072667 0.120667
2 0.034333 0.739333 0.060667 0.132000
2 0.037333 0.379000 0.073333 0.158000
2 0.039667 0.067000 0.078000 0.118000
2 0.235667 0.045667 0.099333 0.090000
2 0.123000 0.565333 0.080667 0.117333
2 0.169333 0.943333 0.205333 0.113333
