2 0.081333 0.068333 0.077333 0.075333
2 0.173000 0.066333 0.044667 0.048667
2 0.049333 0.143667 0.072000 0.080667
2 0.141000 0.126000 0.032667 0.034667
2 0.119333 0.181667 0.040000 0.056667
2 0.228667 0.101333 0.030667 0.029333
2 0.198667 0.177333 0.065333 0.068000
2 0.201333 0.129667 0.021333 0.016667
2 0.178000 0.250000 0.073333 0.065333
2 0.023667 0.226667 0.043333 0.041333
2 0.096000 0.278667 0.070667 0.068000
2 0.145000 0.347667 0.052667 0.047333
2 0.076333 0.355000 0.087333 0.084667
2 0.057000 0.427000 0.046000 0.052667
2 0.130667 0.430667 0.068000 0.066667
2 0.200667 0.444000 0.072000 0.101333
3 0.238667 0.365667 0.101333 0.099333
3 0.243667 0.291333 0.075333 0.048000
2 0.271000 0.232333 0.051333 0.055333
2 0.279000 0.149000 0.079333 0.096667
2 0.249333 0.035667 0.041333 0.056667
2 0.302667 0.058667 0.093333 0.092000
2 0.373000 0.104000 0.096667 0.070667
3 0.406333 0.061667 0.039333 0.050000
2 0.479667 0.067667 0.083333 0.104667
3 0.452333 0.143000 0.047333 0.051333
2 0.371000 0.195333 0.107333 0.106667
2 0.440000 0.212000 0.065333 0.070667
2 0.430000 0.280333 0.028000 0.028667
2 0.423000 0.314333 0.022000 0.024667
2 0.325000 0.257333 0.074000 0.074667
2 0.325000 0.338667 0.064667 0.070667
3 0.113667 0.497667 0.046000 0.042000
2 0.263333 0.478667 0.061333 0.060000
3 0.557667 0.097667 0.039333 0.036667
2 0.599333 0.191667 0.066667 0.082000
2 0.530333 0.166333 0.079333 0.084667
2 0.507000 0.247000 0.107333 0.084667
3 0.577000 0.284667 0.047333 0.037333
2 0.495000 0.316667 0.080667 0.068000
3 0.559000 0.362000 0.063333 0.060000
2 0.581333 0.419000 0.022667 0.020667
3 0.473000 0.395667 0.060667 0.059333
3 0.455667 0.474000 0.038000 0.038667
3 0.372667 0.449000 0.066667 0.050000
2 0.352000 0.517000 0.094667 0.094000
2 0.339667 0.579000 0.055333 0.046000
2 0.265333 0.527333 0.048000 0.037333
2 0.250667 0.563667 0.066667 0.038000
3 0.090333 0.560667 0.102000 0.070667
3 0.038333 0.517000 0.072667 0.080667
2 0.151667 0.599667 0.087333 0.082000
2 0.228000 0.633667 0.093333 0.094000
3 0.068000 0.634333 0.076000 0.062000
2 0.303667 0.648333 0.044667 0.038000
3 0.126667 0.691333 0.101333 0.090667
2 0.312333 0.704667 0.090000 0.077333
2 0.381667 0.733333 0.048667 0.065333
2 0.425667 0.797333 0.044667 0.041333
2 0.361333 0.808000 0.060000 0.048000
3 0.402667 0.887000 0.057333 0.054000
2 0.441000 0.908667 0.027333 0.030667
3 0.338333 0.863667 0.072667 0.074000
2 0.266667 0.840667 0.060000 0.061333
3 0.292333 0.776000 0.070000 0.060000
2 0.206333 0.766333 0.078000 0.079333
2 0.180333 0.827000 0.054000 0.047333
2 0.041667 0.765667 0.056667 0.047333
2 0.104667 0.778667 0.097333 0.070667
2 0.063000 0.905333 0.088667 0.065333
2 0.071667 0.961000 0.048667 0.044667
2 0.167333 0.895333 0.041333 0.029333
2 0.247000 0.911000 0.087333 0.090000
2 0.320000 0.950333 0.066667 0.078000
3 0.744333 0.034333 0.051333 0.040667
2 0.714000 0.108000 0.124000 0.112000
2 0.821000 0.060000 0.090000 0.105333
2 0.896000 0.081000 0.068000 0.078000
2 0.942333 0.160000 0.114000 0.077333
2 0.968333 0.088000 0.063333 0.056000
3 0.844333 0.179000 0.043333 0.054000
2 0.787000 0.153333 0.075333 0.094667
2 0.698000 0.195000 0.092000 0.083333
3 0.769667 0.251000 0.090000 0.074000
2 0.915333 0.236333 0.114667 0.075333
2 0.886000 0.316667 0.106667 0.068000
2 0.944667 0.348333 0.037333 0.035333
2 0.791000 0.320667 0.078000 0.065333
2 0.678333 0.282333 0.080667 0.070000
3 0.653667 0.351667 0.052667 0.055333
2 0.642333 0.433000 0.070000 0.082000
3 0.634333 0.499000 0.047333 0.044667
2 0.796000 0.395000 0.096000 0.091333
2 0.866667 0.390667 0.048000 0.050667
2 0.937333 0.412333 0.093333 0.084667
2 0.897333 0.490667 0.073333 0.064000
3 0.837333 0.476667 0.062667 0.058667
2 0.763000 0.468333 0.114000 0.072667
2 0.882667 0.574000 0.122667 0.094667
2 0.912333 0.660667 0.082000 0.068000
2 0.843667 0.634333 0.050000 0.051333
2 0.793000 0.604333 0.059333 0.052667
2 0.749333 0.543000 0.100000 0.084667
2 0.730667 0.620000 0.062667 0.069333
2 0.684000 0.583000 0.058667 0.064667
2 0.629333 0.580333 0.042667 0.043333
2 0.708333 0.687000 0.056667 0.054000
2 0.830667 0.711000 0.073333 0.079333
2 0.956333 0.759667 0.075333 0.082000
3 0.873333 0.778000 0.032000 0.041333
2 0.948000 0.845333 0.056000 0.060000
2 0.914000 0.912000 0.057333 0.062667
2 0.834667 0.919667 0.060000 0.083333
2 0.803000 0.793333 0.051333 0.072000
3 0.477667 0.586333 0.059333 0.050000
2 0.534000 0.595333 0.061333 0.062667
2 0.594333 0.632333 0.092667 0.072667
2 0.664667 0.637333 0.041333 0.042667
2 0.644333 0.693000 0.043333 0.054000
2 0.726667 0.765000 0.098667 0.098000
2 0.772000 0.852333 0.062667 0.056667
2 0.718333 0.876000 0.054000 0.068000
3 0.758333 0.921667 0.064667 0.051333
2 0.402667 0.634000 0.098667 0.100000
2 0.473000 0.626667 0.027333 0.028000
2 0.455333 0.693333 0.065333 0.064000
2 0.523000 0.670333 0.072667 0.090000
2 0.586000 0.699000 0.062667 0.058000
2 0.632000 0.756667 0.062667 0.060000
2 0.567333 0.751667 0.036000 0.042000
2 0.493667 0.772667 0.055333 0.053333
2 0.557667 0.806667 0.060667 0.057333
2 0.616667 0.837333 0.068000 0.076000
3 0.526333 0.854000 0.051333 0.042667
2 0.654333 0.923333 0.076667 0.078667
2 0.577333 0.910333 0.069333 0.086000
2 0.523000 0.935000 0.083333 0.094000
0 0.148000 0.950333 0.068000 0.056667
0 0.423333 0.978333 0.028000 0.034000
0 0.770667 0.676667 0.046667 0.056000
0 0.510333 0.510000 0.052667 0.044000
0 0.178000 0.484333 0.040000 0.039333
0 0.166000 0.523333 0.029333 0.033333
0 0.696000 0.356000 0.030667 0.034667
0 0.407000 0.386000 0.035333 0.034667
0 0.380333 0.297000 0.068667 0.075333
0 0.834667 0.259667 0.052000 0.064667
0 0.138000 0.064667 0.034667 0.053333
0 0.625333 0.093333 0.086667 0.065333
2 0.880333 0.978333 0.074000 0.043333
2 0.749333 0.970333 0.085333 0.059333
2 0.625667 0.973000 0.066000 0.054000
2 0.226333 0.969000 0.084667 0.060667
2 0.030333 0.845000 0.059333 0.079333
2 0.019333 0.578667 0.037333 0.044000
2 0.016333 0.312333 0.028667 0.059333
2 0.570333 0.031000 0.088667 0.060667
2 0.968333 0.268000 0.063333 0.090667
2 0.971667 0.471667 0.055333 0.079333
2 0.962667 0.567667 0.070667 0.111333
2 0.970333 0.681000 0.059333 0.066000
2 0.984000 0.945000 0.032000 0.038000
2 0.030000 0.947333 0.058667 0.098667
