2 0.918667 0.247333 0.072000 0.062667
2 0.903333 0.338000 0.169333 0.173333
2 0.807000 0.301667 0.038000 0.064667
1 0.744333 0.308667 0.092667 0.101333
2 0.811000 0.247000 0.059333 0.050000
2 0.941000 0.164000 0.103333 0.101333
1 0.912667 0.072667 0.140000 0.104000
1 0.851333 0.164000 0.104000 0.132000
1 0.775667 0.133667 0.078000 0.071333
1 0.766333 0.204333 0.082000 0.082000
2 0.648667 0.286667 0.062667 0.096000
2 0.581667 0.271000 0.079333 0.084667
2 0.508000 0.243333 0.068000 0.070667
2 0.574333 0.195000 0.094000 0.087333
1 0.670667 0.085333 0.096000 0.098667
1 0.716000 0.145333 0.077333 0.061333
1 0.673000 0.190000 0.075333 0.077333
1 0.621667 0.144000 0.086000 0.080000
1 0.536000 0.095000 0.157333 0.190000
1 0.423000 0.090000 0.094000 0.122667
1 0.384000 0.158667 0.049333 0.060000
1 0.394333 0.229333 0.082000 0.098667
1 0.314667 0.217667 0.092000 0.119333
2 0.236000 0.185667 0.062667 0.070000
1 0.166667 0.169667 0.109333 0.146000
1 0.097667 0.155000 0.050000 0.114000
1 0.063000 0.126000 0.047333 0.105333
1 0.024000 0.124667 0.036000 0.069333
1 0.144333 0.034667 0.054000 0.066667
1 0.348667 0.070333 0.088000 0.091333
1 0.289667 0.121000 0.094000 0.090000
1 0.226333 0.116000 0.068667 0.066667
1 0.225667 0.044333 0.088667 0.080667
0 0.928333 0.701333 0.142000 0.168000
0 0.938667 0.845667 0.121333 0.155333
0 0.847667 0.919667 0.030000 0.022000
0 0.829000 0.847000 0.039333 0.039333
0 0.667667 0.889000 0.052667 0.043333
0 0.643667 0.715667 0.131333 0.170000
0 0.481333 0.869000 0.097333 0.083333
0 0.505333 0.811000 0.124000 0.076667
0 0.527667 0.699000 0.184667 0.147333
0 0.465000 0.543000 0.200667 0.172667
0 0.139333 0.432667 0.132000 0.106667
0 0.217667 0.482667 0.074000 0.077333
0 0.267333 0.536000 0.078667 0.073333
0 0.323667 0.587000 0.088667 0.070000
0 0.059333 0.557667 0.106667 0.106000
0 0.130333 0.598000 0.070000 0.086667
0 0.224000 0.628333 0.126667 0.108667
0 0.357000 0.676667 0.100667 0.106667
0 0.253333 0.734333 0.125333 0.103333
0 0.065667 0.672000 0.114000 0.093333
0 0.327333 0.795333 0.068000 0.082667
0 0.363333 0.931000 0.077333 0.083333
0 0.411000 0.971333 0.083333 0.053333
0 0.210333 0.888333 0.188667 0.132667
0 0.153000 0.770667 0.135333 0.097333
0 0.042667 0.841333 0.085333 0.097333
2 0.061333 0.043333 0.118667 0.086667
2 0.797000 0.035333 0.118000 0.070667
