2 0.063667 0.803000 0.082000 0.091333
2 0.057333 0.892000 0.100000 0.077333
2 0.190333 0.754667 0.102000 0.094667
2 0.268000 0.722667 0.029333 0.033333
2 0.246667 0.823000 0.072000 0.084667
2 0.299333 0.867667 0.025333 0.023333
2 0.264667 0.962667 0.058667 0.061333
2 0.362000 0.979000 0.030667 0.040667
3 0.137000 0.918000 0.042000 0.032000
2 0.156333 0.812000 0.106000 0.104000
3 0.162000 0.872000 0.108000 0.060000
3 0.218667 0.922333 0.094667 0.119333
2 0.314000 0.809333 0.034667 0.040000
2 0.352000 0.709667 0.092000 0.084667
3 0.413000 0.781000 0.088667 0.094000
3 0.386000 0.874667 0.098667 0.104000
3 0.440333 0.694000 0.084667 0.093333
2 0.529000 0.689333 0.087333 0.102667
2 0.613333 0.645333 0.041333 0.034667
2 0.620000 0.709333 0.100000 0.104000
2 0.735667 0.721667 0.044667 0.046000
2 0.524333 0.781000 0.116667 0.096667
2 0.493000 0.846333 0.043333 0.044667
2 0.604000 0.803000 0.060000 0.078000
2 0.572333 0.878000 0.115333 0.092000
2 0.530000 0.947667 0.072000 0.063333
2 0.719333 0.955333 0.057333 0.073333
2 0.639000 0.944000 0.110000 0.112000
2 0.735333 0.867667 0.074667 0.071333
2 0.684000 0.877000 0.022667 0.019333
2 0.696667 0.795333 0.102667 0.101333
2 0.878000 0.944000 0.093333 0.076000
2 0.958667 0.947667 0.082667 0.088667
2 0.895000 0.862000 0.052667 0.060000
2 0.827000 0.840667 0.124667 0.089333
2 0.934333 0.765667 0.080667 0.108667
2 0.839667 0.743000 0.119333 0.148667
2 0.947000 0.674000 0.084667 0.084000
2 0.982333 0.621333 0.035333 0.058667
2 0.926333 0.574667 0.071333 0.062667
2 0.893667 0.614000 0.055333 0.064000
2 0.809000 0.654667 0.096667 0.069333
2 0.832667 0.575333 0.084000 0.094667
2 0.700667 0.619000 0.038667 0.048667
2 0.752333 0.599667 0.083333 0.082000
2 0.659667 0.554667 0.118000 0.108000
2 0.769333 0.502667 0.106667 0.098667
3 0.722333 0.064333 0.054000 0.060667
2 0.687333 0.137333 0.040000 0.042667
2 0.887000 0.065667 0.047333 0.070000
2 0.882000 0.114333 0.034667 0.030000
2 0.875667 0.140667 0.075333 0.038667
3 0.939667 0.162000 0.052667 0.068000
2 0.859000 0.203000 0.103333 0.088667
2 0.829000 0.272667 0.082000 0.064000
2 0.756333 0.214333 0.050000 0.055333
2 0.727000 0.309000 0.078000 0.080667
2 0.881333 0.315667 0.110667 0.106000
2 0.862333 0.414667 0.115333 0.101333
2 0.947000 0.457000 0.106000 0.143333
2 0.529000 0.613667 0.051333 0.040667
2 0.964333 0.344333 0.071333 0.112667
2 0.471000 0.627333 0.026000 0.024000
2 0.413333 0.631667 0.025333 0.031333
2 0.489000 0.569000 0.092667 0.079333
2 0.441000 0.514333 0.050000 0.055333
2 0.513333 0.490000 0.100000 0.085333
2 0.346333 0.637000 0.047333 0.054000
2 0.293667 0.658000 0.060667 0.062667
3 0.239000 0.648333 0.056667 0.054000
2 0.323667 0.592000 0.071333 0.064000
2 0.254667 0.581333 0.064000 0.065333
2 0.267333 0.508000 0.046667 0.040000
2 0.168667 0.567667 0.094667 0.084667
2 0.118000 0.708000 0.057333 0.057333
2 0.029000 0.728000 0.056667 0.053333
2 0.117333 0.456000 0.080000 0.074667
3 0.223667 0.404667 0.107333 0.089333
2 0.093000 0.372667 0.084667 0.077333
3 0.116000 0.293333 0.074667 0.061333
2 0.186000 0.325333 0.057333 0.056000
2 0.049333 0.220667 0.092000 0.106667
2 0.140333 0.218000 0.031333 0.029333
3 0.201667 0.212333 0.048667 0.056667
2 0.269333 0.258000 0.068000 0.081333
2 0.334667 0.313333 0.090667 0.104000
3 0.401333 0.358667 0.068000 0.064000
2 0.428000 0.279000 0.062667 0.079333
3 0.353000 0.244333 0.048667 0.051333
2 0.507000 0.310000 0.092667 0.097333
2 0.578000 0.268667 0.106667 0.102667
2 0.605667 0.187333 0.062000 0.065333
2 0.550000 0.166333 0.062667 0.062000
3 0.571000 0.097333 0.079333 0.066667
2 0.593000 0.033000 0.082000 0.062000
3 0.495000 0.059667 0.055333 0.054000
2 0.471667 0.123000 0.078000 0.082000
2 0.453333 0.197667 0.102667 0.083333
2 0.380333 0.168667 0.051333 0.061333
2 0.399000 0.084333 0.083333 0.082000
2 0.424000 0.028333 0.073333 0.055333
3 0.313000 0.105333 0.083333 0.093333
2 0.225667 0.122000 0.086000 0.090667
2 0.152000 0.144667 0.072000 0.072000
0 0.781000 0.751667 0.047333 0.047333
0 0.598333 0.568000 0.052667 0.060000
0 0.847000 0.508667 0.055333 0.050667
0 0.771667 0.406000 0.079333 0.081333
0 0.692667 0.384667 0.048000 0.045333
0 0.703333 0.430667 0.048000 0.046667
0 0.609333 0.459333 0.074667 0.082667
0 0.382000 0.561333 0.076000 0.066667
0 0.320000 0.536000 0.041333 0.030667
0 0.189333 0.497000 0.070667 0.055333
0 0.067000 0.481667 0.051333 0.040667
0 0.088333 0.510000 0.030000 0.032000
0 0.084333 0.548333 0.031333 0.031333
0 0.039000 0.425000 0.039333 0.039333
0 0.188667 0.274333 0.050667 0.048667
0 0.230333 0.294333 0.035333 0.031333
0 0.262667 0.358333 0.034667 0.036667
0 0.642333 0.226333 0.023333 0.023333
0 0.851333 0.033333 0.028000 0.029333
0 0.972667 0.088333 0.054667 0.064667
0 0.039333 0.060333 0.050667 0.063333
0 0.101667 0.058000 0.023333 0.025333
2 0.793000 0.978000 0.068667 0.044000
2 0.030667 0.568000 0.060000 0.064000
2 0.025000 0.325667 0.048667 0.083333
2 0.246000 0.038000 0.092000 0.074667
2 0.334333 0.026000 0.091333 0.049333
2 0.962333 0.861000 0.075333 0.098000
