2 0.067000 0.045000 0.082000 0.080667
2 0.154000 0.054667 0.101333 0.108000
2 0.107667 0.128667 0.083333 0.101333
2 0.200000 0.161000 0.098667 0.112667
2 0.402000 0.130333 0.161333 0.182000
2 0.455000 0.052333 0.147333 0.103333
2 0.530000 0.147667 0.100000 0.147333
2 0.635333 0.060000 0.105333 0.089333
2 0.638000 0.156667 0.105333 0.126667
2 0.717333 0.064333 0.064000 0.094000
2 0.782667 0.071333 0.064000 0.074667
1 0.730333 0.153333 0.079333 0.094667
2 0.805333 0.180333 0.132000 0.162000
2 0.915333 0.196000 0.081333 0.097333
3 0.955667 0.256000 0.056667 0.074667
2 0.111333 0.244333 0.073333 0.079333
2 0.154000 0.280333 0.034667 0.038000
2 0.203333 0.263000 0.061333 0.094000
2 0.278000 0.266333 0.096000 0.135333
3 0.343333 0.269000 0.037333 0.059333
3 0.368333 0.337667 0.046000 0.052667
2 0.391000 0.260333 0.063333 0.086000
2 0.464667 0.305333 0.089333 0.106667
2 0.435667 0.382333 0.044667 0.047333
2 0.570333 0.288667 0.114000 0.142667
2 0.728333 0.304333 0.080667 0.086000
2 0.802667 0.311000 0.065333 0.076667
2 0.886333 0.337333 0.090000 0.106667
2 0.972667 0.355333 0.054667 0.068000
2 0.953000 0.427667 0.082000 0.087333
2 0.809667 0.390333 0.082000 0.083333
2 0.876333 0.418000 0.056667 0.065333
2 0.912000 0.495667 0.064000 0.076667
2 0.826333 0.474667 0.123333 0.085333
2 0.747333 0.509333 0.062667 0.073333
2 0.822333 0.540667 0.079333 0.064000
2 0.684667 0.583000 0.029333 0.043333
3 0.719667 0.587333 0.043333 0.057333
2 0.798333 0.611000 0.082000 0.084667
2 0.754333 0.659667 0.090000 0.084667
3 0.942333 0.659333 0.094000 0.106667
3 0.916000 0.753333 0.069333 0.072000
3 0.969000 0.819333 0.047333 0.062667
2 0.948667 0.895333 0.052000 0.062667
3 0.825000 0.710000 0.071333 0.072000
2 0.821667 0.789333 0.116667 0.108000
2 0.732000 0.752333 0.052000 0.048667
2 0.735333 0.835000 0.125333 0.155333
2 0.622333 0.828333 0.112667 0.142000
2 0.675000 0.727000 0.056667 0.052667
2 0.676333 0.670333 0.054000 0.048667
2 0.570333 0.725333 0.078000 0.069333
2 0.607667 0.631667 0.083333 0.110000
2 0.550000 0.791333 0.057333 0.073333
2 0.543667 0.867000 0.050000 0.055333
2 0.517000 0.954333 0.084667 0.091333
2 0.436333 0.908000 0.054000 0.060000
2 0.452000 0.844667 0.074667 0.061333
2 0.471667 0.760333 0.086000 0.116667
2 0.521000 0.624667 0.087333 0.121333
2 0.554000 0.552667 0.073333 0.073333
2 0.574333 0.492000 0.066000 0.066667
2 0.593667 0.432333 0.080667 0.075333
2 0.502000 0.476333 0.074667 0.079333
2 0.455000 0.589333 0.055333 0.064000
2 0.424333 0.653333 0.111333 0.128000
2 0.385000 0.755667 0.079333 0.080667
2 0.359667 0.891333 0.090000 0.104000
2 0.242333 0.926667 0.091333 0.092000
2 0.280667 0.847667 0.073333 0.088667
2 0.298667 0.755000 0.088000 0.115333
2 0.326333 0.667000 0.059333 0.088667
2 0.357000 0.584333 0.087333 0.071333
2 0.364333 0.513667 0.050000 0.056667
2 0.150667 0.905000 0.072000 0.084667
2 0.180667 0.821333 0.098667 0.092000
2 0.188333 0.753667 0.047333 0.046000
2 0.110333 0.751667 0.094000 0.080667
2 0.052000 0.699667 0.094667 0.107333
2 0.150333 0.671333 0.084667 0.100000
2 0.228000 0.678667 0.093333 0.068000
2 0.257667 0.612333 0.091333 0.084667
3 0.043667 0.619000 0.044667 0.051333
2 0.096333 0.529000 0.052667 0.054000
2 0.145000 0.599667 0.044667 0.048667
2 0.181333 0.577333 0.061333 0.060000
2 0.193667 0.512000 0.114000 0.096000
2 0.284667 0.520000 0.057333 0.061333
2 0.300000 0.460000 0.060000 0.056000
2 0.073667 0.396333 0.126000 0.094000
2 0.176333 0.365000 0.071333 0.079333
2 0.262000 0.379333 0.094667 0.100000
2 0.209667 0.428667 0.071333 0.068000
2 0.933333 0.970333 0.052000 0.059333
2 0.867000 0.959000 0.091333 0.082000
0 0.154333 0.969000 0.063333 0.047333
0 0.880000 0.890667 0.041333 0.048000
0 0.103333 0.815000 0.048000 0.048667
0 0.885000 0.808667 0.040667 0.046667
0 0.857667 0.649333 0.060667 0.052000
0 0.499667 0.709000 0.048667 0.042000
0 0.085667 0.614333 0.055333 0.083333
0 0.975333 0.602667 0.034667 0.040000
0 0.967000 0.499000 0.066000 0.066000
0 0.431333 0.527000 0.066667 0.052667
0 0.127667 0.457667 0.054000 0.060667
0 0.351667 0.393667 0.088667 0.067333
0 0.435000 0.445000 0.068667 0.059333
0 0.518000 0.376667 0.044000 0.038667
0 0.608000 0.373667 0.069333 0.059333
0 0.644333 0.321333 0.048667 0.041333
0 0.722000 0.389000 0.082667 0.082000
0 0.112333 0.350333 0.050000 0.034000
2 0.760000 0.956000 0.096000 0.088000
2 0.649333 0.961000 0.100000 0.078000
2 0.414333 0.967667 0.075333 0.064667
2 0.064667 0.954000 0.082667 0.092000
2 0.034333 0.832000 0.067333 0.086667
2 0.038000 0.466000 0.074667 0.078667
2 0.032333 0.252667 0.063333 0.112000
2 0.272000 0.081000 0.181333 0.160667
2 0.322000 0.966333 0.146667 0.067333
