2 0.063333 0.099667 0.092000 0.079333
2 0.133333 0.177333 0.134667 0.109333
2 0.079667 0.267000 0.086000 0.094000
2 0.168000 0.272000 0.090667 0.098667
2 0.057667 0.354000 0.083333 0.076000
2 0.118000 0.431667 0.106667 0.156667
2 0.225000 0.401000 0.079333 0.059333
2 0.265667 0.556000 0.050000 0.066667
3 0.282667 0.488667 0.044000 0.045333
2 0.220000 0.478667 0.125333 0.106667
2 0.028333 0.504667 0.055333 0.056000
2 0.068667 0.605000 0.110667 0.087333
2 0.226333 0.672667 0.079333 0.110667
2 0.143667 0.702000 0.094000 0.102667
2 0.051333 0.684333 0.098667 0.074000
2 0.045000 0.761667 0.088667 0.075333
2 0.128667 0.774667 0.058667 0.048000
2 0.096333 0.817667 0.052667 0.043333
2 0.111333 0.859333 0.065333 0.060000
2 0.171667 0.866333 0.055333 0.064667
2 0.058333 0.911667 0.082000 0.088667
2 0.141667 0.935000 0.090000 0.072667
2 0.201000 0.968333 0.070000 0.063333
2 0.312667 0.890000 0.062667 0.081333
2 0.254333 0.863667 0.040667 0.048667
2 0.239667 0.893667 0.080667 0.080667
2 0.289333 0.948333 0.066667 0.046000
2 0.368667 0.984333 0.033333 0.028667
2 0.386333 0.922000 0.082000 0.088000
2 0.416667 0.861000 0.052000 0.046000
2 0.480667 0.890000 0.073333 0.073333
2 0.511333 0.838667 0.065333 0.065333
2 0.589333 0.839000 0.064000 0.050000
2 0.557667 0.901333 0.072667 0.068000
2 0.648333 0.865667 0.051333 0.050000
2 0.712667 0.949667 0.040000 0.054000
2 0.723667 0.871000 0.043333 0.044667
2 0.792333 0.915000 0.083333 0.071333
2 0.870667 0.942667 0.070667 0.060000
2 0.914667 0.889000 0.108000 0.116667
2 0.925000 0.801333 0.104667 0.070667
2 0.823000 0.856667 0.088667 0.090667
2 0.784667 0.754667 0.101333 0.094667
2 0.754000 0.828667 0.065333 0.070667
3 0.604333 0.759333 0.048667 0.042667
2 0.678667 0.761333 0.108000 0.138667
2 0.862667 0.719000 0.193333 0.151333
2 0.904333 0.637333 0.079333 0.065333
2 0.911000 0.586000 0.056667 0.040000
2 0.809000 0.607333 0.094000 0.072000
2 0.196000 0.782667 0.065333 0.066667
2 0.280000 0.772667 0.100000 0.105333
2 0.305667 0.678667 0.087333 0.096000
2 0.361667 0.784333 0.078000 0.087333
2 0.438333 0.795333 0.075333 0.068000
2 0.529667 0.776000 0.055333 0.045333
2 0.474333 0.723333 0.122000 0.114667
2 0.381333 0.699000 0.080000 0.088667
2 0.545333 0.684333 0.033333 0.038000
2 0.579333 0.685000 0.034667 0.052667
2 0.484667 0.627667 0.088000 0.090000
2 0.580667 0.599667 0.142667 0.138000
2 0.693000 0.638000 0.087333 0.094667
2 0.402333 0.614000 0.080667 0.066667
2 0.349333 0.583333 0.061333 0.065333
2 0.342333 0.506667 0.096667 0.101333
2 0.409667 0.476000 0.046000 0.040000
2 0.427333 0.532333 0.066667 0.055333
2 0.541667 0.487667 0.062000 0.052667
2 0.709667 0.446333 0.056667 0.044667
2 0.716667 0.521333 0.093333 0.097333
2 0.780667 0.428333 0.070667 0.052667
2 0.886667 0.416333 0.074667 0.048667
2 0.856333 0.506000 0.183333 0.130667
2 0.900000 0.342333 0.085333 0.083333
2 0.951333 0.280333 0.096000 0.087333
2 0.886333 0.158667 0.043333 0.046667
2 0.869000 0.228667 0.083333 0.093333
2 0.774333 0.230000 0.122000 0.129333
2 0.741667 0.365667 0.064667 0.060667
2 0.668000 0.354000 0.096000 0.140000
2 0.575000 0.311000 0.087333 0.076667
3 0.505667 0.284333 0.062000 0.056667
2 0.557000 0.402667 0.112667 0.101333
2 0.457667 0.436667 0.088667 0.094667
2 0.354333 0.423333 0.110000 0.088000
2 0.412667 0.333667 0.126667 0.108667
2 0.256333 0.304333 0.086000 0.119333
2 0.331333 0.263667 0.066667 0.087333
2 0.430000 0.238000 0.122667 0.102667
2 0.225000 0.111000 0.082000 0.112667
3 0.302667 0.150333 0.073333 0.088667
2 0.324333 0.047000 0.086000 0.092667
2 0.401333 0.047667 0.070667 0.072667
2 0.470333 0.056000 0.080667 0.074667
2 0.438333 0.142667 0.122000 0.112000
2 0.551333 0.083667 0.096000 0.094000
2 0.539000 0.177333 0.084667 0.098667
2 0.652667 0.074000 0.062667 0.046667
2 0.763333 0.041333 0.058667 0.042667
2 0.738000 0.111333 0.100000 0.130667
2 0.843667 0.052000 0.080667 0.094667
2 0.930667 0.064333 0.090667 0.122000
2 0.825667 0.125333 0.088667 0.094667
2 0.648667 0.149667 0.126667 0.148667
2 0.614333 0.237667 0.080667 0.086000
2 0.692333 0.252333 0.080667 0.074000
0 0.194333 0.748333 0.062000 0.034000
0 0.681000 0.858333 0.024667 0.040667
0 0.619000 0.943333 0.031333 0.037333
0 0.665000 0.700000 0.083333 0.081333
0 0.584333 0.528000 0.067333 0.042667
0 0.144000 0.573000 0.068000 0.054000
0 0.325667 0.366667 0.058000 0.041333
0 0.471667 0.335333 0.035333 0.024000
0 0.549333 0.275000 0.032000 0.031333
0 0.624333 0.457333 0.047333 0.045333
0 0.668667 0.443667 0.033333 0.034000
0 0.829667 0.426333 0.024667 0.026000
0 0.822667 0.961667 0.036000 0.034000
2 0.967667 0.963333 0.064667 0.064000
2 0.750000 0.982000 0.044000 0.036000
2 0.521667 0.959333 0.152667 0.081333
2 0.031667 0.427000 0.062000 0.107333
2 0.038000 0.181000 0.074667 0.102000
2 0.572667 0.039667 0.153333 0.078000
2 0.950667 0.184333 0.098667 0.106000
2 0.953667 0.446000 0.092667 0.114667
2 0.969333 0.654333 0.061333 0.115333
2 0.974000 0.861333 0.052000 0.065333
