2 0.087333 0.899000 0.101333 0.120667
1 0.185667 0.942000 0.119333 0.104000
1 0.177667 0.851667 0.107333 0.095333
1 0.072000 0.785000 0.101333 0.104667
1 0.143000 0.778000 0.054000 0.073333
2 0.255000 0.813000 0.042000 0.046000
2 0.289667 0.887000 0.114000 0.094000
1 0.317333 0.964000 0.089333 0.070667
1 0.386333 0.959333 0.056667 0.061333
2 0.434000 0.930667 0.105333 0.106667
2 0.367333 0.852333 0.086667 0.094000
2 0.545000 0.939000 0.116667 0.118000
2 0.436000 0.834333 0.096000 0.096667
2 0.527000 0.838333 0.124667 0.142000
1 0.644000 0.908667 0.094667 0.104000
1 0.751333 0.933667 0.134667 0.120667
1 0.811667 0.965667 0.055333 0.056667
1 0.914000 0.908333 0.078667 0.115333
1 0.843667 0.899667 0.075333 0.075333
1 0.720000 0.858667 0.102667 0.118667
1 0.622000 0.799667 0.129333 0.106000
1 0.691000 0.758000 0.060667 0.056000
1 0.780667 0.815000 0.129333 0.122000
1 0.890000 0.804000 0.101333 0.094667
2 0.071333 0.799667 0.100000 0.078000
1 0.205333 0.756000 0.101333 0.098667
1 0.312667 0.777333 0.104000 0.102667
1 0.260667 0.713000 0.097333 0.076667
2 0.391000 0.747667 0.096667 0.090000
1 0.569667 0.724667 0.118000 0.102667
1 0.930667 0.722333 0.070667 0.090000
1 0.837667 0.702333 0.118000 0.188667
1 0.755000 0.714333 0.108667 0.107333
1 0.653333 0.695333 0.108000 0.102667
2 0.088667 0.692667 0.134667 0.120000
1 0.187667 0.660333 0.110000 0.118000
2 0.257000 0.627333 0.095333 0.089333
2 0.342333 0.666333 0.094000 0.108667
1 0.407667 0.620333 0.083333 0.078000
1 0.446667 0.675333 0.133333 0.129333
1 0.559000 0.621000 0.183333 0.107333
2 0.124333 0.602000 0.067333 0.068000
1 0.188000 0.576000 0.102667 0.100000
2 0.033333 0.533667 0.052000 0.054000
2 0.129000 0.512000 0.156667 0.141333
2 0.207667 0.474667 0.067333 0.064000
2 0.035333 0.451667 0.058667 0.068667
2 0.105667 0.428000 0.082000 0.070667
1 0.179333 0.381667 0.109333 0.116667
2 0.088333 0.344333 0.080667 0.086000
2 0.078333 0.260667 0.144667 0.125333
2 0.167333 0.295000 0.053333 0.048667
1 0.236000 0.321000 0.109333 0.092667
2 0.344333 0.366333 0.056667 0.042000
2 0.061667 0.167000 0.088667 0.064667
2 0.137333 0.196667 0.065333 0.058667
2 0.106333 0.069000 0.060667 0.063333
1 0.199333 0.146667 0.116000 0.072000
1 0.227667 0.184333 0.084667 0.042000
2 0.227333 0.232333 0.138667 0.090000
1 0.270333 0.547333 0.055333 0.065333
2 0.318667 0.466333 0.156000 0.183333
2 0.415333 0.500333 0.054667 0.056667
1 0.398667 0.429333 0.054667 0.057333
1 0.899333 0.584333 0.094667 0.086000
1 0.868333 0.514333 0.120667 0.110000
1 0.791667 0.568333 0.087333 0.102000
1 0.704667 0.561333 0.136000 0.160000
1 0.598667 0.512000 0.109333 0.105333
2 0.493000 0.538000 0.138000 0.101333
2 0.472333 0.450333 0.118000 0.104667
1 0.568667 0.424667 0.108000 0.102667
1 0.671333 0.436333 0.097333 0.107333
1 0.770000 0.462333 0.125333 0.152667
1 0.742333 0.355667 0.091333 0.076667
1 0.863333 0.390667 0.141333 0.154667
1 0.950000 0.448000 0.088000 0.094667
2 0.859000 0.270333 0.186000 0.147333
1 0.828000 0.190000 0.170667 0.141333
1 0.837000 0.085000 0.111333 0.118000
1 0.925000 0.043667 0.100667 0.087333
2 0.843667 0.023333 0.047333 0.044000
1 0.409667 0.224333 0.087333 0.080667
1 0.321000 0.265667 0.092667 0.090000
2 0.309667 0.169667 0.092667 0.095333
2 0.265333 0.070333 0.093333 0.083333
2 0.353667 0.086333 0.086000 0.084667
2 0.388667 0.160000 0.065333 0.060000
1 0.429333 0.317667 0.173333 0.178000
1 0.637667 0.344333 0.076667 0.080667
1 0.538000 0.337667 0.138667 0.123333
1 0.568333 0.210000 0.182000 0.168000
2 0.473667 0.123667 0.120667 0.115333
2 0.562667 0.099000 0.076000 0.092667
1 0.705667 0.279667 0.110000 0.084667
1 0.677667 0.206000 0.092667 0.098667
1 0.665333 0.114667 0.112000 0.105333
1 0.748667 0.116333 0.068000 0.119333
2 0.538000 0.032333 0.096000 0.064667
1 0.098333 0.963000 0.083333 0.072667
1 0.959667 0.620667 0.080667 0.093333
1 0.966333 0.214667 0.067333 0.086667
