1 0.051000 0.917333 0.099333 0.164000
1 0.144333 0.893000 0.151333 0.190000
1 0.288333 0.865333 0.158000 0.198667
2 0.372000 0.844333 0.093333 0.118000
1 0.455000 0.913667 0.087333 0.118000
1 0.433000 0.783333 0.110000 0.185333
1 0.539333 0.747667 0.120000 0.186000
1 0.551333 0.866333 0.101333 0.102000
2 0.536667 0.950000 0.072000 0.081333
2 0.629667 0.878333 0.083333 0.127333
1 0.640667 0.718333 0.125333 0.172667
1 0.736667 0.915333 0.174667 0.134667
2 0.729333 0.836000 0.130667 0.109333
1 0.732333 0.656667 0.114000 0.137333
1 0.816667 0.760000 0.165333 0.168000
2 0.840667 0.629667 0.098667 0.114000
2 0.900333 0.968000 0.088667 0.060000
1 0.913333 0.883667 0.170667 0.150000
2 0.949000 0.796667 0.083333 0.074667
0 0.965667 0.114000 0.068667 0.118667
0 0.905333 0.188333 0.085333 0.131333
0 0.870667 0.099667 0.066667 0.064667
0 0.822667 0.231667 0.102667 0.152667
0 0.765667 0.101333 0.064667 0.050667
0 0.773333 0.055000 0.056000 0.046000
0 0.708333 0.062333 0.064667 0.055333
0 0.672667 0.118333 0.088000 0.102000
0 0.646667 0.277667 0.136000 0.170000
0 0.600000 0.162000 0.088000 0.088000
0 0.520333 0.110000 0.111333 0.112000
0 0.507667 0.217667 0.075333 0.064667
0 0.539000 0.401667 0.151333 0.174000
0 0.445667 0.032333 0.084667 0.060667
0 0.423333 0.178333 0.069333 0.080667
0 0.390000 0.271667 0.102667 0.110000
0 0.426333 0.367333 0.110000 0.116000
0 0.354000 0.454000 0.178667 0.205333
0 0.239333 0.340667 0.090667 0.080000
0 0.318667 0.089000 0.089333 0.080667
0 0.324667 0.210000 0.092000 0.084000
0 0.309667 0.296000 0.062000 0.076000
0 0.242000 0.421667 0.077333 0.090000
0 0.174333 0.517000 0.151333 0.158000
0 0.114000 0.312333 0.109333 0.099333
0 0.106000 0.214333 0.084000 0.080667
0 0.134333 0.051667 0.111333 0.099333
0 0.052333 0.604667 0.103333 0.142667
0 0.045667 0.460333 0.087333 0.131333
0 0.047000 0.036000 0.075333 0.068000
0 0.027667 0.332667 0.051333 0.132000
2 0.615333 0.962333 0.128000 0.074000
1 0.937667 0.688000 0.124667 0.128000
1 0.937000 0.553000 0.126000 0.166000
0 0.596667 0.057000 0.064000 0.062000
0 0.503000 0.174000 0.070000 0.046667
0 0.211333 0.221000 0.097333 0.096667
0 0.212000 0.126000 0.058667 0.061333
0 0.227667 0.035667 0.068667 0.071333
