3 0.118000 0.959000 0.057333 0.067333
3 0.154000 0.892667 0.042667 0.057333
3 0.225333 0.906000 0.069333 0.066667
3 0.266000 0.937667 0.036000 0.042000
3 0.346000 0.928000 0.093333 0.105333
3 0.435667 0.922000 0.071333 0.090667
3 0.488667 0.921000 0.048000 0.075333
3 0.575000 0.908000 0.091333 0.108000
3 0.669667 0.942000 0.100667 0.106667
3 0.767667 0.929333 0.062000 0.081333
3 0.774000 0.820667 0.021333 0.029333
3 0.833667 0.780667 0.038000 0.028000
3 0.942667 0.868333 0.114667 0.108667
0 0.690000 0.788333 0.182667 0.144667
0 0.755000 0.862333 0.036667 0.035333
0 0.845000 0.914000 0.032667 0.030667
0 0.435667 0.803667 0.122000 0.104667
0 0.253333 0.733000 0.177333 0.175333
0 0.219000 0.566000 0.139333 0.133333
0 0.344667 0.569000 0.116000 0.154000
0 0.402667 0.620333 0.113333 0.095333
0 0.413667 0.696667 0.107333 0.093333
0 0.531000 0.741333 0.126000 0.138667
0 0.747000 0.717667 0.124667 0.106000
0 0.887333 0.640667 0.225333 0.262667
0 0.721000 0.575667 0.160667 0.154000
0 0.048333 0.720000 0.094000 0.128000
0 0.451333 0.558000 0.138667 0.128000
0 0.568667 0.615333 0.204000 0.196000
0 0.129667 0.474667 0.168667 0.164000
0 0.285333 0.438667 0.130667 0.130667
0 0.348667 0.378000 0.109333 0.110667
0 0.398667 0.452000 0.082667 0.096000
0 0.476667 0.465333 0.102667 0.092000
0 0.589667 0.501333 0.131333 0.113333
0 0.934000 0.431333 0.132000 0.160000
0 0.829333 0.442333 0.128000 0.146000
0 0.723667 0.398333 0.116667 0.172667
0 0.639667 0.391000 0.107333 0.179333
0 0.560667 0.367667 0.117333 0.132667
0 0.208000 0.296333 0.160000 0.150000
0 0.476333 0.337000 0.112667 0.112667
0 0.806000 0.301333 0.185333 0.148000
0 0.530667 0.248000 0.142667 0.122667
0 0.105667 0.222000 0.166000 0.181333
0 0.326000 0.190000 0.182667 0.189333
0 0.218667 0.122667 0.124000 0.118667
0 0.142667 0.051333 0.077333 0.060000
0 0.464000 0.143333 0.145333 0.129333
0 0.711667 0.183000 0.148667 0.154000
0 0.854000 0.189333 0.157333 0.136000
0 0.914000 0.108333 0.142667 0.111333
0 0.830000 0.058667 0.208000 0.116000
0 0.597000 0.084000 0.139333 0.166667
0 0.228667 0.033333 0.114667 0.065333
3 0.936667 0.951333 0.125333 0.097333
