1 0.907000 0.883000 0.084667 0.098000
1 0.829667 0.872333 0.083333 0.114000
1 0.760000 0.852667 0.068000 0.101333
1 0.705000 0.856000 0.039333 0.058667
1 0.650667 0.836000 0.074667 0.098667
2 0.559000 0.824000 0.091333 0.086667
1 0.537000 0.912667 0.114000 0.102667
1 0.635000 0.931000 0.087333 0.096667
1 0.698667 0.920667 0.054667 0.073333
2 0.763000 0.938000 0.086000 0.077333
2 0.887333 0.970000 0.065333 0.058667
1 0.105333 0.661000 0.101333 0.112667
2 0.200000 0.688667 0.106667 0.106667
2 0.292333 0.711333 0.108667 0.102667
1 0.075333 0.753667 0.098667 0.090000
2 0.056333 0.827333 0.080667 0.073333
1 0.137000 0.847667 0.086000 0.075333
1 0.218333 0.858667 0.082000 0.077333
2 0.230333 0.786667 0.087333 0.097333
1 0.159667 0.770667 0.074000 0.076000
1 0.316000 0.789667 0.089333 0.084667
2 0.313000 0.881333 0.114000 0.101333
1 0.212667 0.938333 0.093333 0.087333
1 0.137000 0.918667 0.078000 0.072000
2 0.051333 0.922667 0.098667 0.102667
0 0.933333 0.394667 0.036000 0.044000
0 0.976333 0.035000 0.046000 0.044667
0 0.930667 0.074000 0.041333 0.040000
2 0.945333 0.967000 0.061333 0.064667
1 0.117333 0.978000 0.082667 0.044000
