2 0.912667 0.101000 0.101333 0.120667
1 0.814333 0.058000 0.119333 0.104000
1 0.822333 0.148333 0.107333 0.095333
1 0.928000 0.215000 0.101333 0.104667
1 0.857000 0.222000 0.054000 0.073333
2 0.745000 0.187000 0.042000 0.046000
2 0.710333 0.113000 0.114000 0.094000
1 0.682667 0.036000 0.089333 0.070667
1 0.613667 0.040667 0.056667 0.061333
2 0.566000 0.069333 0.105333 0.106667
2 0.632667 0.147667 0.086667 0.094000
2 0.455000 0.061000 0.116667 0.118000
2 0.564000 0.165667 0.096000 0.096667
2 0.473000 0.161667 0.124667 0.142000
1 0.356000 0.091333 0.094667 0.104000
1 0.248667 0.066333 0.134667 0.120667
1 0.188333 0.034333 0.055333 0.056667
1 0.086000 0.091667 0.078667 0.115333
1 0.156333 0.100333 0.075333 0.075333
1 0.280000 0.141333 0.102667 0.118667
1 0.378000 0.200333 0.129333 0.106000
1 0.309000 0.242000 0.060667 0.056000
1 0.219333 0.185000 0.129333 0.122000
1 0.110000 0.196000 0.101333 0.094667
2 0.928667 0.200333 0.100000 0.078000
1 0.794667 0.244000 0.101333 0.098667
1 0.687333 0.222667 0.104000 0.102667
1 0.739333 0.287000 0.097333 0.076667
2 0.609000 0.252333 0.096667 0.090000
1 0.430333 0.275333 0.118000 0.102667
1 0.069333 0.277667 0.070667 0.090000
1 0.162333 0.297667 0.118000 0.188667
1 0.245000 0.285667 0.108667 0.107333
1 0.346667 0.304667 0.108000 0.102667
2 0.911333 0.307333 0.134667 0.120000
1 0.812333 0.339667 0.110000 0.118000
2 0.743000 0.372667 0.095333 0.089333
2 0.657667 0.333667 0.094000 0.108667
1 0.592333 0.379667 0.083333 0.078000
1 0.553333 0.324667 0.133333 0.129333
1 0.441000 0.379000 0.183333 0.107333
2 0.875667 0.398000 0.067333 0.068000
1 0.812000 0.424000 0.102667 0.100000
2 0.966667 0.466333 0.052000 0.054000
2 0.871000 0.488000 0.156667 0.141333
2 0.792333 0.525333 0.067333 0.064000
2 0.964667 0.548333 0.058667 0.068667
2 0.894333 0.572000 0.082000 0.070667
1 0.820667 0.618333 0.109333 0.116667
2 0.911667 0.655667 0.080667 0.086000
2 0.921667 0.739333 0.144667 0.125333
2 0.832667 0.705000 0.053333 0.048667
1 0.764000 0.679000 0.109333 0.092667
2 0.655667 0.633667 0.056667 0.042000
2 0.938333 0.833000 0.088667 0.064667
2 0.862667 0.803333 0.065333 0.058667
2 0.893667 0.931000 0.060667 0.063333
1 0.800667 0.853333 0.116000 0.072000
1 0.772333 0.815667 0.084667 0.042000
2 0.772667 0.767667 0.138667 0.090000
1 0.729667 0.452667 0.055333 0.065333
2 0.681333 0.533667 0.156000 0.183333
2 0.584667 0.499667 0.054667 0.056667
1 0.601333 0.570667 0.054667 0.057333
1 0.100667 0.415667 0.094667 0.086000
1 0.131667 0.485667 0.120667 0.110000
1 0.208333 0.431667 0.087333 0.102000
1 0.295333 0.438667 0.136000 0.160000
1 0.401333 0.488000 0.109333 0.105333
2 0.507000 0.462000 0.138000 0.101333
2 0.527667 0.549667 0.118000 0.104667
1 0.431333 0.575333 0.108000 0.102667
1 0.328667 0.563667 0.097333 0.107333
1 0.230000 0.537667 0.125333 0.152667
1 0.257667 0.644333 0.091333 0.076667
1 0.136667 0.609333 0.141333 0.154667
1 0.050000 0.552000 0.088000 0.094667
2 0.141000 0.729667 0.186000 0.147333
1 0.172000 0.810000 0.170667 0.141333
1 0.163000 0.915000 0.111333 0.118000
1 0.075000 0.956333 0.100667 0.087333
2 0.156333 0.976667 0.047333 0.044000
1 0.590333 0.775667 0.087333 0.080667
1 0.679000 0.734333 0.092667 0.090000
2 0.690333 0.830333 0.092667 0.095333
2 0.734667 0.929667 0.093333 0.083333
2 0.646333 0.913667 0.086000 0.084667
2 0.611333 0.840000 0.065333 0.060000
1 0.570667 0.682333 0.173333 0.178000
1 0.362333 0.655667 0.076667 0.080667
1 0.462000 0.662333 0.138667 0.123333
1 0.431667 0.790000 0.182000 0.168000
2 0.526333 0.876333 0.120667 0.115333
2 0.437333 0.901000 0.076000 0.092667
1 0.294333 0.720333 0.110000 0.084667
1 0.322333 0.794000 0.092667 0.098667
1 0.334667 0.885333 0.112000 0.105333
1 0.251333 0.883667 0.068000 0.119333
2 0.462000 0.967667 0.096000 0.064667
1 0.901667 0.037000 0.083333 0.072667
1 0.040333 0.379333 0.080667 0.093333
1 0.033667 0.785333 0.067333 0.086667
