2 0.166333 0.041333 0.124667 0.081333
2 0.111333 0.121333 0.093333 0.072000
2 0.218000 0.097667 0.121333 0.078000
2 0.241667 0.199000 0.126000 0.136667
2 0.109667 0.187333 0.128667 0.070667
2 0.148000 0.246667 0.113333 0.101333
3 0.055667 0.246000 0.074000 0.069333
2 0.345000 0.102000 0.108667 0.097333
2 0.454000 0.106000 0.106667 0.110667
2 0.368000 0.205000 0.137333 0.115333
2 0.676667 0.056000 0.104000 0.108000
2 0.759667 0.054000 0.082000 0.098667
2 0.861000 0.053333 0.084667 0.102667
2 0.926667 0.161333 0.101333 0.069333
2 0.671000 0.167667 0.126000 0.140667
2 0.783000 0.164333 0.116667 0.116667
2 0.887000 0.226000 0.152667 0.093333
2 0.961333 0.315667 0.073333 0.108667
2 0.867667 0.301667 0.114000 0.116667
2 0.764667 0.285667 0.092000 0.087333
2 0.673000 0.292333 0.103333 0.119333
2 0.576000 0.265000 0.102667 0.120667
2 0.491667 0.202333 0.092667 0.076667
2 0.473000 0.281000 0.103333 0.094000
2 0.368667 0.314333 0.092000 0.094000
1 0.283333 0.346667 0.090667 0.096000
2 0.420667 0.361000 0.068000 0.087333
2 0.487667 0.401000 0.090000 0.156667
2 0.593000 0.398333 0.128667 0.143333
2 0.641000 0.451667 0.080667 0.080667
2 0.744667 0.397667 0.140000 0.147333
2 0.871667 0.420000 0.116667 0.128000
2 0.836000 0.534667 0.104000 0.104000
2 0.732667 0.492000 0.113333 0.077333
2 0.572667 0.519333 0.130667 0.106667
2 0.725667 0.572667 0.108667 0.094667
2 0.831333 0.634333 0.128000 0.107333
1 0.266000 0.457333 0.077333 0.097333
2 0.347000 0.448333 0.087333 0.112667
2 0.425000 0.456000 0.076667 0.094667
1 0.175000 0.439000 0.112667 0.119333
2 0.045000 0.310333 0.088667 0.080667
2 0.137667 0.325333 0.110000 0.094667
2 0.084667 0.381000 0.090667 0.091333
2 0.024333 0.392000 0.047333 0.080000
2 0.046667 0.474333 0.092000 0.091333
2 0.156333 0.524000 0.116667 0.102667
2 0.058333 0.560000 0.112667 0.072000
2 0.054667 0.616667 0.105333 0.068000
2 0.218667 0.594000 0.133333 0.132000
2 0.166667 0.652333 0.118667 0.112667
2 0.056333 0.700333 0.111333 0.122000
1 0.162000 0.727000 0.058667 0.047333
1 0.161667 0.795000 0.195333 0.111333
1 0.262333 0.729000 0.087333 0.082000
2 0.094667 0.878000 0.065333 0.072000
2 0.038000 0.925000 0.066667 0.118000
2 0.087667 0.958667 0.076667 0.082667
2 0.313000 0.806333 0.114000 0.182000
2 0.189667 0.895667 0.122000 0.115333
2 0.398333 0.861333 0.082000 0.097333
2 0.361333 0.624000 0.129333 0.108000
2 0.436667 0.669000 0.102667 0.090000
2 0.423333 0.762667 0.098667 0.097333
2 0.498333 0.805333 0.115333 0.145333
1 0.510667 0.926333 0.136000 0.112667
1 0.589667 0.865000 0.080667 0.107333
2 0.536333 0.685667 0.084667 0.090000
2 0.585333 0.768333 0.089333 0.091333
1 0.616667 0.686000 0.085333 0.104000
2 0.652000 0.649000 0.097333 0.122000
2 0.737667 0.669000 0.079333 0.115333
2 0.684667 0.736000 0.034667 0.037333
2 0.659667 0.941333 0.110000 0.101333
1 0.682667 0.842000 0.130667 0.128000
2 0.784000 0.795333 0.156000 0.140000
2 0.884000 0.777000 0.066667 0.114000
1 0.892333 0.913333 0.158000 0.137333
2 0.759000 0.920667 0.080667 0.104000
0 0.559000 0.149667 0.120667 0.115333
2 0.355667 0.959333 0.088667 0.080000
2 0.269000 0.954000 0.078000 0.090667
2 0.028000 0.796000 0.054667 0.080000
3 0.478000 0.027000 0.073333 0.052667
2 0.566000 0.052333 0.150667 0.103333
2 0.949000 0.045333 0.100667 0.089333
2 0.940333 0.647667 0.119333 0.215333
2 0.950000 0.821667 0.100000 0.126000
