2 0.036667 0.073333 0.066667 0.085333
2 0.110000 0.067667 0.070667 0.084667
2 0.097333 0.144333 0.065333 0.079333
2 0.208333 0.039333 0.082000 0.074667
2 0.187000 0.120333 0.119333 0.120667
3 0.173667 0.194667 0.048667 0.041333
2 0.307667 0.082333 0.115333 0.139333
2 0.283667 0.159333 0.036667 0.042667
2 0.497333 0.062000 0.057333 0.062667
2 0.581667 0.063000 0.078000 0.087333
2 0.647000 0.085333 0.055333 0.086667
2 0.616333 0.159333 0.099333 0.074667
1 0.733000 0.075000 0.060667 0.056667
3 0.453667 0.137000 0.062000 0.062000
3 0.402667 0.076667 0.049333 0.050667
3 0.097333 0.263000 0.101333 0.098000
2 0.238000 0.255667 0.101333 0.156667
2 0.346333 0.286333 0.118000 0.143333
3 0.423667 0.288667 0.043333 0.053333
2 0.369333 0.189333 0.082667 0.065333
2 0.471667 0.216000 0.088667 0.093333
3 0.498333 0.314667 0.076667 0.081333
1 0.477333 0.361333 0.033333 0.032000
2 0.382000 0.422667 0.066667 0.068000
2 0.291667 0.451667 0.067333 0.066000
2 0.216333 0.407000 0.055333 0.055333
2 0.140667 0.345000 0.032000 0.042000
2 0.035000 0.420000 0.059333 0.070667
2 0.113000 0.421333 0.102000 0.077333
3 0.183333 0.502333 0.065333 0.058000
2 0.086333 0.506667 0.123333 0.090667
2 0.077000 0.582333 0.066000 0.054000
2 0.166667 0.583333 0.069333 0.069333
2 0.053667 0.618000 0.072667 0.048000
2 0.058333 0.668667 0.059333 0.053333
2 0.144000 0.654000 0.094667 0.096000
2 0.074667 0.776333 0.049333 0.056667
2 0.063333 0.830000 0.045333 0.044000
2 0.132667 0.775333 0.073333 0.056000
2 0.215000 0.750667 0.064667 0.072000
2 0.195000 0.835333 0.076667 0.074667
2 0.276667 0.774667 0.066667 0.076000
2 0.297000 0.690333 0.063333 0.074000
2 0.335000 0.655000 0.058000 0.072667
2 0.352667 0.599000 0.040000 0.047333
1 0.361333 0.515333 0.040000 0.036000
3 0.271000 0.551667 0.051333 0.058000
1 0.360333 0.552000 0.040667 0.036000
2 0.413333 0.589333 0.048000 0.056000
2 0.552667 0.516667 0.025333 0.029333
1 0.518333 0.521000 0.027333 0.038000
2 0.562667 0.468000 0.021333 0.024000
2 0.526333 0.418000 0.022000 0.021333
2 0.609333 0.462667 0.025333 0.030667
2 0.672000 0.511667 0.048000 0.048667
1 0.750000 0.547000 0.036000 0.046000
1 0.801333 0.572667 0.036000 0.049333
2 0.811333 0.624333 0.068000 0.060667
3 0.726000 0.615333 0.082667 0.080000
2 0.708333 0.671000 0.030000 0.024667
0 0.787667 0.692333 0.052667 0.032667
2 0.636667 0.653667 0.036000 0.058000
3 0.578667 0.649000 0.072000 0.084667
2 0.422333 0.664000 0.096667 0.089333
3 0.506000 0.672333 0.044000 0.051333
2 0.484667 0.740333 0.116000 0.092667
3 0.465333 0.815000 0.065333 0.070000
1 0.296333 0.841000 0.031333 0.035333
1 0.335667 0.831333 0.046000 0.048000
1 0.410000 0.824000 0.034667 0.038667
1 0.662000 0.848667 0.048000 0.057333
2 0.750667 0.803000 0.133333 0.116667
2 0.735000 0.916333 0.031333 0.048667
2 0.644667 0.912000 0.074667 0.069333
2 0.506667 0.918000 0.078667 0.098667
2 0.552000 0.945667 0.053333 0.048667
2 0.437333 0.900667 0.054667 0.068000
2 0.385667 0.913000 0.066000 0.086000
2 0.178333 0.924667 0.063333 0.078667
2 0.028667 0.918667 0.049333 0.062667
2 0.092333 0.943333 0.035333 0.040000
3 0.620333 0.965333 0.090000 0.069333
3 0.966333 0.892333 0.060667 0.071333
3 0.883667 0.943667 0.102000 0.079333
2 0.890333 0.635333 0.076667 0.069333
3 0.910000 0.539000 0.128000 0.110000
3 0.930000 0.439667 0.117333 0.092667
3 0.955667 0.359333 0.083333 0.066667
1 0.854000 0.160667 0.026667 0.032000
3 0.897333 0.065000 0.068000 0.048667
1 0.907000 0.171667 0.034000 0.031333
0 0.871000 0.851000 0.112667 0.092667
0 0.809667 0.929333 0.035333 0.037333
0 0.812667 0.972667 0.044000 0.042667
0 0.253000 0.921333 0.055333 0.045333
0 0.311333 0.920000 0.044000 0.048000
0 0.594667 0.801333 0.041333 0.036000
0 0.859333 0.765333 0.038667 0.046667
0 0.962333 0.704333 0.040667 0.043333
0 0.706333 0.708667 0.047333 0.044000
0 0.616667 0.731333 0.037333 0.046667
0 0.017667 0.712000 0.034000 0.030667
0 0.226667 0.632667 0.068000 0.065333
0 0.366667 0.717667 0.060000 0.066000
0 0.834667 0.509000 0.052000 0.048667
0 0.609000 0.543333 0.042000 0.034667
0 0.195667 0.451667 0.044667 0.043333
0 0.578000 0.373333 0.040000 0.030667
0 0.169000 0.338000 0.060667 0.066667
0 0.038667 0.152333 0.049333 0.042000
0 0.776333 0.048667 0.060667 0.040000
3 0.420667 0.047000 0.110667 0.092667
