1 0.949000 0.082667 0.099333 0.164000
1 0.855667 0.107000 0.151333 0.190000
1 0.711667 0.134667 0.158000 0.198667
2 0.628000 0.155667 0.093333 0.118000
1 0.545000 0.086333 0.087333 0.118000
1 0.567000 0.216667 0.110000 0.185333
1 0.460667 0.252333 0.120000 0.186000
1 0.448667 0.133667 0.101333 0.102000
2 0.463333 0.050000 0.072000 0.081333
2 0.370333 0.121667 0.083333 0.127333
1 0.359333 0.281667 0.125333 0.172667
1 0.263333 0.084667 0.174667 0.134667
2 0.270667 0.164000 0.130667 0.109333
1 0.267667 0.343333 0.114000 0.137333
1 0.183333 0.240000 0.165333 0.168000
2 0.159333 0.370333 0.098667 0.114000
2 0.099667 0.032000 0.088667 0.060000
1 0.086667 0.116333 0.170667 0.150000
2 0.051000 0.203333 0.083333 0.074667
0 0.034333 0.886000 0.068667 0.118667
0 0.094667 0.811667 0.085333 0.131333
0 0.129333 0.900333 0.066667 0.064667
0 0.177333 0.768333 0.102667 0.152667
0 0.234333 0.898667 0.064667 0.050667
0 0.226667 0.945000 0.056000 0.046000
0 0.291667 0.937667 0.064667 0.055333
0 0.327333 0.881667 0.088000 0.102000
0 0.353333 0.722333 0.136000 0.170000
0 0.400000 0.838000 0.088000 0.088000
0 0.479667 0.890000 0.111333 0.112000
0 0.492333 0.782333 0.075333 0.064667
0 0.461000 0.598333 0.151333 0.174000
0 0.554333 0.967667 0.084667 0.060667
0 0.576667 0.821667 0.069333 0.080667
0 0.610000 0.728333 0.102667 0.110000
0 0.573667 0.632667 0.110000 0.116000
0 0.646000 0.546000 0.178667 0.205333
0 0.760667 0.659333 0.090667 0.080000
0 0.681333 0.911000 0.089333 0.080667
0 0.675333 0.790000 0.092000 0.084000
0 0.690333 0.704000 0.062000 0.076000
0 0.758000 0.578333 0.077333 0.090000
0 0.825667 0.483000 0.151333 0.158000
0 0.886000 0.687667 0.109333 0.099333
0 0.894000 0.785667 0.084000 0.080667
0 0.865667 0.948333 0.111333 0.099333
0 0.947667 0.395333 0.103333 0.142667
0 0.954333 0.539667 0.087333 0.131333
0 0.953000 0.964000 0.075333 0.068000
0 0.972333 0.667333 0.051333 0.132000
2 0.384667 0.037667 0.128000 0.074000
1 0.062333 0.312000 0.124667 0.128000
1 0.063000 0.447000 0.126000 0.166000
0 0.403333 0.943000 0.064000 0.062000
0 0.497000 0.826000 0.070000 0.046667
0 0.788667 0.779000 0.097333 0.096667
0 0.788000 0.874000 0.058667 0.061333
0 0.772333 0.964333 0.068667 0.071333
