2 0.241667 0.072667 0.095333 0.110667
2 0.183667 0.163667 0.148667 0.090000
2 0.068000 0.263000 0.068000 0.111333
2 0.154667 0.267000 0.138667 0.108667
2 0.278667 0.261333 0.105333 0.102667
3 0.137000 0.343333 0.080667 0.061333
3 0.135000 0.407333 0.082000 0.066667
3 0.224333 0.342333 0.075333 0.080667
2 0.389667 0.324000 0.096667 0.089333
3 0.324000 0.364333 0.100000 0.072667
3 0.304667 0.444667 0.128000 0.094667
2 0.473000 0.401000 0.136667 0.095333
2 0.506333 0.313667 0.072667 0.074000
2 0.546667 0.527333 0.125333 0.160000
3 0.446667 0.543333 0.077333 0.094667
3 0.369667 0.539000 0.079333 0.080667
2 0.369000 0.623333 0.078000 0.088000
3 0.453667 0.631667 0.080667 0.076667
3 0.368000 0.706667 0.088000 0.073333
2 0.476000 0.722667 0.133333 0.105333
3 0.364667 0.791333 0.066667 0.068000
3 0.333333 0.889333 0.045333 0.077333
2 0.403667 0.886333 0.080667 0.080667
2 0.486333 0.898333 0.087333 0.104667
2 0.596667 0.898000 0.138667 0.134667
2 0.657000 0.956000 0.056667 0.061333
2 0.540667 0.797667 0.100000 0.088667
2 0.441667 0.809667 0.098000 0.079333
2 0.607333 0.739333 0.100000 0.086667
2 0.622000 0.639333 0.129333 0.108000
2 0.354000 0.090000 0.140000 0.170667
2 0.496000 0.088667 0.142667 0.168000
2 0.402667 0.209333 0.196000 0.204000
2 0.555000 0.208000 0.114000 0.181333
2 0.685333 0.198333 0.169333 0.223333
2 0.622667 0.309000 0.102667 0.083333
2 0.712000 0.054000 0.102667 0.104000
2 0.814000 0.115667 0.178667 0.216667
1 0.948333 0.104000 0.103333 0.116000
1 0.886333 0.325333 0.220667 0.236000
1 0.769667 0.344667 0.143333 0.138667
2 0.789667 0.436667 0.103333 0.094667
2 0.937333 0.467000 0.125333 0.106000
2 0.679667 0.519333 0.150000 0.204000
2 0.806333 0.550333 0.124667 0.142000
1 0.896667 0.526000 0.089333 0.088000
1 0.930333 0.646333 0.139333 0.172667
1 0.821000 0.674000 0.146000 0.125333
2 0.728000 0.662333 0.070667 0.082000
2 0.724333 0.735000 0.142000 0.080667
1 0.799333 0.780000 0.097333 0.132000
1 0.884667 0.783667 0.098667 0.130000
2 0.744000 0.849667 0.064000 0.056667
2 0.811667 0.896667 0.075333 0.101333
2 0.733000 0.926667 0.083333 0.072000
2 0.913667 0.911000 0.082000 0.084667
0 0.218667 0.895333 0.221333 0.202667
0 0.190667 0.433000 0.061333 0.044667
0 0.141333 0.461000 0.062667 0.051333
0 0.085667 0.059667 0.170000 0.116667
2 0.948333 0.829000 0.103333 0.123333
2 0.426333 0.954667 0.120667 0.090667
0 0.197333 0.547333 0.249333 0.193333
0 0.061333 0.661333 0.102667 0.152000
0 0.243667 0.676333 0.198000 0.156667
0 0.203333 0.760333 0.153333 0.092667
