3 0.784667 0.049333 0.078667 0.066667
2 0.950667 0.074667 0.056000 0.057333
2 0.855667 0.110000 0.112667 0.097333
3 0.939333 0.175333 0.069333 0.077333
3 0.899000 0.213000 0.050000 0.044667
2 0.835333 0.193333 0.069333 0.072000
2 0.825667 0.258667 0.030000 0.020000
3 0.898667 0.265000 0.101333 0.074000
3 0.739667 0.243000 0.075333 0.082000
3 0.707667 0.325000 0.106000 0.082000
3 0.806000 0.321000 0.102667 0.086000
3 0.880000 0.327333 0.056000 0.073333
3 0.942667 0.402667 0.100000 0.093333
2 0.789000 0.396000 0.110000 0.064000
2 0.757667 0.467000 0.122000 0.088667
3 0.857667 0.425333 0.044667 0.038667
3 0.859667 0.480333 0.095333 0.076667
3 0.936667 0.490667 0.066667 0.066667
3 0.910333 0.562667 0.060667 0.066667
2 0.838333 0.551667 0.075333 0.075333
3 0.779000 0.536667 0.048667 0.066667
3 0.730667 0.537333 0.057333 0.062667
3 0.706333 0.597667 0.072667 0.096667
2 0.758333 0.617000 0.054000 0.083333
3 0.796667 0.688667 0.044000 0.045333
3 0.897333 0.642000 0.104000 0.094667
3 0.860333 0.695667 0.058000 0.059333
3 0.838333 0.764333 0.055333 0.055333
3 0.870000 0.776000 0.037333 0.054667
2 0.760333 0.802000 0.070000 0.090667
3 0.830667 0.852667 0.058667 0.089333
3 0.852333 0.865333 0.051333 0.057333
3 0.908667 0.874667 0.049333 0.058667
3 0.964667 0.920667 0.036000 0.046667
3 0.899667 0.949667 0.094000 0.095333
3 0.746000 0.900333 0.086667 0.102000
3 0.620000 0.651667 0.037333 0.034000
2 0.710000 0.684667 0.120000 0.086667
3 0.698667 0.741667 0.093333 0.066000
3 0.668000 0.806000 0.101333 0.084000
3 0.598333 0.823000 0.044667 0.064667
3 0.616000 0.776333 0.026667 0.026000
1 0.543000 0.654333 0.056667 0.046000
1 0.595333 0.723667 0.029333 0.035333
3 0.663333 0.871667 0.096000 0.075333
3 0.636333 0.936333 0.110000 0.088667
3 0.568667 0.891333 0.020000 0.026667
2 0.447667 0.739000 0.064667 0.103333
3 0.393667 0.908000 0.095333 0.110667
3 0.456333 0.971333 0.048667 0.045333
3 0.470333 0.920667 0.050000 0.052000
3 0.481667 0.851000 0.095333 0.083333
3 0.509667 0.795000 0.078000 0.074000
3 0.530667 0.721667 0.092000 0.103333
3 0.492000 0.561000 0.102667 0.100667
3 0.568333 0.609667 0.062000 0.050000
3 0.592667 0.539333 0.090667 0.085333
2 0.515333 0.481000 0.070667 0.063333
3 0.599000 0.478667 0.046000 0.036000
3 0.603333 0.435333 0.042667 0.041333
3 0.660667 0.472000 0.065333 0.065333
3 0.625333 0.348667 0.069333 0.086667
3 0.536667 0.413000 0.073333 0.062000
3 0.553000 0.344333 0.083333 0.074000
3 0.571000 0.278000 0.071333 0.072000
2 0.639667 0.276333 0.044667 0.034000
1 0.673333 0.187000 0.036000 0.036667
2 0.615000 0.060000 0.084667 0.066667
2 0.709000 0.062000 0.032667 0.033333
2 0.691667 0.109667 0.056667 0.060667
3 0.599333 0.137667 0.081333 0.079333
2 0.589667 0.211000 0.087333 0.062000
3 0.094333 0.111333 0.095333 0.088000
2 0.202333 0.097000 0.127333 0.134000
3 0.290000 0.069000 0.082667 0.095333
3 0.382000 0.078333 0.086667 0.102000
3 0.441667 0.155000 0.100667 0.108667
1 0.472667 0.296667 0.022667 0.033333
2 0.403000 0.227333 0.074000 0.066667
3 0.341667 0.161333 0.083333 0.084000
3 0.052667 0.273333 0.054667 0.049333
3 0.042000 0.324333 0.080000 0.060667
2 0.138667 0.257333 0.112000 0.105333
3 0.121333 0.318333 0.049333 0.038000
3 0.115333 0.370000 0.029333 0.032000
3 0.112000 0.419667 0.028000 0.032667
3 0.021000 0.410333 0.032667 0.044667
3 0.219000 0.327333 0.092667 0.076000
3 0.243667 0.241000 0.111333 0.138000
1 0.279667 0.171667 0.042000 0.040667
3 0.316333 0.274000 0.040667 0.050667
3 0.331333 0.235333 0.061333 0.064000
3 0.304333 0.328333 0.059333 0.052667
2 0.386333 0.284667 0.095333 0.093333
2 0.452000 0.358000 0.041333 0.058667
3 0.369667 0.375000 0.106000 0.092667
3 0.274333 0.395667 0.059333 0.071333
2 0.333333 0.449000 0.050667 0.046000
2 0.271667 0.467333 0.047333 0.057333
3 0.181333 0.411000 0.110667 0.095333
3 0.097333 0.490000 0.057333 0.049333
1 0.392333 0.486000 0.046000 0.045333
1 0.435000 0.474667 0.030000 0.026667
1 0.378667 0.455333 0.018667 0.020000
3 0.176667 0.491333 0.084000 0.064000
2 0.225333 0.546000 0.086667 0.102667
3 0.308333 0.506667 0.067333 0.076000
3 0.069333 0.562667 0.109333 0.093333
3 0.027667 0.639333 0.052667 0.068000
2 0.123000 0.642000 0.108667 0.096000
3 0.177667 0.707000 0.079333 0.075333
3 0.093667 0.733000 0.090000 0.082000
3 0.259000 0.714667 0.083333 0.093333
2 0.345333 0.725000 0.085333 0.075333
3 0.326333 0.789000 0.051333 0.043333
3 0.360667 0.558667 0.086667 0.066667
2 0.367333 0.635667 0.102667 0.090000
2 0.266667 0.621333 0.097333 0.080000
3 0.159667 0.575000 0.063333 0.054000
3 0.072333 0.814333 0.098000 0.080667
3 0.238000 0.798667 0.120000 0.078667
3 0.227667 0.867000 0.086000 0.056667
3 0.131333 0.855667 0.076000 0.104667
3 0.044000 0.892333 0.081333 0.071333
3 0.107000 0.947333 0.076667 0.078667
3 0.215000 0.937333 0.126000 0.088000
0 0.403667 0.821000 0.047333 0.058000
0 0.545000 0.658333 0.046000 0.031333
0 0.470667 0.627000 0.070667 0.079333
0 0.464333 0.448333 0.054000 0.058000
0 0.678667 0.389000 0.061333 0.068667
0 0.640333 0.408000 0.042000 0.037333
0 0.437000 0.394667 0.048667 0.040000
0 0.475667 0.255667 0.052667 0.064667
0 0.698333 0.252667 0.042000 0.045333
0 0.763000 0.183333 0.031333 0.025333
0 0.509000 0.126333 0.102000 0.088667
0 0.683000 0.044333 0.043333 0.040667
3 0.799333 0.967667 0.110667 0.064667
3 0.034333 0.966333 0.067333 0.067333
3 0.031000 0.717667 0.060667 0.083333
3 0.038667 0.126667 0.073333 0.110667
3 0.031667 0.036333 0.062000 0.071333
3 0.100667 0.039000 0.104000 0.076667
3 0.965000 0.568333 0.070000 0.087333
3 0.966333 0.652667 0.067333 0.073333
2 0.940667 0.813667 0.118667 0.168667
