2 0.114667 0.889667 0.138667 0.118000
2 0.233333 0.847667 0.109333 0.111333
2 0.322667 0.801000 0.064000 0.071333
2 0.406333 0.781667 0.083333 0.098000
2 0.474667 0.758667 0.068000 0.074667
2 0.078333 0.793333 0.072667 0.077333
1 0.135000 0.763333 0.051333 0.068000
1 0.203000 0.746333 0.087333 0.091333
1 0.287333 0.731000 0.090667 0.088667
1 0.359000 0.714333 0.055333 0.050000
1 0.445333 0.685000 0.094667 0.088667
1 0.498333 0.648333 0.087333 0.079333
2 0.553667 0.718667 0.111333 0.097333
2 0.654667 0.674667 0.138667 0.170667
2 0.746333 0.611333 0.124667 0.133333
1 0.838333 0.591333 0.075333 0.081333
2 0.939667 0.573333 0.119333 0.160000
2 0.841667 0.497667 0.064667 0.055333
1 0.946333 0.481667 0.086000 0.076667
1 0.899333 0.444000 0.072000 0.093333
1 0.951667 0.400333 0.071333 0.086000
1 0.892333 0.355000 0.096667 0.084667
1 0.798000 0.410333 0.108000 0.144667
1 0.854000 0.431667 0.062667 0.074000
1 0.894667 0.274000 0.096000 0.089333
2 0.921667 0.086333 0.114000 0.144667
2 0.815333 0.074667 0.098667 0.098667
1 0.849333 0.160000 0.100000 0.077333
1 0.836667 0.227333 0.122667 0.090667
2 0.762333 0.174000 0.084667 0.089333
2 0.728333 0.090000 0.091333 0.088000
1 0.736667 0.255000 0.092000 0.079333
1 0.792333 0.305333 0.111333 0.093333
1 0.671667 0.292333 0.091333 0.080667
1 0.713333 0.350333 0.097333 0.086000
1 0.716000 0.440000 0.108000 0.129333
1 0.739000 0.513000 0.048667 0.060667
1 0.785667 0.525333 0.052667 0.058667
1 0.671333 0.198333 0.094667 0.102000
1 0.634000 0.089333 0.100000 0.102667
2 0.532000 0.106000 0.093333 0.138667
1 0.569667 0.205000 0.112667 0.115333
1 0.572667 0.297000 0.097333 0.087333
1 0.607667 0.375333 0.111333 0.110667
1 0.627000 0.455333 0.094000 0.088000
1 0.644333 0.519000 0.092667 0.090000
2 0.414333 0.040000 0.111333 0.078667
2 0.447667 0.119333 0.096667 0.106667
2 0.314000 0.048333 0.090667 0.095333
2 0.352667 0.124667 0.101333 0.104000
2 0.074000 0.113667 0.102667 0.095333
1 0.196000 0.123667 0.140000 0.116667
2 0.224667 0.186333 0.065333 0.042000
2 0.300667 0.217667 0.050667 0.056667
1 0.481333 0.200000 0.066667 0.065333
1 0.493667 0.256667 0.086000 0.090667
1 0.400667 0.192667 0.110667 0.101333
1 0.385333 0.282333 0.105333 0.108667
1 0.207000 0.258667 0.118000 0.120000
2 0.102000 0.202000 0.110667 0.100000
1 0.097000 0.275000 0.054000 0.051333
1 0.040667 0.317667 0.081333 0.074000
1 0.203667 0.348333 0.050000 0.054000
1 0.291667 0.317667 0.051333 0.046000
1 0.285000 0.272000 0.048667 0.042667
1 0.320000 0.274667 0.033333 0.042667
1 0.314000 0.362333 0.065333 0.056667
1 0.457000 0.342667 0.062000 0.073333
1 0.511333 0.393000 0.129333 0.120667
1 0.541667 0.497667 0.110000 0.080667
1 0.450000 0.452667 0.109333 0.096000
1 0.116333 0.371667 0.118000 0.118000
2 0.033000 0.421667 0.066000 0.072667
1 0.089000 0.490667 0.084667 0.092000
1 0.047000 0.577000 0.087333 0.080667
2 0.161000 0.549000 0.148667 0.108667
2 0.201333 0.635000 0.157333 0.119333
1 0.177333 0.439000 0.102667 0.119333
1 0.272333 0.422000 0.112667 0.129333
1 0.378333 0.387667 0.094000 0.111333
1 0.323000 0.505333 0.147333 0.129333
1 0.120333 0.699000 0.083333 0.072667
1 0.339000 0.651000 0.107333 0.095333
2 0.373333 0.585333 0.134667 0.094667
1 0.495333 0.589333 0.064000 0.053333
1 0.595333 0.615667 0.064000 0.060667
1 0.571333 0.584000 0.105333 0.097333
1 0.445667 0.538333 0.120667 0.118000
0 0.922000 0.929000 0.046667 0.048667
0 0.985667 0.932667 0.027333 0.041333
0 0.256667 0.336667 0.041333 0.044000
0 0.161667 0.834000 0.052667 0.050667
0 0.066333 0.286667 0.028667 0.040000
2 0.048667 0.688667 0.097333 0.170667
2 0.028667 0.494667 0.057333 0.070667
2 0.083000 0.040333 0.119333 0.078000
2 0.200667 0.034333 0.133333 0.067333
2 0.586667 0.025000 0.124000 0.047333
1 0.952667 0.166667 0.093333 0.105333
1 0.964667 0.258000 0.069333 0.112000
