2 0.928333 0.970333 0.083333 0.055333
2 0.878000 0.890333 0.100000 0.128667
2 0.916333 0.795667 0.115333 0.110000
2 0.912000 0.707000 0.073333 0.076667
2 0.907333 0.611000 0.056000 0.074000
2 0.848667 0.683333 0.100000 0.093333
2 0.824667 0.780667 0.076000 0.098667
2 0.829667 0.592333 0.124667 0.108667
2 0.874667 0.512333 0.098667 0.087333
1 0.955000 0.434333 0.090000 0.099333
2 0.861000 0.431000 0.112667 0.083333
2 0.820667 0.387667 0.057333 0.046000
1 0.856667 0.336000 0.118667 0.104000
2 0.946000 0.356000 0.066667 0.069333
1 0.911333 0.275667 0.105333 0.083333
1 0.813667 0.256333 0.126000 0.111333
2 0.835000 0.164333 0.086000 0.078000
2 0.933000 0.060333 0.118000 0.096667
2 0.928667 0.166000 0.106667 0.105333
1 0.751000 0.335333 0.090000 0.100000
1 0.754667 0.434667 0.097333 0.106667
1 0.749667 0.542333 0.112667 0.130000
1 0.702000 0.392333 0.069333 0.099333
1 0.759333 0.079333 0.101333 0.101333
1 0.730333 0.161000 0.126000 0.143333
2 0.695667 0.246667 0.107333 0.100000
1 0.648333 0.312333 0.095333 0.087333
1 0.632333 0.385333 0.106000 0.086667
1 0.606333 0.464667 0.148667 0.144000
1 0.546333 0.541667 0.127333 0.143333
1 0.636333 0.585667 0.116667 0.119333
1 0.600333 0.684000 0.094000 0.097333
1 0.496000 0.684000 0.130667 0.133333
1 0.474667 0.777000 0.085333 0.091333
1 0.427000 0.864667 0.114000 0.138667
2 0.530333 0.897667 0.090000 0.114000
1 0.568333 0.793000 0.111333 0.118000
1 0.613667 0.882333 0.087333 0.150000
2 0.646333 0.966000 0.106000 0.066667
1 0.677667 0.884667 0.084667 0.098667
2 0.763667 0.872667 0.128667 0.172000
1 0.049000 0.973667 0.052667 0.038000
1 0.099667 0.968667 0.054000 0.058667
2 0.118667 0.892333 0.030667 0.034000
1 0.049667 0.909000 0.084667 0.086000
1 0.151667 0.936333 0.058000 0.079333
1 0.202667 0.956333 0.093333 0.083333
1 0.324667 0.877000 0.101333 0.122000
1 0.239333 0.855000 0.086667 0.091333
1 0.187333 0.889667 0.068000 0.072667
1 0.160333 0.846667 0.055333 0.064000
1 0.084667 0.810333 0.098667 0.070000
1 0.095333 0.747667 0.062667 0.078000
1 0.135667 0.670667 0.076667 0.068000
1 0.153667 0.753333 0.079333 0.092000
1 0.201000 0.789667 0.079333 0.083333
1 0.261000 0.714667 0.112667 0.169333
1 0.373333 0.766000 0.114667 0.122667
1 0.396333 0.660333 0.111333 0.122000
1 0.436667 0.579667 0.125333 0.124667
1 0.476000 0.490000 0.088000 0.101333
1 0.519667 0.405333 0.111333 0.104000
1 0.547333 0.316667 0.100000 0.098667
1 0.570000 0.232000 0.133333 0.093333
1 0.603000 0.157000 0.122000 0.084667
1 0.595667 0.106667 0.048667 0.029333
1 0.600667 0.073667 0.066667 0.038000
1 0.518333 0.067333 0.080667 0.069333
1 0.489333 0.153333 0.097333 0.102667
1 0.435333 0.130333 0.066667 0.082000
1 0.432333 0.054667 0.080667 0.074667
1 0.475000 0.234667 0.048667 0.052000
3 0.481667 0.270000 0.031333 0.033333
1 0.442333 0.331667 0.111333 0.103333
1 0.401333 0.434333 0.129333 0.116667
1 0.360667 0.549333 0.098667 0.166667
1 0.289333 0.526333 0.066667 0.079333
1 0.278667 0.608000 0.106667 0.098667
1 0.221667 0.553000 0.054000 0.051333
2 0.253000 0.476333 0.086000 0.087333
1 0.255000 0.402000 0.082000 0.069333
1 0.324667 0.402667 0.073333 0.088000
1 0.359333 0.328000 0.057333 0.065333
1 0.407333 0.286000 0.074667 0.065333
1 0.365333 0.217333 0.100000 0.128000
1 0.427000 0.205667 0.052667 0.059333
1 0.279000 0.158333 0.046000 0.040667
1 0.326000 0.098667 0.132000 0.112000
1 0.264333 0.202000 0.060667 0.041333
1 0.269667 0.253333 0.075333 0.072000
1 0.227667 0.276333 0.087333 0.087333
1 0.217667 0.330000 0.120667 0.092000
2 0.199000 0.407000 0.063333 0.059333
1 0.164333 0.497000 0.103333 0.090000
1 0.190667 0.459000 0.049333 0.047333
1 0.151000 0.561000 0.084667 0.087333
2 0.762000 0.764000 0.060000 0.072000
1 0.690667 0.694000 0.097333 0.096000
2 0.757333 0.683333 0.074667 0.092000
0 0.682667 0.773333 0.086667 0.100000
0 0.659333 0.673333 0.038667 0.052000
0 0.660000 0.089333 0.058667 0.069333
0 0.896667 0.023333 0.050667 0.046667
0 0.681000 0.464667 0.028667 0.036000
0 0.311333 0.204333 0.044000 0.048667
0 0.032333 0.033333 0.028667 0.034667
2 0.959333 0.543667 0.081333 0.119333
2 0.981000 0.639000 0.038000 0.076667
2 0.978333 0.723333 0.043333 0.109333
2 0.971667 0.901000 0.056667 0.079333
2 0.513333 0.961667 0.118667 0.075333
2 0.404000 0.968000 0.098667 0.061333
2 0.304333 0.962667 0.107333 0.072000
2 0.350667 0.038667 0.164000 0.077333
2 0.520000 0.022667 0.072000 0.045333
2 0.707333 0.042333 0.156000 0.084667
