1 0.069333 0.030333 0.124000 0.056667
1 0.078000 0.084333 0.101333 0.082000
1 0.087667 0.170000 0.148667 0.136000
2 0.065333 0.289667 0.126667 0.118000
1 0.198000 0.184333 0.094667 0.082000
1 0.262000 0.113667 0.094667 0.074000
1 0.287667 0.183667 0.092667 0.091333
2 0.183333 0.247667 0.098667 0.063333
2 0.168333 0.331667 0.118000 0.104667
2 0.159000 0.403333 0.039333 0.041333
1 0.371667 0.068667 0.114000 0.130667
1 0.568667 0.053000 0.089333 0.091333
1 0.651000 0.069000 0.083333 0.120667
1 0.818000 0.040667 0.096000 0.074667
1 0.888333 0.043333 0.044667 0.069333
1 0.940333 0.140000 0.118000 0.140000
1 0.879000 0.191667 0.118000 0.118000
1 0.793667 0.150333 0.147333 0.136667
1 0.712333 0.111333 0.115333 0.108000
1 0.561667 0.125667 0.086000 0.083333
1 0.621333 0.181667 0.094667 0.090000
1 0.712000 0.234000 0.108000 0.130667
2 0.792667 0.264333 0.097333 0.114000
1 0.534000 0.187333 0.092000 0.096000
1 0.435333 0.176667 0.105333 0.102667
2 0.255667 0.335667 0.076667 0.074000
2 0.281333 0.278000 0.089333 0.094667
2 0.391000 0.206000 0.030000 0.046667
2 0.364333 0.251000 0.119333 0.123333
2 0.350000 0.340667 0.070667 0.056000
2 0.236000 0.423333 0.109333 0.104000
2 0.329000 0.408667 0.082000 0.077333
2 0.451667 0.290000 0.084667 0.093333
1 0.418667 0.380333 0.108000 0.115333
2 0.523667 0.280333 0.090000 0.095333
2 0.623000 0.287667 0.108667 0.114000
1 0.681333 0.347667 0.092000 0.103333
2 0.796333 0.352000 0.111333 0.102667
2 0.902667 0.375333 0.093333 0.125333
1 0.846000 0.433000 0.068000 0.068667
2 0.608333 0.380000 0.074000 0.068000
1 0.523667 0.376000 0.104667 0.126667
2 0.289667 0.471667 0.091333 0.082000
2 0.400667 0.476000 0.133333 0.124000
2 0.510333 0.464333 0.108667 0.094000
2 0.401333 0.555333 0.070667 0.057333
2 0.607000 0.449667 0.087333 0.084667
2 0.694333 0.431000 0.084667 0.060667
2 0.922333 0.476667 0.092667 0.094667
2 0.844000 0.511000 0.072000 0.084667
1 0.772333 0.455333 0.112667 0.098667
2 0.674333 0.490667 0.070000 0.061333
1 0.580000 0.548667 0.156000 0.133333
2 0.470667 0.564333 0.093333 0.086000
2 0.466667 0.638000 0.076000 0.074667
2 0.535333 0.633667 0.066667 0.063333
2 0.625667 0.645000 0.103333 0.091333
1 0.664000 0.580333 0.098667 0.112667
2 0.748000 0.552000 0.110667 0.100000
2 0.737333 0.635667 0.093333 0.076667
2 0.895667 0.551000 0.090000 0.079333
2 0.877000 0.634000 0.160667 0.097333
2 0.824333 0.672000 0.042000 0.037333
2 0.815333 0.702667 0.037333 0.040000
2 0.772667 0.712000 0.066667 0.073333
1 0.869000 0.719000 0.111333 0.087333
2 0.700667 0.717000 0.113333 0.103333
2 0.600000 0.730333 0.118667 0.110000
2 0.525667 0.707333 0.108667 0.108000
2 0.569667 0.815000 0.090000 0.074000
2 0.550000 0.888333 0.093333 0.087333
2 0.643000 0.897000 0.104667 0.115333
2 0.666000 0.817000 0.105333 0.086000
2 0.757000 0.805667 0.138000 0.116667
1 0.736333 0.877667 0.090000 0.084667
1 0.868000 0.809333 0.096000 0.106667
2 0.953667 0.834333 0.080667 0.071333
2 0.911667 0.922667 0.083333 0.110667
1 0.830000 0.895667 0.108000 0.090000
2 0.798000 0.961333 0.136000 0.077333
2 0.695667 0.955333 0.079333 0.070667
2 0.513333 0.960667 0.110667 0.078667
2 0.431333 0.969000 0.061333 0.062000
2 0.463667 0.898333 0.082000 0.079333
2 0.488333 0.812333 0.075333 0.074000
2 0.057000 0.430000 0.082000 0.070667
2 0.134000 0.476667 0.113333 0.105333
2 0.211000 0.503000 0.079333 0.088667
2 0.089000 0.584000 0.084667 0.064000
2 0.189667 0.639333 0.127333 0.130667
2 0.298000 0.577667 0.138667 0.118000
2 0.376333 0.665667 0.123333 0.114000
2 0.282667 0.665000 0.069333 0.076667
2 0.164667 0.725333 0.056000 0.044000
2 0.255000 0.738000 0.106000 0.089333
2 0.342333 0.755333 0.075333 0.076000
2 0.435667 0.762333 0.050000 0.046000
2 0.403333 0.836667 0.133333 0.138667
2 0.387333 0.928000 0.068000 0.066667
2 0.284667 0.925333 0.054667 0.056000
2 0.123000 0.551000 0.086000 0.056667
2 0.075667 0.651000 0.106000 0.087333
2 0.058333 0.742667 0.110000 0.090667
2 0.038667 0.812000 0.070667 0.065333
2 0.103667 0.933000 0.088667 0.112667
2 0.195333 0.904667 0.094667 0.102667
2 0.133333 0.800000 0.093333 0.101333
2 0.227000 0.818000 0.106000 0.098667
2 0.303333 0.850667 0.109333 0.106667
0 0.189000 0.095333 0.122000 0.094667
0 0.377667 0.122333 0.059333 0.046000
0 0.287667 0.088333 0.060667 0.048667
0 0.349667 0.171333 0.046000 0.040000
0 0.504000 0.109667 0.052000 0.035333
0 0.972667 0.341667 0.053333 0.070000
0 0.969333 0.256333 0.061333 0.079333
0 0.882000 0.096667 0.060000 0.050667
0 0.955000 0.427000 0.051333 0.066000
2 0.957000 0.970333 0.076667 0.059333
2 0.597667 0.976333 0.074000 0.047333
2 0.359333 0.976333 0.069333 0.047333
2 0.028000 0.940000 0.054667 0.056000
2 0.035000 0.876000 0.066000 0.061333
2 0.023667 0.574667 0.046000 0.080000
2 0.029000 0.484000 0.056667 0.088000
2 0.276000 0.034667 0.100000 0.068000
1 0.489667 0.049000 0.118000 0.096667
1 0.730333 0.024667 0.088667 0.048000
2 0.948667 0.035333 0.102667 0.068000
2 0.962000 0.732333 0.076000 0.138000
