2 0.071667 0.029667 0.083333 0.055333
2 0.122000 0.109667 0.100000 0.128667
2 0.083667 0.204333 0.115333 0.110000
2 0.088000 0.293000 0.073333 0.076667
2 0.092667 0.389000 0.056000 0.074000
2 0.151333 0.316667 0.100000 0.093333
2 0.175333 0.219333 0.076000 0.098667
2 0.170333 0.407667 0.124667 0.108667
2 0.125333 0.487667 0.098667 0.087333
1 0.045000 0.565667 0.090000 0.099333
2 0.139000 0.569000 0.112667 0.083333
2 0.179333 0.612333 0.057333 0.046000
1 0.143333 0.664000 0.118667 0.104000
2 0.054000 0.644000 0.066667 0.069333
1 0.088667 0.724333 0.105333 0.083333
1 0.186333 0.743667 0.126000 0.111333
2 0.165000 0.835667 0.086000 0.078000
2 0.067000 0.939667 0.118000 0.096667
2 0.071333 0.834000 0.106667 0.105333
1 0.249000 0.664667 0.090000 0.100000
1 0.245333 0.565333 0.097333 0.106667
1 0.250333 0.457667 0.112667 0.130000
1 0.298000 0.607667 0.069333 0.099333
1 0.240667 0.920667 0.101333 0.101333
1 0.269667 0.839000 0.126000 0.143333
2 0.304333 0.753333 0.107333 0.100000
1 0.351667 0.687667 0.095333 0.087333
1 0.367667 0.614667 0.106000 0.086667
1 0.393667 0.535333 0.148667 0.144000
1 0.453667 0.458333 0.127333 0.143333
1 0.363667 0.414333 0.116667 0.119333
1 0.399667 0.316000 0.094000 0.097333
1 0.504000 0.316000 0.130667 0.133333
1 0.525333 0.223000 0.085333 0.091333
1 0.573000 0.135333 0.114000 0.138667
2 0.469667 0.102333 0.090000 0.114000
1 0.431667 0.207000 0.111333 0.118000
1 0.386333 0.117667 0.087333 0.150000
2 0.353667 0.034000 0.106000 0.066667
1 0.322333 0.115333 0.084667 0.098667
2 0.236333 0.127333 0.128667 0.172000
1 0.951000 0.026333 0.052667 0.038000
1 0.900333 0.031333 0.054000 0.058667
2 0.881333 0.107667 0.030667 0.034000
1 0.950333 0.091000 0.084667 0.086000
1 0.848333 0.063667 0.058000 0.079333
1 0.797333 0.043667 0.093333 0.083333
1 0.675333 0.123000 0.101333 0.122000
1 0.760667 0.145000 0.086667 0.091333
1 0.812667 0.110333 0.068000 0.072667
1 0.839667 0.153333 0.055333 0.064000
1 0.915333 0.189667 0.098667 0.070000
1 0.904667 0.252333 0.062667 0.078000
1 0.864333 0.329333 0.076667 0.068000
1 0.846333 0.246667 0.079333 0.092000
1 0.799000 0.210333 0.079333 0.083333
1 0.739000 0.285333 0.112667 0.169333
1 0.626667 0.234000 0.114667 0.122667
1 0.603667 0.339667 0.111333 0.122000
1 0.563333 0.420333 0.125333 0.124667
1 0.524000 0.510000 0.088000 0.101333
1 0.480333 0.594667 0.111333 0.104000
1 0.452667 0.683333 0.100000 0.098667
1 0.430000 0.768000 0.133333 0.093333
1 0.397000 0.843000 0.122000 0.084667
1 0.404333 0.893333 0.048667 0.029333
1 0.399333 0.926333 0.066667 0.038000
1 0.481667 0.932667 0.080667 0.069333
1 0.510667 0.846667 0.097333 0.102667
1 0.564667 0.869667 0.066667 0.082000
1 0.567667 0.945333 0.080667 0.074667
1 0.525000 0.765333 0.048667 0.052000
3 0.518333 0.730000 0.031333 0.033333
1 0.557667 0.668333 0.111333 0.103333
1 0.598667 0.565667 0.129333 0.116667
1 0.639333 0.450667 0.098667 0.166667
1 0.710667 0.473667 0.066667 0.079333
1 0.721333 0.392000 0.106667 0.098667
1 0.778333 0.447000 0.054000 0.051333
2 0.747000 0.523667 0.086000 0.087333
1 0.745000 0.598000 0.082000 0.069333
1 0.675333 0.597333 0.073333 0.088000
1 0.640667 0.672000 0.057333 0.065333
1 0.592667 0.714000 0.074667 0.065333
1 0.634667 0.782667 0.100000 0.128000
1 0.573000 0.794333 0.052667 0.059333
1 0.721000 0.841667 0.046000 0.040667
1 0.674000 0.901333 0.132000 0.112000
1 0.735667 0.798000 0.060667 0.041333
1 0.730333 0.746667 0.075333 0.072000
1 0.772333 0.723667 0.087333 0.087333
1 0.782333 0.670000 0.120667 0.092000
2 0.801000 0.593000 0.063333 0.059333
1 0.835667 0.503000 0.103333 0.090000
1 0.809333 0.541000 0.049333 0.047333
1 0.849000 0.439000 0.084667 0.087333
2 0.238000 0.236000 0.060000 0.072000
1 0.309333 0.306000 0.097333 0.096000
2 0.242667 0.316667 0.074667 0.092000
0 0.317333 0.226667 0.086667 0.100000
0 0.340667 0.326667 0.038667 0.052000
0 0.340000 0.910667 0.058667 0.069333
0 0.103333 0.976667 0.050667 0.046667
0 0.319000 0.535333 0.028667 0.036000
0 0.688667 0.795667 0.044000 0.048667
0 0.967667 0.966667 0.028667 0.034667
2 0.040667 0.456333 0.081333 0.119333
2 0.019000 0.361000 0.038000 0.076667
2 0.021667 0.276667 0.043333 0.109333
2 0.028333 0.099000 0.056667 0.079333
2 0.486667 0.038333 0.118667 0.075333
2 0.596000 0.032000 0.098667 0.061333
2 0.695667 0.037333 0.107333 0.072000
2 0.649333 0.961333 0.164000 0.077333
2 0.480000 0.977333 0.072000 0.045333
2 0.292667 0.957667 0.156000 0.084667
