3 0.654667 0.936333 0.066667 0.088667
3 0.571667 0.912667 0.083333 0.102667
3 0.598000 0.834667 0.020000 0.034667
3 0.672333 0.843667 0.054000 0.050000
3 0.496000 0.940667 0.060000 0.069333
3 0.345667 0.883667 0.054000 0.060667
2 0.267333 0.865667 0.069333 0.070000
2 0.200333 0.842667 0.051333 0.062667
2 0.170000 0.907333 0.069333 0.072000
2 0.134000 0.804667 0.122667 0.089333
2 0.156667 0.861333 0.032000 0.036000
2 0.234000 0.945333 0.080000 0.096000
3 0.299333 0.779000 0.064000 0.092667
3 0.227333 0.761333 0.064000 0.064000
3 0.377667 0.570000 0.059333 0.072000
3 0.239667 0.565667 0.086000 0.070000
3 0.316667 0.554333 0.024000 0.022000
2 0.138000 0.570667 0.094667 0.070667
2 0.114667 0.650333 0.092000 0.094000
2 0.198667 0.649667 0.081333 0.087333
2 0.156333 0.727333 0.088667 0.093333
2 0.285667 0.640667 0.088667 0.094667
2 0.355667 0.643667 0.074000 0.080667
2 0.426333 0.672000 0.084667 0.078667
3 0.393667 0.746667 0.078000 0.065333
3 0.608333 0.556333 0.059333 0.051333
3 0.582000 0.635000 0.045333 0.050000
3 0.506000 0.671333 0.066667 0.077333
3 0.474333 0.745667 0.060667 0.054000
2 0.668667 0.583667 0.036000 0.036667
2 0.671667 0.501000 0.047333 0.051333
3 0.757667 0.559000 0.094000 0.083333
3 0.837667 0.601000 0.056667 0.059333
2 0.736667 0.627333 0.038667 0.032000
3 0.642667 0.660333 0.069333 0.080667
3 0.718667 0.697667 0.089333 0.083333
3 0.558333 0.713667 0.064667 0.062000
3 0.618333 0.758000 0.079333 0.098667
3 0.697333 0.779000 0.076000 0.079333
3 0.422333 0.899667 0.054000 0.051333
3 0.377667 0.804000 0.026000 0.029333
3 0.530000 0.796000 0.089333 0.094667
2 0.439667 0.855333 0.075333 0.042667
3 0.433333 0.813667 0.101333 0.074000
3 0.785667 0.482333 0.086000 0.072667
3 0.882667 0.458000 0.056000 0.062667
3 0.928667 0.366333 0.074667 0.082000
3 0.966000 0.463000 0.058667 0.075333
3 0.811333 0.401000 0.106667 0.087333
3 0.730000 0.358667 0.092000 0.089333
3 0.834333 0.322000 0.086000 0.076000
3 0.927667 0.278000 0.079333 0.074667
3 0.766000 0.274667 0.110667 0.081333
2 0.961667 0.138000 0.052667 0.061333
2 0.878667 0.115000 0.033333 0.038000
3 0.873667 0.178000 0.056667 0.066667
2 0.798667 0.178000 0.085333 0.108000
3 0.717333 0.150333 0.100000 0.083333
3 0.695333 0.238000 0.033333 0.044000
2 0.632667 0.224667 0.074667 0.062667
2 0.641667 0.172667 0.020667 0.022667
2 0.330000 0.489333 0.097333 0.097333
2 0.241667 0.484667 0.082000 0.062667
2 0.155000 0.499000 0.094000 0.086000
3 0.186000 0.424000 0.068000 0.064000
2 0.125000 0.431000 0.018000 0.019333
2 0.120667 0.357333 0.093333 0.086667
3 0.213667 0.348333 0.084667 0.082000
3 0.305000 0.351000 0.058000 0.051333
3 0.355000 0.402667 0.072667 0.068000
2 0.278333 0.410333 0.086000 0.078000
3 0.147333 0.304333 0.057333 0.047333
2 0.325000 0.271667 0.076667 0.082000
3 0.375000 0.329000 0.056667 0.059333
3 0.066000 0.283000 0.082667 0.068667
3 0.061333 0.217000 0.098667 0.063333
3 0.099333 0.167667 0.105333 0.090000
3 0.194667 0.148667 0.062667 0.066667
3 0.281333 0.081000 0.089333 0.075333
3 0.268000 0.173333 0.098667 0.106667
2 0.372333 0.087000 0.076667 0.084667
2 0.348000 0.178667 0.077333 0.101333
3 0.419333 0.172000 0.068000 0.106667
3 0.403667 0.254667 0.044667 0.044000
3 0.176667 0.231000 0.065333 0.075333
3 0.436000 0.041333 0.057333 0.065333
3 0.514667 0.056000 0.094667 0.080000
3 0.505667 0.139333 0.092667 0.086667
3 0.580667 0.154333 0.073333 0.080667
3 0.483333 0.222000 0.088000 0.073333
0 0.842333 0.793667 0.311333 0.332667
0 0.096333 0.510000 0.031333 0.041333
0 0.533000 0.430000 0.314000 0.358667
0 0.732667 0.471000 0.045333 0.071333
0 0.075667 0.716667 0.036667 0.030667
2 0.946000 0.951333 0.108000 0.097333
2 0.707333 0.961000 0.077333 0.078000
2 0.399000 0.965667 0.087333 0.068667
2 0.321333 0.950333 0.097333 0.099333
3 0.081667 0.044000 0.078000 0.084000
3 0.160333 0.036667 0.068667 0.066667
3 0.605667 0.040000 0.068667 0.078667
2 0.972000 0.576333 0.056000 0.087333
