2 0.885333 0.889667 0.138667 0.118000
2 0.766667 0.847667 0.109333 0.111333
2 0.677333 0.801000 0.064000 0.071333
2 0.593667 0.781667 0.083333 0.098000
2 0.525333 0.758667 0.068000 0.074667
2 0.921667 0.793333 0.072667 0.077333
1 0.865000 0.763333 0.051333 0.068000
1 0.797000 0.746333 0.087333 0.091333
1 0.712667 0.731000 0.090667 0.088667
1 0.641000 0.714333 0.055333 0.050000
1 0.554667 0.685000 0.094667 0.088667
1 0.501667 0.648333 0.087333 0.079333
2 0.446333 0.718667 0.111333 0.097333
2 0.345333 0.674667 0.138667 0.170667
2 0.253667 0.611333 0.124667 0.133333
1 0.161667 0.591333 0.075333 0.081333
2 0.060333 0.573333 0.119333 0.160000
2 0.158333 0.497667 0.064667 0.055333
1 0.053667 0.481667 0.086000 0.076667
1 0.100667 0.444000 0.072000 0.093333
1 0.048333 0.400333 0.071333 0.086000
1 0.107667 0.355000 0.096667 0.084667
1 0.202000 0.410333 0.108000 0.144667
1 0.146000 0.431667 0.062667 0.074000
1 0.105333 0.274000 0.096000 0.089333
2 0.078333 0.086333 0.114000 0.144667
2 0.184667 0.074667 0.098667 0.098667
1 0.150667 0.160000 0.100000 0.077333
1 0.163333 0.227333 0.122667 0.090667
2 0.237667 0.174000 0.084667 0.089333
2 0.271667 0.090000 0.091333 0.088000
1 0.263333 0.255000 0.092000 0.079333
1 0.207667 0.305333 0.111333 0.093333
1 0.328333 0.292333 0.091333 0.080667
1 0.286667 0.350333 0.097333 0.086000
1 0.284000 0.440000 0.108000 0.129333
1 0.261000 0.513000 0.048667 0.060667
1 0.214333 0.525333 0.052667 0.058667
1 0.328667 0.198333 0.094667 0.102000
1 0.366000 0.089333 0.100000 0.102667
2 0.468000 0.106000 0.093333 0.138667
1 0.430333 0.205000 0.112667 0.115333
1 0.427333 0.297000 0.097333 0.087333
1 0.392333 0.375333 0.111333 0.110667
1 0.373000 0.455333 0.094000 0.088000
1 0.355667 0.519000 0.092667 0.090000
2 0.585667 0.040000 0.111333 0.078667
2 0.552333 0.119333 0.096667 0.106667
2 0.686000 0.048333 0.090667 0.095333
2 0.647333 0.124667 0.101333 0.104000
2 0.926000 0.113667 0.102667 0.095333
1 0.804000 0.123667 0.140000 0.116667
2 0.775333 0.186333 0.065333 0.042000
2 0.699333 0.217667 0.050667 0.056667
1 0.518667 0.200000 0.066667 0.065333
1 0.506333 0.256667 0.086000 0.090667
1 0.599333 0.192667 0.110667 0.101333
1 0.614667 0.282333 0.105333 0.108667
1 0.793000 0.258667 0.118000 0.120000
2 0.898000 0.202000 0.110667 0.100000
1 0.903000 0.275000 0.054000 0.051333
1 0.959333 0.317667 0.081333 0.074000
1 0.796333 0.348333 0.050000 0.054000
1 0.708333 0.317667 0.051333 0.046000
1 0.715000 0.272000 0.048667 0.042667
1 0.680000 0.274667 0.033333 0.042667
1 0.686000 0.362333 0.065333 0.056667
1 0.543000 0.342667 0.062000 0.073333
1 0.488667 0.393000 0.129333 0.120667
1 0.458333 0.497667 0.110000 0.080667
1 0.550000 0.452667 0.109333 0.096000
1 0.883667 0.371667 0.118000 0.118000
2 0.967000 0.421667 0.066000 0.072667
1 0.911000 0.490667 0.084667 0.092000
1 0.953000 0.577000 0.087333 0.080667
2 0.839000 0.549000 0.148667 0.108667
2 0.798667 0.635000 0.157333 0.119333
1 0.822667 0.439000 0.102667 0.119333
1 0.727667 0.422000 0.112667 0.129333
1 0.621667 0.387667 0.094000 0.111333
1 0.677000 0.505333 0.147333 0.129333
1 0.879667 0.699000 0.083333 0.072667
1 0.661000 0.651000 0.107333 0.095333
2 0.626667 0.585333 0.134667 0.094667
1 0.504667 0.589333 0.064000 0.053333
1 0.404667 0.615667 0.064000 0.060667
1 0.428667 0.584000 0.105333 0.097333
1 0.554333 0.538333 0.120667 0.118000
0 0.078000 0.929000 0.046667 0.048667
0 0.014333 0.932667 0.027333 0.041333
0 0.743333 0.336667 0.041333 0.044000
0 0.838333 0.834000 0.052667 0.050667
0 0.933667 0.286667 0.028667 0.040000
2 0.951333 0.688667 0.097333 0.170667
2 0.971333 0.494667 0.057333 0.070667
2 0.917000 0.040333 0.119333 0.078000
2 0.799333 0.034333 0.133333 0.067333
2 0.413333 0.025000 0.124000 0.047333
1 0.047333 0.166667 0.093333 0.105333
1 0.035333 0.258000 0.069333 0.112000
