2 0.395333 0.035667 0.058667 0.068667
2 0.475000 0.059667 0.071333 0.084667
2 0.442333 0.149000 0.055333 0.055333
2 0.364000 0.165667 0.062667 0.055333
2 0.318667 0.043333 0.072000 0.069333
2 0.224333 0.090000 0.042000 0.045333
2 0.293667 0.109333 0.052667 0.054667
2 0.214667 0.144333 0.058667 0.048667
2 0.271333 0.184333 0.069333 0.087333
2 0.334667 0.250000 0.068000 0.068000
2 0.242333 0.297667 0.075333 0.078000
2 0.165333 0.311333 0.054667 0.041333
2 0.065333 0.034333 0.076000 0.062000
2 0.059000 0.097000 0.116667 0.103333
2 0.152000 0.367667 0.100000 0.082000
2 0.059333 0.350667 0.066667 0.066667
2 0.097667 0.271333 0.116667 0.092000
2 0.114000 0.435000 0.057333 0.042000
2 0.050000 0.421333 0.098667 0.097333
2 0.166000 0.457333 0.049333 0.066667
2 0.221000 0.453333 0.056667 0.061333
2 0.144667 0.553667 0.037333 0.046000
2 0.113000 0.522000 0.055333 0.068000
2 0.085333 0.685333 0.064000 0.064000
2 0.050667 0.788667 0.030667 0.034667
2 0.075000 0.762000 0.035333 0.026667
2 0.042333 0.853667 0.072667 0.076667
2 0.119000 0.808000 0.050000 0.048000
2 0.101667 0.887667 0.082000 0.078000
2 0.085667 0.960667 0.080667 0.078667
2 0.172667 0.934333 0.066667 0.074000
2 0.248667 0.913667 0.106667 0.087333
2 0.191000 0.860000 0.066000 0.066667
2 0.152667 0.730333 0.076000 0.076667
2 0.180333 0.663000 0.054000 0.052667
1 0.241000 0.713333 0.070000 0.070667
1 0.207000 0.783667 0.098000 0.075333
1 0.304667 0.757333 0.105333 0.102667
1 0.268000 0.831667 0.090667 0.082000
2 0.380000 0.845000 0.136000 0.144667
2 0.414000 0.735667 0.096000 0.082000
1 0.328000 0.663667 0.126667 0.118000
2 0.252333 0.631667 0.078000 0.090000
2 0.260667 0.533667 0.064000 0.060667
2 0.338667 0.569667 0.101333 0.088667
2 0.425000 0.608000 0.090000 0.124000
2 0.523000 0.616333 0.096667 0.112667
2 0.559667 0.563667 0.046000 0.048667
2 0.506333 0.720333 0.086000 0.087333
2 0.601333 0.683667 0.096000 0.096667
2 0.636667 0.765667 0.066667 0.072667
2 0.568667 0.770333 0.066667 0.076667
2 0.514000 0.969000 0.040000 0.046000
2 0.674333 0.621333 0.055333 0.061333
2 0.612667 0.611333 0.060000 0.064000
2 0.304000 0.454667 0.098667 0.122667
1 0.366667 0.484333 0.093333 0.079333
2 0.391000 0.409333 0.070000 0.068000
2 0.345333 0.333667 0.028000 0.024667
2 0.486667 0.397667 0.108000 0.083333
2 0.464000 0.492667 0.121333 0.137333
2 0.555667 0.500333 0.079333 0.086000
2 0.614000 0.478667 0.034667 0.034667
2 0.690333 0.497667 0.051333 0.050000
3 0.704667 0.556667 0.069333 0.076000
2 0.628333 0.533000 0.080667 0.104667
2 0.781667 0.568667 0.082000 0.069333
2 0.744667 0.410333 0.098667 0.114000
2 0.679667 0.415667 0.044667 0.066000
2 0.652667 0.448333 0.062667 0.062000
2 0.577667 0.368333 0.107333 0.144667
2 0.414667 0.249000 0.102667 0.142000
2 0.527000 0.219333 0.152667 0.160000
2 0.541000 0.123333 0.083333 0.085333
2 0.661000 0.096333 0.059333 0.078000
2 0.626333 0.149000 0.092667 0.119333
2 0.726333 0.129000 0.048667 0.043333
2 0.921667 0.074000 0.119333 0.133333
2 0.898000 0.165000 0.069333 0.059333
2 0.783333 0.187667 0.185333 0.144667
2 0.877667 0.216333 0.051333 0.048667
2 0.766000 0.302667 0.117333 0.098667
2 0.878333 0.283667 0.111333 0.086000
2 0.846667 0.374667 0.092000 0.088000
2 0.941333 0.428333 0.104000 0.090000
2 0.806000 0.466667 0.074667 0.070667
2 0.911667 0.510000 0.111333 0.089333
2 0.887667 0.604000 0.120667 0.106667
2 0.864000 0.669000 0.088000 0.076667
3 0.833333 0.735000 0.081333 0.072667
3 0.816000 0.797000 0.066667 0.051333
2 0.923333 0.791333 0.132000 0.112000
2 0.947000 0.906667 0.106000 0.093333
0 0.473000 0.911333 0.054000 0.057333
0 0.517667 0.882667 0.046000 0.064000
0 0.586333 0.968000 0.070000 0.060000
0 0.656667 0.951333 0.044000 0.053333
0 0.725000 0.945000 0.058000 0.056667
0 0.582333 0.889333 0.086000 0.085333
0 0.654333 0.849667 0.072667 0.079333
0 0.692333 0.739667 0.055333 0.060667
0 0.769000 0.717667 0.064667 0.054000
0 0.772667 0.643667 0.065333 0.071333
0 0.300000 0.330333 0.042667 0.050000
0 0.656333 0.307667 0.043333 0.038000
0 0.640333 0.224000 0.058000 0.045333
0 0.180000 0.239333 0.057333 0.064000
0 0.117333 0.217667 0.050667 0.036667
2 0.039000 0.504000 0.076667 0.085333
2 0.559667 0.042667 0.150000 0.084000
2 0.728333 0.049667 0.106000 0.098000
2 0.838667 0.056667 0.113333 0.112000
2 0.933000 0.067000 0.104667 0.128667
2 0.953000 0.161333 0.094000 0.088000
2 0.968000 0.235000 0.064000 0.091333
2 0.952333 0.334000 0.095333 0.110667
2 0.955000 0.689667 0.090000 0.099333
