2 0.043667 0.062667 0.086000 0.105333
2 0.126667 0.092000 0.068000 0.053333
2 0.116667 0.152667 0.085333 0.073333
2 0.077667 0.221333 0.092667 0.097333
3 0.048000 0.289333 0.044000 0.046667
2 0.183333 0.201667 0.042667 0.058000
2 0.283333 0.148333 0.070667 0.079333
2 0.203000 0.119667 0.084667 0.091333
2 0.343333 0.203000 0.068000 0.083333
2 0.425667 0.205000 0.091333 0.091333
2 0.415333 0.285667 0.073333 0.087333
2 0.320667 0.288333 0.101333 0.087333
2 0.246000 0.226000 0.093333 0.101333
2 0.149333 0.261667 0.094667 0.078000
2 0.219000 0.313000 0.047333 0.039333
2 0.209667 0.353667 0.048667 0.046000
2 0.131333 0.330333 0.092000 0.079333
2 0.041000 0.356667 0.078000 0.068000
2 0.104333 0.394000 0.059333 0.057333
2 0.175667 0.403000 0.060667 0.052667
2 0.367333 0.363333 0.061333 0.068000
2 0.282000 0.367000 0.098667 0.108667
2 0.059667 0.465000 0.115333 0.128667
2 0.046333 0.556000 0.083333 0.058667
2 0.156333 0.501667 0.058000 0.058000
2 0.246667 0.489333 0.128000 0.156000
2 0.372333 0.443333 0.090000 0.100000
2 0.343000 0.524000 0.084667 0.084000
2 0.298333 0.618333 0.084667 0.091333
2 0.201333 0.613667 0.140000 0.107333
2 0.115333 0.615000 0.034667 0.040667
2 0.160333 0.697667 0.124667 0.078000
2 0.266000 0.694000 0.082667 0.073333
2 0.244000 0.762000 0.061333 0.068000
2 0.145000 0.770333 0.119333 0.112667
2 0.055000 0.817667 0.083333 0.076667
2 0.134667 0.856667 0.090667 0.081333
2 0.236000 0.853000 0.132000 0.124667
2 0.303000 0.935667 0.079333 0.079333
2 0.398667 0.890667 0.052000 0.074667
2 0.337000 0.863000 0.083333 0.091333
2 0.359000 0.783667 0.127333 0.088667
2 0.385333 0.699667 0.156000 0.076667
2 0.399667 0.613667 0.116667 0.090000
3 0.493000 0.572000 0.048667 0.057333
2 0.431333 0.542000 0.105333 0.092000
2 0.469333 0.450333 0.109333 0.119333
2 0.542667 0.455333 0.069333 0.065333
2 0.463333 0.723333 0.074667 0.098667
2 0.557000 0.374000 0.143333 0.117333
2 0.491667 0.322000 0.079333 0.078667
2 0.511667 0.260333 0.050000 0.050000
2 0.670667 0.327333 0.073333 0.076000
2 0.658667 0.409000 0.065333 0.083333
2 0.612667 0.455333 0.032000 0.034667
2 0.745667 0.382333 0.079333 0.083333
2 0.857000 0.313000 0.090000 0.111333
2 0.933333 0.340667 0.096000 0.150667
2 0.755333 0.302000 0.070667 0.072000
2 0.393000 0.069333 0.084667 0.093333
2 0.474333 0.095000 0.080667 0.114000
2 0.559333 0.096000 0.100000 0.105333
2 0.586000 0.037333 0.096000 0.070667
2 0.543667 0.179667 0.080667 0.078000
2 0.678667 0.080000 0.072000 0.070667
2 0.743000 0.112333 0.043333 0.056667
2 0.763000 0.051000 0.044667 0.048667
2 0.847333 0.041000 0.042667 0.050000
2 0.916667 0.073333 0.052000 0.062667
3 0.896000 0.143667 0.060000 0.055333
2 0.883333 0.212000 0.090667 0.073333
1 0.823333 0.086333 0.068000 0.052667
2 0.811667 0.138667 0.078000 0.078667
2 0.636667 0.131667 0.058667 0.059333
1 0.641667 0.188667 0.079333 0.062667
2 0.712667 0.172000 0.068000 0.060000
2 0.789667 0.229667 0.091333 0.094000
1 0.695333 0.243000 0.092000 0.084667
2 0.598667 0.266667 0.109333 0.098667
2 0.890333 0.445667 0.092667 0.084667
2 0.804333 0.463000 0.092667 0.086000
2 0.710333 0.458667 0.086000 0.069333
2 0.599667 0.528333 0.083333 0.075333
2 0.688000 0.538000 0.105333 0.092000
2 0.782000 0.538000 0.090667 0.077333
2 0.864000 0.538667 0.134667 0.132000
2 0.957000 0.533000 0.062000 0.071333
2 0.559667 0.620333 0.087333 0.084667
2 0.650333 0.626667 0.082000 0.077333
2 0.757000 0.622667 0.051333 0.056000
2 0.840333 0.665000 0.118000 0.120667
2 0.928000 0.628667 0.098667 0.106667
2 0.971000 0.717000 0.051333 0.047333
2 0.904667 0.705667 0.072000 0.086000
2 0.752000 0.710333 0.110667 0.122000
2 0.637667 0.707000 0.107333 0.083333
2 0.553000 0.701000 0.056667 0.079333
2 0.940333 0.798333 0.118000 0.102000
2 0.823000 0.767000 0.091333 0.083333
2 0.710333 0.799333 0.075333 0.066667
2 0.636333 0.789000 0.054000 0.050000
2 0.785333 0.838667 0.094667 0.088000
2 0.878000 0.891333 0.106667 0.126667
2 0.924333 0.962667 0.094000 0.074667
2 0.756333 0.910667 0.116667 0.104000
2 0.676333 0.875333 0.082000 0.086667
2 0.594667 0.869000 0.096000 0.115333
2 0.521667 0.785333 0.114000 0.100000
2 0.495000 0.869000 0.111333 0.140667
2 0.585000 0.962000 0.076667 0.076000
2 0.506000 0.021667 0.068000 0.042000
0 0.828000 0.377000 0.077333 0.067333
0 0.949667 0.250000 0.050000 0.044000
0 0.986000 0.023333 0.024000 0.036000
2 0.734000 0.969000 0.077333 0.058000
2 0.830333 0.971000 0.111333 0.056667
2 0.462333 0.956667 0.179333 0.086667
2 0.154000 0.955000 0.096000 0.090000
2 0.128667 0.030667 0.077333 0.060000
2 0.239667 0.054333 0.119333 0.106000
2 0.960667 0.178000 0.078667 0.124000
2 0.648333 0.963667 0.060667 0.072667
2 0.039667 0.616000 0.078000 0.074667
