1 0.869333 0.843333 0.070667 0.137333
1 0.812667 0.789667 0.060000 0.078000
1 0.760000 0.807667 0.065333 0.080667
1 0.939667 0.699667 0.094000 0.088667
2 0.947333 0.753333 0.040000 0.037333
2 0.912667 0.769000 0.037333 0.036667
1 0.870000 0.682333 0.089333 0.107333
1 0.943667 0.460000 0.103333 0.090667
1 0.943000 0.371333 0.102000 0.098667
2 0.646667 0.776667 0.158667 0.178667
2 0.758333 0.704333 0.128667 0.140667
1 0.802000 0.642000 0.053333 0.060000
1 0.734000 0.604000 0.102667 0.061333
1 0.808333 0.574000 0.079333 0.068000
1 0.830000 0.512000 0.133333 0.161333
1 0.852000 0.412667 0.086667 0.070667
1 0.862667 0.332333 0.098667 0.095333
1 0.772667 0.290333 0.097333 0.087333
1 0.764667 0.393333 0.108000 0.124000
1 0.773000 0.528667 0.055333 0.064000
1 0.710333 0.539333 0.086000 0.068000
1 0.632333 0.640333 0.114000 0.115333
2 0.513000 0.731000 0.188667 0.187333
1 0.435333 0.646667 0.113333 0.092000
1 0.469000 0.587667 0.080667 0.048667
1 0.572333 0.592667 0.115333 0.082667
1 0.474333 0.544667 0.088667 0.073333
1 0.515000 0.501667 0.087333 0.098000
1 0.686667 0.482667 0.077333 0.069333
1 0.609000 0.499667 0.116667 0.116667
1 0.692333 0.412000 0.070000 0.072000
1 0.623000 0.398667 0.086000 0.098667
1 0.561000 0.401000 0.059333 0.067333
1 0.661333 0.325333 0.101333 0.088000
1 0.583667 0.297000 0.083333 0.086000
2 0.698000 0.254000 0.044000 0.036000
1 0.876000 0.242000 0.100000 0.081333
1 0.937333 0.035667 0.097333 0.071333
1 0.859000 0.136667 0.134000 0.098667
2 0.829333 0.056000 0.065333 0.053333
1 0.744667 0.193333 0.098667 0.085333
1 0.754667 0.099000 0.097333 0.110000
1 0.632667 0.210667 0.100000 0.102667
1 0.689000 0.145000 0.090000 0.084667
1 0.683333 0.063000 0.096000 0.087333
1 0.603333 0.112667 0.089333 0.098667
2 0.558333 0.180333 0.092667 0.091333
1 0.351333 0.626000 0.052000 0.053333
1 0.391000 0.547000 0.050000 0.047333
1 0.296000 0.596667 0.170667 0.141333
1 0.187667 0.572667 0.118000 0.106667
1 0.258000 0.498333 0.132000 0.108667
1 0.436667 0.461667 0.108000 0.084667
1 0.473667 0.412000 0.046000 0.044000
1 0.513667 0.364333 0.110000 0.115333
1 0.512667 0.260000 0.098667 0.098667
1 0.079667 0.436000 0.119333 0.100000
1 0.333333 0.446667 0.112000 0.097333
1 0.202000 0.442000 0.089333 0.081333
1 0.127667 0.492667 0.095333 0.097333
1 0.139333 0.385000 0.061333 0.064667
1 0.042000 0.347667 0.084000 0.151333
1 0.107667 0.323333 0.078000 0.077333
1 0.207000 0.356333 0.115333 0.122000
1 0.404667 0.354667 0.133333 0.134667
1 0.306000 0.326667 0.097333 0.118667
1 0.063333 0.226667 0.102667 0.096000
1 0.157000 0.220000 0.107333 0.129333
1 0.230667 0.270333 0.101333 0.127333
1 0.084667 0.113333 0.148000 0.136000
1 0.194000 0.111667 0.102667 0.118000
1 0.282000 0.118333 0.090667 0.098000
2 0.248000 0.185667 0.056000 0.052667
1 0.329667 0.224333 0.114000 0.114000
1 0.436667 0.234333 0.128000 0.130000
1 0.376333 0.137000 0.118000 0.108667
1 0.381000 0.044333 0.162000 0.088667
1 0.499000 0.096667 0.147333 0.138667
1 0.927667 0.864000 0.054000 0.088000
0 0.963000 0.262000 0.048667 0.045333
1 0.760667 0.030667 0.106667 0.061333
1 0.046667 0.027000 0.080000 0.054000
