2 0.046333 0.103333 0.088667 0.092000
2 0.125000 0.054000 0.107333 0.106667
1 0.183333 0.107333 0.132000 0.080000
1 0.175000 0.187000 0.112667 0.087333
2 0.086333 0.260000 0.054000 0.056000
1 0.158333 0.272667 0.112667 0.102667
1 0.182667 0.251333 0.080000 0.062667
1 0.255667 0.277667 0.082000 0.087333
1 0.271000 0.160667 0.084667 0.101333
2 0.338000 0.288000 0.072000 0.077333
1 0.356333 0.205333 0.088667 0.093333
2 0.377667 0.108333 0.156667 0.151333
1 0.506667 0.083000 0.101333 0.126000
2 0.428333 0.319000 0.111333 0.148667
2 0.534000 0.209667 0.153333 0.154000
2 0.516000 0.326000 0.077333 0.073333
1 0.589000 0.083667 0.074000 0.088667
2 0.687667 0.054333 0.087333 0.088667
2 0.817667 0.121000 0.150000 0.111333
1 0.942000 0.085667 0.101333 0.090000
1 0.921667 0.171333 0.106000 0.094667
1 0.890333 0.242000 0.051333 0.069333
1 0.796000 0.217667 0.160000 0.107333
1 0.657667 0.140000 0.111333 0.078667
1 0.628667 0.206667 0.092000 0.088000
1 0.614667 0.288000 0.100000 0.100000
1 0.692333 0.285000 0.075333 0.116667
1 0.786000 0.315667 0.101333 0.124667
2 0.874333 0.355333 0.100667 0.092000
1 0.962000 0.344333 0.076000 0.058000
1 0.959333 0.408333 0.081333 0.074000
2 0.851667 0.437333 0.148667 0.093333
2 0.488333 0.403667 0.083333 0.079333
2 0.586667 0.393667 0.100000 0.078000
1 0.693000 0.412667 0.123333 0.130667
1 0.730333 0.485667 0.054000 0.054000
2 0.816667 0.526000 0.168000 0.124000
1 0.928000 0.513667 0.073333 0.082000
2 0.785333 0.617667 0.105333 0.095333
2 0.894667 0.610000 0.129333 0.110667
2 0.779667 0.686333 0.047333 0.044667
2 0.855000 0.688333 0.044667 0.054000
2 0.951000 0.734333 0.050000 0.040667
2 0.929000 0.783000 0.051333 0.054000
2 0.828667 0.769000 0.197333 0.112667
2 0.823667 0.863667 0.102000 0.087333
2 0.928333 0.863000 0.116667 0.094000
2 0.900000 0.950333 0.096000 0.088667
2 0.796000 0.955667 0.093333 0.088667
2 0.711000 0.970333 0.074000 0.059333
2 0.632667 0.908333 0.113333 0.151333
2 0.538333 0.947667 0.083333 0.096667
2 0.437667 0.955667 0.076667 0.088667
2 0.380667 0.483000 0.065333 0.090000
2 0.465333 0.505667 0.112000 0.119333
2 0.444333 0.574000 0.048667 0.050667
1 0.570333 0.499000 0.108667 0.142000
1 0.665000 0.527333 0.118000 0.109333
1 0.616000 0.605667 0.128000 0.119333
2 0.703667 0.641000 0.078000 0.083333
2 0.671000 0.703000 0.092667 0.075333
2 0.594667 0.692667 0.068000 0.070667
2 0.516333 0.615667 0.083333 0.075333
2 0.490333 0.707333 0.051333 0.077333
2 0.568667 0.776333 0.158667 0.182000
2 0.468667 0.804000 0.092000 0.142667
3 0.413333 0.704000 0.061333 0.062667
2 0.382000 0.798333 0.070667 0.059333
2 0.286000 0.846667 0.065333 0.070667
2 0.393333 0.861000 0.032000 0.023333
2 0.318000 0.725333 0.076000 0.066667
3 0.338000 0.644667 0.038667 0.041333
2 0.360667 0.576000 0.064000 0.068000
2 0.309000 0.469667 0.094000 0.119333
2 0.291667 0.542667 0.031333 0.040000
2 0.265667 0.616333 0.050000 0.040667
2 0.261667 0.675333 0.052667 0.061333
2 0.059000 0.371333 0.072667 0.072000
2 0.220667 0.370333 0.098667 0.090000
2 0.313333 0.361667 0.092000 0.086000
2 0.124333 0.420333 0.132667 0.112667
2 0.228333 0.447000 0.078000 0.071333
2 0.039667 0.479000 0.072667 0.076667
2 0.106333 0.509333 0.094000 0.088000
2 0.205000 0.537667 0.122000 0.122000
2 0.112000 0.576000 0.074667 0.060000
2 0.036000 0.556000 0.070667 0.086667
2 0.098000 0.647667 0.141333 0.091333
2 0.166667 0.692667 0.037333 0.042667
2 0.075667 0.728667 0.150000 0.090667
2 0.146000 0.817000 0.109333 0.103333
2 0.197333 0.901667 0.104000 0.094000
2 0.164000 0.974333 0.060000 0.051333
2 0.215333 0.845000 0.057333 0.052667
2 0.113667 0.896333 0.084667 0.072667
2 0.050667 0.810000 0.100000 0.086667
0 0.704000 0.845333 0.057333 0.041333
0 0.481667 0.898000 0.059333 0.042667
0 0.351333 0.860667 0.054667 0.057333
0 0.237333 0.775000 0.070667 0.063333
0 0.375333 0.393333 0.038667 0.048000
2 0.068333 0.963667 0.115333 0.072667
2 0.038333 0.887000 0.075333 0.099333
2 0.035667 0.284333 0.070000 0.094000
2 0.051000 0.178667 0.100667 0.136000
1 0.948333 0.268333 0.103333 0.111333
1 0.972667 0.549000 0.054667 0.078000
2 0.959000 0.657667 0.082000 0.111333
