2 0.070333 0.063667 0.088667 0.087333
2 0.090333 0.147000 0.104667 0.084667
2 0.200667 0.073333 0.120000 0.140000
2 0.386000 0.118000 0.118667 0.172000
2 0.207667 0.197000 0.111333 0.092667
2 0.099333 0.256000 0.192000 0.161333
2 0.511333 0.104667 0.132000 0.166667
2 0.464000 0.187000 0.106667 0.094000
2 0.644667 0.101667 0.096000 0.094000
2 0.737667 0.041333 0.087333 0.078667
2 0.889667 0.051000 0.086000 0.087333
2 0.841000 0.125333 0.124667 0.120000
2 0.714000 0.133000 0.073333 0.123333
2 0.894667 0.208000 0.073333 0.085333
2 0.822000 0.226667 0.065333 0.102667
2 0.752000 0.246667 0.089333 0.132000
2 0.116000 0.401000 0.141333 0.118000
2 0.208333 0.438000 0.087333 0.061333
2 0.253667 0.364000 0.152667 0.169333
2 0.262333 0.295333 0.118000 0.201333
2 0.359667 0.269667 0.095333 0.124667
2 0.454333 0.274000 0.082000 0.082667
2 0.357667 0.375333 0.063333 0.074667
2 0.447333 0.369333 0.098667 0.104000
1 0.407667 0.442000 0.078000 0.061333
2 0.537000 0.276667 0.075333 0.097333
2 0.521000 0.363667 0.056667 0.079333
1 0.513333 0.447667 0.092000 0.088667
2 0.558667 0.397000 0.065333 0.043333
2 0.637000 0.318333 0.124667 0.186000
2 0.627667 0.186333 0.082000 0.080667
3 0.760667 0.138000 0.036000 0.056000
2 0.743667 0.358000 0.094000 0.081333
2 0.792667 0.422333 0.100000 0.083333
2 0.865333 0.404333 0.065333 0.080667
2 0.921667 0.422667 0.075333 0.108000
2 0.690333 0.466333 0.098000 0.092667
2 0.794333 0.501667 0.082000 0.083333
2 0.875333 0.519667 0.068000 0.075333
2 0.588333 0.462333 0.091333 0.087333
2 0.101333 0.507333 0.076000 0.086667
2 0.071333 0.569000 0.130667 0.115333
2 0.176333 0.528333 0.095333 0.155333
2 0.255000 0.511000 0.083333 0.082000
2 0.233333 0.578667 0.057333 0.060000
2 0.312667 0.589000 0.106667 0.114000
1 0.365333 0.506667 0.109333 0.121333
1 0.455667 0.522667 0.087333 0.133333
2 0.514667 0.535000 0.080000 0.091333
2 0.426000 0.601333 0.069333 0.070667
2 0.559667 0.614333 0.104667 0.094000
1 0.607000 0.546333 0.102000 0.108667
2 0.672000 0.575333 0.070667 0.120000
2 0.742333 0.573333 0.078000 0.104000
2 0.817333 0.617000 0.100000 0.096667
2 0.918000 0.593333 0.090667 0.094667
2 0.097000 0.672000 0.115333 0.112000
2 0.057000 0.768333 0.104667 0.083333
2 0.205667 0.673333 0.095333 0.096000
2 0.287000 0.695333 0.088667 0.104000
2 0.173000 0.769333 0.111333 0.104000
2 0.150667 0.875000 0.110667 0.115333
2 0.257667 0.864333 0.083333 0.080667
2 0.320667 0.800333 0.134667 0.111333
2 0.243333 0.951000 0.070667 0.079333
2 0.371667 0.690000 0.106000 0.104000
1 0.459000 0.715667 0.052667 0.066000
2 0.531333 0.694000 0.094667 0.101333
2 0.517333 0.786000 0.128000 0.098667
2 0.644667 0.713667 0.140000 0.146000
2 0.616000 0.795667 0.066667 0.051333
2 0.431333 0.901000 0.053333 0.071333
2 0.536667 0.888667 0.141333 0.132000
2 0.724333 0.705333 0.044667 0.065333
2 0.808333 0.712333 0.115333 0.090000
2 0.916667 0.713667 0.088000 0.082000
2 0.875667 0.781000 0.063333 0.058000
2 0.955333 0.823000 0.089333 0.142000
2 0.880667 0.850333 0.088000 0.080667
2 0.809000 0.795000 0.060667 0.078000
2 0.722333 0.794000 0.107333 0.106667
2 0.642333 0.890000 0.075333 0.106667
2 0.709333 0.914333 0.102667 0.124667
2 0.788667 0.891333 0.070667 0.070667
0 0.323667 0.932667 0.070000 0.072000
0 0.858333 0.267000 0.039333 0.040667
2 0.827333 0.939333 0.174667 0.121333
2 0.019333 0.672000 0.037333 0.110667
2 0.962000 0.121667 0.076000 0.070000
2 0.951667 0.978000 0.064667 0.044000
