2 0.918667 0.752667 0.072000 0.062667
2 0.903333 0.662000 0.169333 0.173333
2 0.807000 0.698333 0.038000 0.064667
1 0.744333 0.691333 0.092667 0.101333
2 0.811000 0.753000 0.059333 0.050000
2 0.941000 0.836000 0.103333 0.101333
1 0.912667 0.927333 0.140000 0.104000
1 0.851333 0.836000 0.104000 0.132000
1 0.775667 0.866333 0.078000 0.071333
1 0.766333 0.795667 0.082000 0.082000
2 0.648667 0.713333 0.062667 0.096000
2 0.581667 0.729000 0.079333 0.084667
2 0.508000 0.756667 0.068000 0.070667
2 0.574333 0.805000 0.094000 0.087333
1 0.670667 0.914667 0.096000 0.098667
1 0.716000 0.854667 0.077333 0.061333
1 0.673000 0.810000 0.075333 0.077333
1 0.621667 0.856000 0.086000 0.080000
1 0.536000 0.905000 0.157333 0.190000
1 0.423000 0.910000 0.094000 0.122667
1 0.384000 0.841333 0.049333 0.060000
1 0.394333 0.770667 0.082000 0.098667
1 0.314667 0.782333 0.092000 0.119333
2 0.236000 0.814333 0.062667 0.070000
1 0.166667 0.830333 0.109333 0.146000
1 0.097667 0.845000 0.050000 0.114000
1 0.063000 0.874000 0.047333 0.105333
1 0.024000 0.875333 0.036000 0.069333
1 0.144333 0.965333 0.054000 0.066667
1 0.348667 0.929667 0.088000 0.091333
1 0.289667 0.879000 0.094000 0.090000
1 0.226333 0.884000 0.068667 0.066667
1 0.225667 0.955667 0.088667 0.080667
0 0.928333 0.298667 0.142000 0.168000
0 0.938667 0.154333 0.121333 0.155333
0 0.847667 0.080333 0.030000 0.022000
0 0.829000 0.153000 0.039333 0.039333
0 0.667667 0.111000 0.052667 0.043333
0 0.643667 0.284333 0.131333 0.170000
0 0.481333 0.131000 0.097333 0.083333
0 0.505333 0.189000 0.124000 0.076667
0 0.527667 0.301000 0.184667 0.147333
0 0.465000 0.457000 0.200667 0.172667
0 0.139333 0.567333 0.132000 0.106667
0 0.217667 0.517333 0.074000 0.077333
0 0.267333 0.464000 0.078667 0.073333
0 0.323667 0.413000 0.088667 0.070000
0 0.059333 0.442333 0.106667 0.106000
0 0.130333 0.402000 0.070000 0.086667
0 0.224000 0.371667 0.126667 0.108667
0 0.357000 0.323333 0.100667 0.106667
0 0.253333 0.265667 0.125333 0.103333
0 0.065667 0.328000 0.114000 0.093333
0 0.327333 0.204667 0.068000 0.082667
0 0.363333 0.069000 0.077333 0.083333
0 0.411000 0.028667 0.083333 0.053333
0 0.210333 0.111667 0.188667 0.132667
0 0.153000 0.229333 0.135333 0.097333
0 0.042667 0.158667 0.085333 0.097333
2 0.061333 0.956667 0.118667 0.086667
2 0.797000 0.964667 0.118000 0.070667
