1 0.955667 0.856333 0.062000 0.082000
2 0.897333 0.845000 0.070667 0.080667
2 0.909000 0.936333 0.091333 0.111333
1 0.841000 0.902667 0.055333 0.068000
1 0.838333 0.964333 0.050000 0.047333
2 0.782667 0.913667 0.077333 0.076667
1 0.808333 0.817333 0.082000 0.100000
1 0.727667 0.803000 0.082000 0.116667
2 0.659667 0.778667 0.071333 0.098667
2 0.657667 0.864333 0.091333 0.083333
1 0.651667 0.936667 0.079333 0.074667
1 0.601000 0.777333 0.050000 0.073333
1 0.548667 0.754667 0.068000 0.100000
1 0.503333 0.748333 0.036000 0.071333
2 0.454333 0.740667 0.076667 0.089333
1 0.433333 0.826667 0.118667 0.100000
1 0.527333 0.852000 0.094667 0.100000
1 0.591000 0.841333 0.052667 0.065333
1 0.573667 0.899667 0.048667 0.040667
2 0.578333 0.964333 0.078000 0.060667
2 0.500000 0.933667 0.078667 0.080667
2 0.398000 0.924667 0.108000 0.106667
2 0.204333 0.610000 0.110000 0.097333
2 0.107000 0.576667 0.110000 0.105333
2 0.069333 0.658667 0.076000 0.077333
2 0.130000 0.674000 0.094667 0.080000
1 0.214000 0.685667 0.093333 0.082000
2 0.213000 0.776000 0.122000 0.101333
1 0.106667 0.751000 0.098667 0.074000
2 0.039667 0.735667 0.072667 0.074000
1 0.111333 0.833000 0.098667 0.087333
1 0.037333 0.804000 0.070667 0.070667
1 0.068000 0.907333 0.106667 0.105333
2 0.167333 0.896000 0.061333 0.064000
0 0.862667 0.334000 0.036000 0.038667
0 0.883000 0.018333 0.036667 0.034000
0 0.710333 0.549000 0.034000 0.038000
2 0.062000 0.972333 0.105333 0.054000
2 0.032000 0.546000 0.062667 0.116000
2 0.976333 0.940333 0.047333 0.062000
