3 0.090667 0.209000 0.070667 0.063333
1 0.062000 0.270667 0.048000 0.042667
3 0.045333 0.336000 0.064000 0.068000
2 0.121667 0.346333 0.090000 0.074000
3 0.153333 0.287333 0.050667 0.056000
3 0.195333 0.270333 0.042667 0.050000
2 0.246333 0.253667 0.090000 0.118000
2 0.229000 0.322667 0.039333 0.033333
2 0.207333 0.138333 0.076000 0.083333
2 0.317333 0.055000 0.116000 0.107333
3 0.416667 0.031000 0.076000 0.059333
2 0.366000 0.140000 0.098667 0.112000
2 0.461667 0.160667 0.083333 0.128000
3 0.433333 0.271333 0.089333 0.080000
2 0.337667 0.244667 0.102000 0.097333
2 0.297000 0.351667 0.088667 0.078000
3 0.321000 0.301000 0.050000 0.048667
2 0.214000 0.369000 0.068000 0.060667
2 0.270000 0.436667 0.096000 0.076000
3 0.323333 0.475667 0.029333 0.026000
3 0.380000 0.474000 0.050667 0.041333
3 0.409000 0.358667 0.044667 0.046667
3 0.576333 0.128333 0.047333 0.040667
3 0.498667 0.052333 0.064000 0.064667
2 0.678000 0.099333 0.112000 0.121333
3 0.759667 0.150000 0.043333 0.042667
2 0.726667 0.204000 0.089333 0.060000
2 0.692667 0.274333 0.096000 0.088667
3 0.663000 0.351333 0.098000 0.072000
2 0.529333 0.255000 0.129333 0.116667
3 0.553667 0.166667 0.070000 0.061333
2 0.502667 0.352667 0.118667 0.094667
3 0.595333 0.313000 0.037333 0.042000
3 0.481667 0.413667 0.059333 0.038000
2 0.464000 0.469333 0.116000 0.084000
2 0.754667 0.376000 0.082667 0.078667
3 0.573667 0.441667 0.054000 0.063333
3 0.654667 0.430000 0.094667 0.084000
3 0.730667 0.462333 0.078667 0.096667
3 0.643333 0.507333 0.074667 0.072000
2 0.538667 0.530333 0.132000 0.139333
2 0.038000 0.396000 0.030667 0.030667
3 0.077667 0.479000 0.060667 0.062000
2 0.172000 0.464667 0.106667 0.125333
2 0.141333 0.564000 0.096000 0.078667
2 0.051667 0.558667 0.100667 0.105333
2 0.096000 0.647667 0.104000 0.082000
2 0.192667 0.651000 0.112000 0.130000
3 0.302000 0.580667 0.033333 0.033333
3 0.352667 0.580667 0.048000 0.068000
2 0.437000 0.582667 0.066000 0.084000
3 0.686000 0.549667 0.042667 0.036667
3 0.613000 0.581667 0.048667 0.051333
3 0.743333 0.580333 0.032000 0.030000
3 0.717667 0.625333 0.034000 0.052000
3 0.334667 0.666667 0.092000 0.098667
3 0.417000 0.672667 0.082000 0.085333
3 0.501333 0.657000 0.082667 0.075333
3 0.587667 0.646000 0.084667 0.077333
2 0.664000 0.652000 0.081333 0.089333
3 0.645000 0.729000 0.068667 0.070000
3 0.701000 0.730333 0.042000 0.044667
3 0.569333 0.727000 0.068000 0.064667
1 0.551333 0.785333 0.038667 0.046667
3 0.621333 0.792667 0.077333 0.050667
3 0.491000 0.746667 0.068667 0.057333
1 0.598667 0.862333 0.052000 0.068667
3 0.674333 0.856667 0.083333 0.082667
3 0.664000 0.954333 0.046667 0.071333
2 0.746667 0.923667 0.098667 0.086000
3 0.582333 0.960333 0.047333 0.070000
3 0.522000 0.943000 0.061333 0.099333
2 0.439000 0.941667 0.099333 0.116667
3 0.460667 0.832667 0.076000 0.089333
3 0.397000 0.761000 0.067333 0.072667
3 0.305667 0.769333 0.098000 0.090667
3 0.156333 0.754667 0.091333 0.081333
2 0.069000 0.741667 0.092667 0.082000
3 0.088333 0.806667 0.052667 0.042667
2 0.138000 0.865000 0.126667 0.115333
3 0.045667 0.908000 0.062000 0.062667
3 0.203667 0.943667 0.060667 0.052667
2 0.271667 0.887333 0.094000 0.120000
3 0.235000 0.820333 0.036667 0.046000
3 0.744333 0.824667 0.059333 0.072000
2 0.787333 0.852333 0.076000 0.087333
3 0.759333 0.745333 0.065333 0.066667
3 0.799667 0.767333 0.066000 0.070667
3 0.790667 0.682000 0.090667 0.072000
3 0.824667 0.547333 0.052000 0.052000
3 0.895333 0.515000 0.022667 0.028667
3 0.757333 0.529333 0.036000 0.033333
2 0.681333 0.587667 0.050667 0.040667
3 0.868667 0.730333 0.061333 0.059333
3 0.889667 0.640333 0.091333 0.092667
3 0.959000 0.690667 0.050000 0.054667
3 0.933000 0.747333 0.059333 0.053333
3 0.914667 0.821667 0.078667 0.076667
3 0.906333 0.888000 0.075333 0.070667
3 0.887333 0.952000 0.070667 0.061333
3 0.818667 0.602667 0.077333 0.061333
3 0.969333 0.865667 0.060000 0.094000
2 0.812333 0.468667 0.074000 0.070667
2 0.786667 0.291333 0.085333 0.096000
2 0.856333 0.309667 0.070000 0.111333
2 0.941333 0.294333 0.082667 0.102000
3 0.933333 0.208000 0.081333 0.066667
2 0.799667 0.214333 0.072667 0.071333
1 0.795000 0.158667 0.022000 0.036000
2 0.819000 0.124333 0.042000 0.038000
3 0.771667 0.089667 0.075333 0.083333
3 0.880000 0.103333 0.074667 0.054667
2 0.877667 0.171000 0.086000 0.083333
3 0.058333 0.024667 0.052667 0.040000
3 0.961333 0.367667 0.052000 0.059333
2 0.370000 0.874000 0.093333 0.122667
2 0.282667 0.153667 0.070667 0.084667
0 0.227667 0.551667 0.063333 0.064667
0 0.304333 0.519667 0.087333 0.084667
0 0.750333 0.609000 0.046000 0.043333
0 0.375000 0.406000 0.052667 0.057333
0 0.142000 0.138000 0.060000 0.077333
0 0.051333 0.081000 0.094667 0.087333
0 0.032333 0.157667 0.048667 0.047333
0 0.413333 0.070000 0.062667 0.057333
2 0.955667 0.959667 0.088667 0.078000
2 0.308000 0.960000 0.114667 0.080000
3 0.024000 0.785667 0.045333 0.075333
3 0.030000 0.674667 0.058667 0.089333
2 0.217000 0.045667 0.108667 0.090000
2 0.695667 0.027000 0.110000 0.052667
3 0.967333 0.041333 0.065333 0.073333
2 0.960333 0.628000 0.079333 0.092000
