2 0.055000 0.071333 0.091333 0.110667
2 0.157333 0.096333 0.118667 0.127333
2 0.043333 0.176667 0.078667 0.086667
2 0.124333 0.197000 0.086000 0.090000
2 0.101000 0.299333 0.135333 0.112000
3 0.031000 0.359000 0.060667 0.054000
3 0.176000 0.393667 0.052000 0.062000
2 0.065667 0.429667 0.114000 0.071333
2 0.234333 0.318333 0.122000 0.110000
2 0.286000 0.224667 0.070667 0.070667
3 0.238333 0.209667 0.027333 0.027333
3 0.323333 0.035000 0.050667 0.059333
3 0.271333 0.047000 0.025333 0.026000
3 0.245667 0.114000 0.020667 0.021333
3 0.305333 0.125333 0.092000 0.094667
2 0.409000 0.038667 0.074000 0.076000
3 0.587000 0.051333 0.052667 0.048000
3 0.657000 0.034667 0.040667 0.036000
3 0.717667 0.066333 0.035333 0.031333
2 0.658667 0.068667 0.053333 0.040000
2 0.643667 0.119000 0.058000 0.079333
3 0.694000 0.107333 0.044000 0.050667
3 0.561667 0.106333 0.095333 0.084667
3 0.474333 0.077667 0.076667 0.047333
3 0.479333 0.125000 0.070667 0.064667
2 0.393000 0.127333 0.086000 0.104000
3 0.458000 0.210333 0.070667 0.068667
3 0.367000 0.221000 0.079333 0.082000
2 0.273000 0.423000 0.108667 0.102000
3 0.189333 0.491333 0.057333 0.049333
2 0.365667 0.434667 0.090000 0.086667
2 0.409000 0.383333 0.088667 0.104000
2 0.337333 0.311667 0.090667 0.095333
3 0.426000 0.291667 0.088000 0.095333
1 0.524667 0.262333 0.034667 0.047333
1 0.572333 0.339000 0.056667 0.060667
3 0.596333 0.271333 0.094000 0.074667
3 0.675000 0.209000 0.042000 0.047333
3 0.616333 0.196000 0.074000 0.078667
3 0.541333 0.191000 0.076000 0.083333
3 0.750333 0.223333 0.096667 0.070667
2 0.741667 0.301333 0.106000 0.084000
3 0.645667 0.317667 0.090000 0.082000
2 0.718333 0.372000 0.126000 0.074667
3 0.629667 0.411333 0.054000 0.061333
3 0.699333 0.446333 0.078667 0.070000
3 0.123333 0.499000 0.054667 0.050000
3 0.163000 0.538000 0.051333 0.049333
3 0.109000 0.594333 0.052667 0.052667
3 0.497000 0.403333 0.075333 0.073333
3 0.553000 0.425667 0.050000 0.060667
1 0.760667 0.424333 0.038667 0.043333
3 0.754333 0.494333 0.067333 0.067333
3 0.672000 0.513333 0.050667 0.052000
3 0.600333 0.488000 0.108667 0.069333
3 0.579667 0.570000 0.087333 0.080000
2 0.664333 0.593667 0.082000 0.100667
3 0.736000 0.579667 0.060000 0.068667
2 0.463000 0.491667 0.096667 0.092667
2 0.363667 0.510667 0.091333 0.081333
2 0.244667 0.547333 0.122667 0.120000
3 0.161333 0.589000 0.049333 0.050000
3 0.082667 0.681000 0.045333 0.051333
3 0.128000 0.678000 0.050667 0.049333
3 0.225000 0.646333 0.078000 0.080667
2 0.324667 0.650667 0.097333 0.108000
3 0.427333 0.641000 0.033333 0.035333
3 0.478667 0.657333 0.069333 0.085333
2 0.559667 0.645333 0.096667 0.078667
2 0.645667 0.699333 0.102000 0.109333
3 0.733000 0.659333 0.066000 0.069333
3 0.697333 0.732333 0.072000 0.071333
3 0.470333 0.740333 0.078000 0.076667
3 0.391000 0.715000 0.078000 0.092667
2 0.282333 0.739333 0.107333 0.093333
2 0.166667 0.757667 0.068000 0.096667
3 0.202667 0.741000 0.056000 0.072667
3 0.091667 0.767333 0.076667 0.072000
3 0.450333 0.796667 0.031333 0.034667
3 0.439667 0.570000 0.067333 0.072000
3 0.509333 0.576000 0.050667 0.057333
3 0.057333 0.877000 0.080000 0.075333
3 0.150333 0.854667 0.082000 0.078667
3 0.127667 0.963667 0.031333 0.039333
3 0.180667 0.932333 0.062667 0.067333
3 0.261667 0.840000 0.099333 0.098667
3 0.245667 0.929667 0.068667 0.076667
2 0.373333 0.804000 0.102667 0.085333
2 0.348000 0.891667 0.074667 0.110000
2 0.418333 0.897000 0.066000 0.098000
2 0.503333 0.904667 0.092000 0.104000
3 0.516000 0.813667 0.072000 0.072667
2 0.611333 0.835000 0.116000 0.138000
2 0.585667 0.927333 0.070000 0.090667
3 0.729333 0.917333 0.056000 0.064000
3 0.702667 0.970333 0.061333 0.052667
2 0.826667 0.543000 0.100000 0.099333
2 0.918000 0.548333 0.097333 0.095333
2 0.806000 0.629000 0.088000 0.083333
2 0.886000 0.648000 0.084000 0.081333
3 0.963667 0.644000 0.072667 0.068000
1 0.912000 0.707667 0.032000 0.035333
2 0.786667 0.711000 0.093333 0.083333
2 0.864333 0.728667 0.078000 0.080000
3 0.950000 0.741333 0.052000 0.038667
3 0.914667 0.802000 0.056000 0.068000
3 0.966667 0.820333 0.057333 0.084667
2 0.844333 0.819667 0.082000 0.084667
2 0.762667 0.788667 0.106667 0.081333
3 0.793667 0.886667 0.103333 0.089333
3 0.839000 0.924333 0.090000 0.078000
3 0.935333 0.452667 0.088000 0.077333
3 0.854667 0.427000 0.070667 0.064667
3 0.949333 0.364000 0.080000 0.082667
3 0.871000 0.353333 0.086000 0.058667
3 0.885000 0.292667 0.092667 0.061333
3 0.905333 0.225000 0.066667 0.062000
3 0.919000 0.164667 0.048667 0.044000
3 0.768000 0.151000 0.080000 0.064667
3 0.800333 0.025333 0.042000 0.032000
2 0.963333 0.066000 0.066667 0.056000
3 0.933000 0.104000 0.054000 0.061333
3 0.857667 0.111333 0.080667 0.100000
3 0.839333 0.196333 0.057333 0.058000
3 0.796667 0.074667 0.076000 0.068000
0 0.904667 0.912333 0.046667 0.052667
0 0.548333 0.720000 0.076667 0.064000
0 0.353667 0.577667 0.031333 0.036667
0 0.869667 0.465000 0.043333 0.054000
2 0.806333 0.979000 0.078000 0.042000
2 0.317333 0.952333 0.097333 0.095333
2 0.050667 0.944667 0.097333 0.109333
2 0.056333 0.519667 0.111333 0.106000
2 0.964667 0.253000 0.070667 0.082000
