3 0.150000 0.036333 0.048000 0.047333
2 0.397333 0.040000 0.088000 0.070667
2 0.352000 0.097667 0.064000 0.044667
3 0.223667 0.146333 0.071333 0.058000
3 0.133333 0.163667 0.098667 0.087333
3 0.114000 0.227000 0.101333 0.083333
2 0.046667 0.252333 0.077333 0.074000
2 0.113000 0.382667 0.144667 0.133333
2 0.099333 0.462333 0.100000 0.079333
3 0.218000 0.410000 0.076000 0.072000
2 0.286333 0.260333 0.082000 0.083333
3 0.328000 0.182333 0.037333 0.030000
3 0.391667 0.229000 0.087333 0.118000
3 0.359667 0.293333 0.082000 0.074667
3 0.330667 0.368333 0.065333 0.055333
2 0.368000 0.473333 0.076000 0.093333
3 0.226000 0.570667 0.069333 0.068000
2 0.097333 0.732333 0.126667 0.111333
2 0.190333 0.688000 0.074000 0.064000
2 0.288333 0.636333 0.075333 0.078000
2 0.375000 0.660667 0.104667 0.101333
3 0.253333 0.716333 0.033333 0.026000
2 0.230667 0.796000 0.034667 0.036000
2 0.236000 0.873333 0.098667 0.078667
2 0.066000 0.920667 0.100000 0.104000
2 0.450000 0.554000 0.024000 0.026667
2 0.545667 0.062667 0.090000 0.100000
2 0.622333 0.108000 0.071333 0.093333
3 0.635333 0.030667 0.041333 0.036000
2 0.525000 0.158000 0.074000 0.078667
2 0.702333 0.093667 0.088667 0.119333
2 0.809333 0.066333 0.102667 0.102000
2 0.939000 0.085333 0.118000 0.128000
2 0.870667 0.138333 0.068000 0.051333
2 0.753000 0.156000 0.079333 0.072000
2 0.721667 0.225333 0.044667 0.044000
2 0.622333 0.259333 0.128667 0.137333
2 0.815333 0.208333 0.093333 0.084667
2 0.914000 0.198333 0.096000 0.087333
2 0.785000 0.295333 0.118000 0.104000
2 0.885667 0.266333 0.078000 0.074000
2 0.962333 0.276667 0.075333 0.069333
2 0.851333 0.337333 0.101333 0.073333
2 0.918000 0.423333 0.054667 0.065333
2 0.974333 0.420000 0.047333 0.041333
2 0.955333 0.496333 0.089333 0.103333
2 0.879333 0.493333 0.090667 0.072000
2 0.832667 0.442667 0.116000 0.157333
2 0.741000 0.427333 0.066000 0.124000
2 0.907667 0.569333 0.072667 0.065333
2 0.579333 0.340667 0.040000 0.030667
2 0.652333 0.407333 0.155333 0.146667
2 0.624333 0.528000 0.160667 0.133333
2 0.712000 0.540667 0.061333 0.064000
2 0.650000 0.627333 0.118667 0.106667
2 0.741667 0.633667 0.071333 0.070000
2 0.887667 0.712667 0.112667 0.100000
2 0.934667 0.779667 0.057333 0.047333
2 0.854000 0.783000 0.040000 0.038000
2 0.523667 0.667000 0.164667 0.144667
2 0.502667 0.786333 0.137333 0.119333
2 0.506333 0.825667 0.050000 0.047333
2 0.309000 0.955333 0.055333 0.045333
2 0.356333 0.884333 0.114000 0.104667
2 0.468667 0.935667 0.136000 0.128667
2 0.662000 0.780000 0.108000 0.104000
2 0.645667 0.862333 0.076667 0.074000
3 0.695333 0.960000 0.069333 0.069333
2 0.722667 0.888000 0.036000 0.044000
2 0.758333 0.817000 0.084667 0.114000
2 0.835333 0.869333 0.056000 0.062667
2 0.899333 0.892000 0.056000 0.066667
2 0.946333 0.951000 0.083333 0.074000
0 0.577333 0.943333 0.057333 0.060000
0 0.619667 0.942333 0.047333 0.056667
0 0.141333 0.921667 0.060000 0.059333
0 0.133000 0.848000 0.071333 0.061333
0 0.173333 0.779333 0.073333 0.062667
0 0.274667 0.804667 0.034667 0.032000
0 0.580667 0.857667 0.060000 0.054000
0 0.866000 0.822667 0.070667 0.056000
0 0.918333 0.843333 0.054000 0.046667
0 0.901000 0.804333 0.036667 0.042000
0 0.788667 0.667333 0.054667 0.049333
0 0.522667 0.565333 0.038667 0.034667
0 0.407000 0.538667 0.064667 0.082667
0 0.363000 0.581667 0.066000 0.076667
0 0.267667 0.488333 0.050000 0.064667
0 0.082667 0.606000 0.065333 0.088000
0 0.218000 0.296333 0.054667 0.066000
0 0.279000 0.380000 0.060667 0.053333
0 0.253000 0.334667 0.059333 0.050667
0 0.088000 0.303667 0.068000 0.048667
0 0.199667 0.078333 0.039333 0.040667
0 0.242333 0.060667 0.040667 0.034667
0 0.253667 0.094667 0.038000 0.037333
0 0.284333 0.136333 0.070000 0.064667
0 0.435667 0.114667 0.044667 0.038667
0 0.463000 0.226333 0.062000 0.060667
0 0.468000 0.285333 0.058667 0.056000
0 0.472333 0.346000 0.058000 0.046667
0 0.474333 0.391333 0.052667 0.049333
0 0.526667 0.444333 0.056000 0.066000
0 0.475667 0.511333 0.039333 0.065333
0 0.945333 0.623000 0.049333 0.047333
0 0.976667 0.193667 0.045333 0.063333
0 0.681667 0.183333 0.030000 0.036000
0 0.424333 0.164667 0.063333 0.060000
0 0.224000 0.026667 0.048000 0.040000
0 0.707000 0.030667 0.048667 0.049333
2 0.020333 0.617000 0.039333 0.080667
2 0.029333 0.468000 0.057333 0.089333
2 0.055667 0.029000 0.094000 0.056667
2 0.979333 0.714000 0.041333 0.054667
2 0.976333 0.878000 0.047333 0.090667
