2 0.054000 0.127667 0.098667 0.112667
2 0.122333 0.109333 0.051333 0.062667
2 0.182667 0.026333 0.074667 0.048667
2 0.184333 0.126000 0.050000 0.062667
3 0.234667 0.136333 0.054667 0.050000
3 0.150667 0.194000 0.066667 0.068000
2 0.233333 0.201000 0.078667 0.074000
2 0.287000 0.095000 0.078000 0.088667
2 0.351333 0.141333 0.068000 0.076000
2 0.366667 0.040667 0.070667 0.074667
2 0.416000 0.122333 0.050667 0.050000
2 0.503667 0.034667 0.047333 0.062667
2 0.578667 0.039333 0.064000 0.074667
3 0.629667 0.070667 0.055333 0.060000
2 0.707000 0.065000 0.059333 0.064667
2 0.680667 0.123333 0.062667 0.060000
2 0.742333 0.139333 0.063333 0.058667
2 0.816000 0.133667 0.044000 0.047333
2 0.838333 0.062000 0.078000 0.073333
3 0.927333 0.054333 0.069333 0.078000
2 0.876333 0.152667 0.040667 0.040000
2 0.543000 0.135000 0.079333 0.088667
2 0.476000 0.089333 0.030667 0.033333
2 0.443000 0.042333 0.074000 0.083333
2 0.458333 0.165000 0.068667 0.062000
3 0.611333 0.158000 0.060000 0.081333
2 0.661000 0.196333 0.079333 0.086000
2 0.723000 0.216333 0.070000 0.068667
2 0.787000 0.245333 0.075333 0.104000
2 0.845333 0.214000 0.028000 0.036000
2 0.838667 0.278667 0.034667 0.037333
2 0.918333 0.255333 0.087333 0.065333
2 0.952000 0.190000 0.074667 0.065333
2 0.871667 0.355333 0.088667 0.078667
2 0.363000 0.246333 0.088667 0.091333
2 0.466000 0.226333 0.069333 0.051333
2 0.437000 0.296333 0.083333 0.108667
2 0.502667 0.313667 0.057333 0.059333
3 0.520000 0.252667 0.061333 0.060000
2 0.579333 0.285333 0.057333 0.069333
3 0.550667 0.383000 0.066667 0.056667
2 0.634667 0.315333 0.096000 0.100000
3 0.682000 0.365667 0.065333 0.072667
2 0.656667 0.429000 0.065333 0.059333
2 0.581333 0.438000 0.089333 0.066667
3 0.607000 0.381000 0.026000 0.022000
2 0.754667 0.317000 0.072000 0.052667
2 0.750667 0.377333 0.086667 0.070667
3 0.809667 0.376000 0.038000 0.042667
3 0.938667 0.424667 0.096000 0.073333
2 0.913333 0.513667 0.064000 0.059333
3 0.837000 0.545333 0.083333 0.068000
3 0.908333 0.569667 0.048667 0.042000
3 0.819667 0.597667 0.048667 0.042000
2 0.633667 0.506000 0.084667 0.089333
2 0.731000 0.500667 0.116667 0.102667
3 0.799333 0.449000 0.086667 0.086000
3 0.860000 0.474667 0.068000 0.065333
3 0.696667 0.574667 0.064000 0.052000
2 0.728333 0.615000 0.052667 0.071333
2 0.802000 0.653667 0.092000 0.082000
3 0.953000 0.686333 0.082000 0.075333
3 0.787000 0.724000 0.091333 0.072000
3 0.865333 0.719000 0.076000 0.076667
2 0.907667 0.757667 0.042000 0.050000
2 0.979000 0.803000 0.042000 0.044667
3 0.921667 0.815667 0.050000 0.050000
2 0.849333 0.792667 0.094667 0.073333
2 0.840000 0.859333 0.101333 0.070667
2 0.970333 0.929000 0.055333 0.048667
2 0.902000 0.936333 0.130667 0.122000
3 0.860333 0.972333 0.052667 0.050000
2 0.084667 0.252000 0.065333 0.038667
2 0.098667 0.313000 0.076000 0.075333
2 0.189667 0.312333 0.139333 0.120667
1 0.240333 0.347000 0.051333 0.054000
2 0.323667 0.368333 0.118000 0.091333
2 0.395333 0.402333 0.108000 0.084667
1 0.317000 0.444333 0.051333 0.056667
1 0.375333 0.474667 0.068000 0.062667
2 0.456000 0.458000 0.097333 0.088000
1 0.426333 0.536333 0.071333 0.083333
2 0.513667 0.515667 0.084667 0.088667
2 0.492333 0.570333 0.063333 0.048667
2 0.576333 0.542667 0.084667 0.112000
2 0.621333 0.601333 0.072000 0.068000
2 0.668000 0.656667 0.068000 0.093333
2 0.700000 0.726667 0.078667 0.097333
2 0.745000 0.811333 0.086000 0.100000
3 0.747333 0.880333 0.054667 0.038000
3 0.659667 0.887333 0.074000 0.090667
2 0.634000 0.966333 0.074667 0.064667
2 0.583333 0.902667 0.057333 0.065333
2 0.599333 0.837333 0.044000 0.070667
1 0.557667 0.767000 0.055333 0.050000
2 0.541667 0.827667 0.092667 0.079333
2 0.518667 0.897000 0.074667 0.074000
2 0.461333 0.937000 0.070667 0.112667
2 0.394667 0.933667 0.062667 0.055333
3 0.404333 0.878333 0.076667 0.047333
2 0.418667 0.821000 0.100000 0.083333
2 0.500667 0.763667 0.056000 0.059333
2 0.424333 0.744333 0.099333 0.087333
2 0.457667 0.666333 0.058000 0.056667
2 0.509000 0.697667 0.070000 0.070000
2 0.583333 0.659333 0.068000 0.037333
2 0.584000 0.701667 0.074667 0.058000
2 0.526000 0.639333 0.064000 0.064000
2 0.476333 0.610000 0.059333 0.041333
1 0.243000 0.431667 0.087333 0.064667
1 0.167333 0.408000 0.069333 0.065333
1 0.157000 0.476667 0.087333 0.077333
2 0.109000 0.437667 0.047333 0.052667
2 0.063333 0.465667 0.094667 0.096667
2 0.040333 0.539333 0.056667 0.053333
2 0.089667 0.595000 0.103333 0.116667
2 0.184667 0.567333 0.062667 0.064000
1 0.289333 0.533000 0.064000 0.048667
2 0.390000 0.609000 0.098667 0.119333
2 0.324333 0.618667 0.042000 0.069333
2 0.263333 0.590667 0.094667 0.082667
2 0.075667 0.679000 0.050000 0.048667
2 0.157667 0.656667 0.103333 0.121333
2 0.312333 0.706000 0.118000 0.141333
2 0.232667 0.688667 0.050667 0.045333
1 0.216333 0.745333 0.083333 0.060000
2 0.136000 0.743333 0.068000 0.056000
2 0.045667 0.770667 0.087333 0.090667
2 0.092000 0.826667 0.098667 0.089333
2 0.200333 0.831667 0.115333 0.115333
2 0.282333 0.815667 0.050000 0.058000
1 0.252667 0.896667 0.065333 0.062667
2 0.176667 0.909667 0.062667 0.054000
2 0.066667 0.913667 0.096000 0.084667
2 0.239000 0.965000 0.070000 0.066000
3 0.059000 0.974000 0.052667 0.044000
2 0.691667 0.948000 0.031333 0.037333
2 0.629000 0.748667 0.098000 0.090667
3 0.666333 0.807667 0.071333 0.080667
0 0.974000 0.883667 0.052000 0.050000
0 0.237000 0.477000 0.054000 0.031333
0 0.876000 0.413667 0.045333 0.042000
0 0.052333 0.393333 0.050000 0.034667
0 0.048667 0.316000 0.033333 0.048000
0 0.296333 0.273333 0.056667 0.050667
0 0.248000 0.242667 0.056000 0.048000
0 0.810333 0.196000 0.047333 0.041333
0 0.353000 0.089667 0.040667 0.028667
0 0.771000 0.079000 0.032667 0.038000
2 0.770333 0.958667 0.088667 0.082667
1 0.549333 0.969000 0.065333 0.062000
2 0.141333 0.966667 0.110667 0.066667
2 0.075667 0.044333 0.136667 0.087333
2 0.777333 0.024333 0.069333 0.047333
2 0.982000 0.059000 0.036000 0.078000
2 0.957000 0.610333 0.086000 0.082000
