2 0.182667 0.061333 0.074667 0.094667
2 0.140333 0.147000 0.112667 0.082000
2 0.113000 0.244000 0.147333 0.109333
2 0.256333 0.181333 0.063333 0.065333
2 0.299333 0.106667 0.108000 0.093333
2 0.383000 0.041667 0.088667 0.082000
2 0.477667 0.042000 0.074000 0.072000
2 0.414667 0.118333 0.130667 0.119333
2 0.539667 0.149000 0.070000 0.070000
2 0.420333 0.203000 0.055333 0.058000
2 0.507000 0.204667 0.110000 0.094667
2 0.974667 0.038333 0.050667 0.075333
2 0.882667 0.050000 0.136000 0.098667
2 0.717333 0.151667 0.069333 0.091333
2 0.796667 0.153667 0.100000 0.115333
2 0.894667 0.256667 0.070667 0.129333
2 0.804333 0.230333 0.110000 0.074000
2 0.780000 0.299000 0.097333 0.091333
2 0.676000 0.305000 0.102667 0.082000
2 0.634000 0.220000 0.141333 0.130667
2 0.245000 0.333000 0.042000 0.046000
2 0.384000 0.284333 0.053333 0.056667
2 0.378667 0.353667 0.041333 0.054000
2 0.355667 0.404000 0.054000 0.042667
2 0.362333 0.452000 0.087333 0.066667
2 0.397000 0.494000 0.082000 0.073333
2 0.244000 0.472000 0.066667 0.090667
2 0.325667 0.554667 0.072667 0.072000
2 0.213333 0.601667 0.102667 0.106000
2 0.281333 0.626667 0.036000 0.038667
2 0.133333 0.613000 0.065333 0.078000
2 0.075667 0.665667 0.108667 0.136667
2 0.162667 0.686000 0.070667 0.062667
2 0.236333 0.693000 0.076667 0.079333
2 0.226000 0.755333 0.069333 0.057333
2 0.166000 0.748333 0.058667 0.059333
2 0.151333 0.814333 0.060000 0.072667
2 0.212667 0.826333 0.060000 0.082000
3 0.094000 0.856000 0.072000 0.080000
2 0.276333 0.846333 0.076667 0.086000
2 0.217333 0.910333 0.044000 0.044667
2 0.288000 0.917667 0.064000 0.056667
2 0.302333 0.710667 0.052667 0.070667
2 0.358333 0.641333 0.112667 0.093333
2 0.452000 0.626000 0.097333 0.109333
2 0.465000 0.508667 0.048667 0.056000
2 0.556333 0.512667 0.052667 0.038667
2 0.675667 0.509333 0.091333 0.088000
2 0.754667 0.518000 0.072000 0.070667
2 0.830667 0.521667 0.088000 0.079333
2 0.912333 0.559333 0.084667 0.106667
2 0.826667 0.603667 0.101333 0.084667
2 0.951333 0.656333 0.070667 0.084667
2 0.884000 0.659333 0.072000 0.068000
2 0.537333 0.576667 0.068000 0.064000
2 0.597333 0.584333 0.045333 0.092667
3 0.664000 0.602000 0.065333 0.064000
2 0.729333 0.625000 0.096000 0.084667
2 0.724333 0.694000 0.094000 0.065333
2 0.814667 0.699333 0.108000 0.100000
2 0.921667 0.728333 0.083333 0.083333
2 0.877000 0.784333 0.119333 0.095333
2 0.907667 0.878667 0.086000 0.096000
2 0.812333 0.851667 0.110000 0.119333
2 0.926667 0.951667 0.101333 0.075333
2 0.728667 0.772000 0.069333 0.070667
2 0.621000 0.656667 0.059333 0.060000
2 0.573000 0.674667 0.086000 0.088000
2 0.574333 0.751333 0.070000 0.062667
2 0.636000 0.815333 0.096000 0.100000
2 0.710333 0.833000 0.060667 0.062000
2 0.677667 0.906000 0.120667 0.105333
2 0.625000 0.959667 0.074000 0.079333
2 0.557667 0.805667 0.060667 0.052667
2 0.509000 0.814333 0.047333 0.047333
2 0.458333 0.743000 0.110000 0.120667
2 0.370333 0.727000 0.080667 0.078000
2 0.376000 0.784333 0.066667 0.056667
2 0.368000 0.906000 0.068000 0.086667
2 0.443000 0.940667 0.046000 0.044000
2 0.482667 0.875667 0.066667 0.083333
2 0.534000 0.870000 0.041333 0.061333
2 0.500000 0.963333 0.085333 0.073333
2 0.459000 0.303667 0.086000 0.118000
2 0.541667 0.284667 0.104667 0.101333
2 0.453667 0.405333 0.086000 0.101333
2 0.517333 0.379000 0.074667 0.074000
2 0.509000 0.445667 0.050000 0.054000
2 0.615333 0.450333 0.070667 0.083333
2 0.922333 0.454667 0.087333 0.089333
2 0.837333 0.453000 0.106667 0.078000
2 0.897333 0.379000 0.057333 0.074000
2 0.834333 0.371000 0.083333 0.083333
2 0.697667 0.438000 0.086000 0.058667
2 0.740667 0.392667 0.133333 0.112000
2 0.573000 0.051333 0.119333 0.101333
0 0.074000 0.473000 0.049333 0.048667
0 0.081333 0.521000 0.056000 0.048667
0 0.060000 0.755333 0.052000 0.041333
0 0.112000 0.786667 0.045333 0.045333
0 0.576000 0.414667 0.042667 0.034667
0 0.606333 0.370667 0.062000 0.058667
0 0.151667 0.519000 0.030000 0.035333
0 0.200333 0.542667 0.038000 0.030667
0 0.194333 0.454667 0.054000 0.056000
0 0.166333 0.405667 0.056667 0.063333
0 0.205667 0.374000 0.084667 0.086667
0 0.094000 0.030333 0.066667 0.056667
2 0.821333 0.965000 0.121333 0.070000
2 0.730667 0.047000 0.126667 0.092667
2 0.951333 0.376333 0.097333 0.134000
2 0.972000 0.743333 0.056000 0.104000
2 0.970333 0.862333 0.059333 0.124667
2 0.111000 0.973667 0.064667 0.052667
