2 0.134000 0.094333 0.097333 0.115333
2 0.102333 0.192667 0.116667 0.104000
2 0.091667 0.309000 0.123333 0.152667
2 0.202333 0.312333 0.111333 0.118000
2 0.258333 0.241333 0.138000 0.165333
2 0.216000 0.117667 0.086667 0.090000
2 0.312667 0.131667 0.126667 0.154000
1 0.360000 0.058667 0.098667 0.113333
2 0.492000 0.056000 0.102667 0.110667
2 0.744667 0.066333 0.104000 0.104667
2 0.853000 0.072000 0.084667 0.106667
2 0.935000 0.079000 0.087333 0.118000
1 0.385667 0.169000 0.050000 0.084667
1 0.459000 0.136333 0.091333 0.075333
2 0.452667 0.225333 0.132000 0.113333
2 0.571667 0.154000 0.142000 0.142667
2 0.543667 0.251667 0.075333 0.078000
2 0.651667 0.153667 0.051333 0.056667
2 0.742333 0.153667 0.127333 0.110000
2 0.849333 0.179000 0.084000 0.087333
2 0.940333 0.174000 0.087333 0.082667
2 0.803667 0.240667 0.055333 0.058667
2 0.894000 0.288667 0.102667 0.154667
2 0.965000 0.275333 0.070000 0.110667
2 0.807667 0.313000 0.091333 0.078000
2 0.729000 0.257333 0.079333 0.100000
2 0.647333 0.236667 0.104000 0.094667
2 0.364000 0.388333 0.057333 0.079333
2 0.463667 0.341333 0.154000 0.168000
2 0.574333 0.353667 0.078000 0.120667
2 0.650000 0.364333 0.078667 0.158000
2 0.718667 0.352667 0.064000 0.070667
2 0.767667 0.434667 0.147333 0.129333
2 0.877333 0.465667 0.064000 0.063333
2 0.174333 0.411000 0.066000 0.076667
2 0.130667 0.476000 0.076000 0.088000
2 0.176333 0.509333 0.092667 0.078667
2 0.055000 0.668000 0.072667 0.062667
2 0.045667 0.550667 0.087333 0.166667
2 0.139667 0.597667 0.078000 0.078000
3 0.169333 0.667000 0.073333 0.072667
2 0.264000 0.697000 0.090667 0.092667
2 0.225667 0.590667 0.094000 0.128000
2 0.342333 0.590000 0.160667 0.229333
2 0.444333 0.686333 0.154000 0.150000
2 0.481333 0.487333 0.113333 0.104000
2 0.525000 0.586667 0.131333 0.130667
2 0.644000 0.515667 0.164000 0.147333
2 0.792333 0.545333 0.119333 0.098667
2 0.883333 0.547000 0.090667 0.110000
2 0.847333 0.626000 0.076000 0.073333
2 0.782667 0.617000 0.072000 0.091333
2 0.695000 0.610333 0.119333 0.088667
2 0.878000 0.729667 0.101333 0.147333
2 0.962000 0.728000 0.076000 0.074667
2 0.792667 0.697667 0.069333 0.088667
2 0.702000 0.699000 0.108000 0.103333
2 0.588333 0.688000 0.108667 0.133333
2 0.948667 0.869000 0.093333 0.118000
2 0.945000 0.960667 0.055333 0.070667
2 0.873000 0.931000 0.086000 0.086000
2 0.868667 0.845000 0.064000 0.080667
2 0.788000 0.834667 0.097333 0.101333
3 0.706000 0.806667 0.036000 0.042667
2 0.632000 0.820000 0.112000 0.138667
2 0.531333 0.839333 0.094667 0.094667
2 0.496667 0.908667 0.064000 0.064000
2 0.647000 0.954000 0.103333 0.092000
3 0.430667 0.872333 0.045333 0.047333
2 0.460333 0.791667 0.078000 0.084667
3 0.406667 0.807333 0.034667 0.053333
2 0.342000 0.813000 0.098667 0.127333
2 0.267333 0.801333 0.056000 0.104000
2 0.218667 0.816333 0.041333 0.054000
2 0.177000 0.792000 0.078000 0.086667
2 0.084333 0.824667 0.116667 0.134667
2 0.044333 0.920333 0.059333 0.051333
2 0.140000 0.949333 0.114667 0.101333
2 0.239333 0.906333 0.069333 0.082000
2 0.327333 0.927333 0.094667 0.101333
2 0.268667 0.967667 0.064000 0.064667
0 0.792667 0.920667 0.076000 0.084000
0 0.736000 0.924333 0.060000 0.051333
0 0.707333 0.841667 0.045333 0.032667
0 0.736000 0.865333 0.045333 0.040000
0 0.669667 0.905000 0.072667 0.066000
0 0.512333 0.955000 0.092667 0.067333
0 0.424000 0.919333 0.090667 0.069333
0 0.374667 0.966667 0.029333 0.034667
0 0.932000 0.415333 0.056000 0.052000
0 0.265333 0.474000 0.070667 0.061333
0 0.256000 0.391667 0.069333 0.066000
3 0.034333 0.776667 0.067333 0.081333
2 0.044333 0.088333 0.087333 0.119333
2 0.247667 0.033333 0.099333 0.065333
2 0.670333 0.039000 0.079333 0.076667
2 0.584000 0.044667 0.104000 0.088000
2 0.951667 0.563333 0.096667 0.194667
