1 0.088333 0.909333 0.086000 0.066667
1 0.153667 0.842667 0.158000 0.141333
2 0.294667 0.808000 0.126667 0.122667
2 0.256667 0.712000 0.132000 0.108000
1 0.040333 0.813000 0.079333 0.104667
1 0.111333 0.732000 0.170667 0.162667
1 0.063333 0.607000 0.125333 0.154000
2 0.174333 0.602333 0.139333 0.127333
2 0.288667 0.586000 0.104000 0.102667
1 0.392333 0.576000 0.075333 0.082667
2 0.091000 0.426667 0.180667 0.165333
2 0.154000 0.496000 0.101333 0.096000
2 0.244333 0.483667 0.079333 0.110000
2 0.333333 0.483000 0.142667 0.147333
1 0.058333 0.229333 0.115333 0.170667
1 0.156333 0.281333 0.160667 0.161333
1 0.230000 0.233667 0.133333 0.131333
1 0.233333 0.151000 0.070667 0.044667
2 0.326667 0.182667 0.062667 0.066667
2 0.314000 0.328333 0.104000 0.146000
2 0.220333 0.377333 0.108667 0.110667
1 0.447667 0.471667 0.086000 0.083333
1 0.441667 0.389333 0.098000 0.093333
1 0.399333 0.324000 0.082667 0.093333
1 0.281667 0.069333 0.143333 0.128000
1 0.442333 0.917667 0.075333 0.080667
1 0.568667 0.928000 0.110667 0.134667
1 0.675000 0.931667 0.135333 0.108667
1 0.895000 0.876667 0.183333 0.162667
1 0.482000 0.835000 0.170667 0.171333
1 0.445333 0.736667 0.074667 0.065333
1 0.588333 0.792000 0.080667 0.062667
1 0.676000 0.819000 0.197333 0.150000
1 0.641000 0.735000 0.114000 0.074000
1 0.794667 0.802333 0.098667 0.119333
1 0.867333 0.721000 0.146667 0.148667
1 0.767333 0.648333 0.136000 0.155333
1 0.634667 0.620333 0.168000 0.160667
1 0.546333 0.701667 0.111333 0.087333
1 0.575667 0.571000 0.096667 0.084667
1 0.490333 0.624667 0.107333 0.094667
1 0.485000 0.544000 0.115333 0.108000
1 0.682000 0.538667 0.104000 0.100000
1 0.795333 0.512667 0.130667 0.157333
1 0.919667 0.618333 0.156667 0.135333
1 0.898000 0.529667 0.105333 0.120667
1 0.570000 0.448333 0.194667 0.172667
1 0.702000 0.431000 0.158667 0.140667
1 0.560000 0.322667 0.104000 0.093333
1 0.668667 0.321333 0.133333 0.132000
1 0.853667 0.381667 0.186000 0.172667
1 0.967000 0.337333 0.066000 0.094667
1 0.738333 0.251667 0.172667 0.146000
1 0.895000 0.225333 0.150000 0.154667
2 0.487333 0.192000 0.162667 0.170667
2 0.415000 0.119667 0.084667 0.079333
2 0.384667 0.053333 0.109333 0.104000
2 0.491000 0.051667 0.078000 0.082000
2 0.574333 0.058000 0.083333 0.072000
2 0.613333 0.181667 0.110667 0.183333
2 0.816000 0.146000 0.113333 0.098667
1 0.710333 0.153667 0.124667 0.114000
1 0.724333 0.069000 0.180667 0.111333
2 0.854000 0.064667 0.098667 0.105333
2 0.943333 0.072667 0.113333 0.112000
2 0.957667 0.447000 0.084667 0.107333
