1 0.071000 0.083000 0.112667 0.087333
2 0.187333 0.063000 0.104000 0.106000
2 0.186667 0.172333 0.172000 0.152667
1 0.132667 0.263333 0.125333 0.096000
1 0.199333 0.353667 0.061333 0.090000
1 0.105667 0.323333 0.112667 0.062667
2 0.060333 0.168333 0.119333 0.116667
1 0.114000 0.399667 0.104000 0.112667
1 0.191000 0.438000 0.067333 0.058667
2 0.096333 0.459333 0.080667 0.070667
2 0.260333 0.517000 0.111333 0.106000
1 0.140333 0.521333 0.138000 0.110667
1 0.123667 0.617667 0.128667 0.118000
1 0.046667 0.685667 0.089333 0.140667
2 0.102667 0.747667 0.090667 0.088667
2 0.249333 0.617667 0.122667 0.120667
2 0.219667 0.706667 0.148667 0.098667
2 0.132667 0.836667 0.056000 0.072000
2 0.206000 0.815000 0.102667 0.126000
2 0.303000 0.788000 0.090000 0.158667
1 0.396000 0.661333 0.062667 0.069333
1 0.335000 0.569667 0.051333 0.044667
1 0.345333 0.610667 0.069333 0.065333
2 0.488333 0.679000 0.052667 0.046000
2 0.481333 0.740667 0.058667 0.053333
2 0.546667 0.801333 0.028000 0.034667
2 0.393667 0.749000 0.094000 0.106000
2 0.352667 0.858667 0.096000 0.110667
2 0.251667 0.936333 0.112667 0.119333
2 0.348667 0.951000 0.085333 0.076667
2 0.467667 0.849000 0.116667 0.170000
2 0.543333 0.885667 0.062667 0.076667
2 0.497333 0.633333 0.145333 0.134667
1 0.445667 0.502667 0.115333 0.137333
2 0.355667 0.486000 0.087333 0.104000
2 0.377667 0.406667 0.056667 0.068000
1 0.398667 0.335333 0.068000 0.069333
1 0.273000 0.433000 0.086000 0.082000
2 0.297333 0.350333 0.142667 0.127333
1 0.305667 0.277000 0.104667 0.080667
1 0.314000 0.199333 0.121333 0.100000
2 0.325667 0.120000 0.080667 0.058667
1 0.359333 0.081000 0.136000 0.155333
2 0.449333 0.108667 0.069333 0.089333
2 0.428000 0.208000 0.101333 0.101333
1 0.409667 0.293333 0.038000 0.044000
1 0.487000 0.318667 0.108667 0.097333
2 0.457667 0.401667 0.111333 0.086000
1 0.556333 0.540000 0.124667 0.132000
2 0.700000 0.564333 0.134667 0.106000
2 0.771000 0.612333 0.079333 0.076667
2 0.901333 0.646333 0.132000 0.114000
2 0.896667 0.548000 0.097333 0.101333
2 0.807000 0.528667 0.092667 0.096000
2 0.899333 0.453667 0.072000 0.090000
2 0.827667 0.461333 0.092667 0.094667
1 0.744000 0.471000 0.100000 0.119333
1 0.672333 0.437333 0.126000 0.142667
1 0.564667 0.416333 0.120000 0.120667
2 0.593667 0.312333 0.114000 0.118000
2 0.742333 0.356000 0.130000 0.102667
2 0.837667 0.373333 0.079333 0.081333
2 0.857667 0.279333 0.080667 0.105333
2 0.947333 0.272000 0.101333 0.121333
2 0.752667 0.255000 0.165333 0.115333
1 0.517333 0.224000 0.138667 0.130667
1 0.610667 0.217000 0.094667 0.078000
2 0.557000 0.125333 0.135333 0.125333
2 0.645333 0.162333 0.097333 0.110000
1 0.661000 0.067000 0.123333 0.127333
2 0.746667 0.056000 0.092000 0.110667
2 0.799333 0.090000 0.128000 0.142667
2 0.946000 0.116667 0.068000 0.101333
2 0.953000 0.040000 0.054000 0.060000
2 0.877667 0.150333 0.087333 0.103333
2 0.788000 0.168333 0.097333 0.078000
2 0.832000 0.724667 0.148000 0.137333
2 0.917667 0.744000 0.047333 0.057333
2 0.747333 0.711000 0.054667 0.054000
2 0.730000 0.786000 0.089333 0.101333
2 0.670667 0.668333 0.134667 0.111333
2 0.651333 0.747333 0.088000 0.069333
2 0.637333 0.823333 0.098667 0.093333
1 0.802667 0.810000 0.076000 0.069333
1 0.896333 0.847667 0.155333 0.130000
2 0.879333 0.932667 0.109333 0.100000
2 0.786333 0.884333 0.082000 0.092667
2 0.706667 0.917000 0.132000 0.144667
2 0.623667 0.882333 0.051333 0.050000
0 0.947000 0.191000 0.048667 0.032667
0 0.572000 0.698667 0.070667 0.054667
2 0.053000 0.816000 0.103333 0.133333
2 0.091000 0.024667 0.122000 0.048000
1 0.460667 0.029000 0.105333 0.056667
2 0.562333 0.037333 0.136667 0.073333
