2 0.101000 0.912667 0.120667 0.101333
1 0.058000 0.814333 0.104000 0.119333
1 0.148333 0.822333 0.095333 0.107333
1 0.215000 0.928000 0.104667 0.101333
1 0.222000 0.857000 0.073333 0.054000
2 0.187000 0.745000 0.046000 0.042000
2 0.113000 0.710333 0.094000 0.114000
1 0.036000 0.682667 0.070667 0.089333
1 0.040667 0.613667 0.061333 0.056667
2 0.069333 0.566000 0.106667 0.105333
2 0.147667 0.632667 0.094000 0.086667
2 0.061000 0.455000 0.118000 0.116667
2 0.165667 0.564000 0.096667 0.096000
2 0.161667 0.473000 0.142000 0.124667
1 0.091333 0.356000 0.104000 0.094667
1 0.066333 0.248667 0.120667 0.134667
1 0.034333 0.188333 0.056667 0.055333
1 0.091667 0.086000 0.115333 0.078667
1 0.100333 0.156333 0.075333 0.075333
1 0.141333 0.280000 0.118667 0.102667
1 0.200333 0.378000 0.106000 0.129333
1 0.242000 0.309000 0.056000 0.060667
1 0.185000 0.219333 0.122000 0.129333
1 0.196000 0.110000 0.094667 0.101333
2 0.200333 0.928667 0.078000 0.100000
1 0.244000 0.794667 0.098667 0.101333
1 0.222667 0.687333 0.102667 0.104000
1 0.287000 0.739333 0.076667 0.097333
2 0.252333 0.609000 0.090000 0.096667
1 0.275333 0.430333 0.102667 0.118000
1 0.277667 0.069333 0.090000 0.070667
1 0.297667 0.162333 0.188667 0.118000
1 0.285667 0.245000 0.107333 0.108667
1 0.304667 0.346667 0.102667 0.108000
2 0.307333 0.911333 0.120000 0.134667
1 0.339667 0.812333 0.118000 0.110000
2 0.372667 0.743000 0.089333 0.095333
2 0.333667 0.657667 0.108667 0.094000
1 0.379667 0.592333 0.078000 0.083333
1 0.324667 0.553333 0.129333 0.133333
1 0.379000 0.441000 0.107333 0.183333
2 0.398000 0.875667 0.068000 0.067333
1 0.424000 0.812000 0.100000 0.102667
2 0.466333 0.966667 0.054000 0.052000
2 0.488000 0.871000 0.141333 0.156667
2 0.525333 0.792333 0.064000 0.067333
2 0.548333 0.964667 0.068667 0.058667
2 0.572000 0.894333 0.070667 0.082000
1 0.618333 0.820667 0.116667 0.109333
2 0.655667 0.911667 0.086000 0.080667
2 0.739333 0.921667 0.125333 0.144667
2 0.705000 0.832667 0.048667 0.053333
1 0.679000 0.764000 0.092667 0.109333
2 0.633667 0.655667 0.042000 0.056667
2 0.833000 0.938333 0.064667 0.088667
2 0.803333 0.862667 0.058667 0.065333
2 0.931000 0.893667 0.063333 0.060667
1 0.853333 0.800667 0.072000 0.116000
1 0.815667 0.772333 0.042000 0.084667
2 0.767667 0.772667 0.090000 0.138667
1 0.452667 0.729667 0.065333 0.055333
2 0.533667 0.681333 0.183333 0.156000
2 0.499667 0.584667 0.056667 0.054667
1 0.570667 0.601333 0.057333 0.054667
1 0.415667 0.100667 0.086000 0.094667
1 0.485667 0.131667 0.110000 0.120667
1 0.431667 0.208333 0.102000 0.087333
1 0.438667 0.295333 0.160000 0.136000
1 0.488000 0.401333 0.105333 0.109333
2 0.462000 0.507000 0.101333 0.138000
2 0.549667 0.527667 0.104667 0.118000
1 0.575333 0.431333 0.102667 0.108000
1 0.563667 0.328667 0.107333 0.097333
1 0.537667 0.230000 0.152667 0.125333
1 0.644333 0.257667 0.076667 0.091333
1 0.609333 0.136667 0.154667 0.141333
1 0.552000 0.050000 0.094667 0.088000
2 0.729667 0.141000 0.147333 0.186000
1 0.810000 0.172000 0.141333 0.170667
1 0.915000 0.163000 0.118000 0.111333
1 0.956333 0.075000 0.087333 0.100667
2 0.976667 0.156333 0.044000 0.047333
1 0.775667 0.590333 0.080667 0.087333
1 0.734333 0.679000 0.090000 0.092667
2 0.830333 0.690333 0.095333 0.092667
2 0.929667 0.734667 0.083333 0.093333
2 0.913667 0.646333 0.084667 0.086000
2 0.840000 0.611333 0.060000 0.065333
1 0.682333 0.570667 0.178000 0.173333
1 0.655667 0.362333 0.080667 0.076667
1 0.662333 0.462000 0.123333 0.138667
1 0.790000 0.431667 0.168000 0.182000
2 0.876333 0.526333 0.115333 0.120667
2 0.901000 0.437333 0.092667 0.076000
1 0.720333 0.294333 0.084667 0.110000
1 0.794000 0.322333 0.098667 0.092667
1 0.885333 0.334667 0.105333 0.112000
1 0.883667 0.251333 0.119333 0.068000
2 0.967667 0.462000 0.064667 0.096000
1 0.037000 0.901667 0.072667 0.083333
1 0.379333 0.040333 0.093333 0.080667
1 0.785333 0.033667 0.086667 0.067333
