1 0.156667 0.869333 0.137333 0.070667
1 0.210333 0.812667 0.078000 0.060000
1 0.192333 0.760000 0.080667 0.065333
1 0.300333 0.939667 0.088667 0.094000
2 0.246667 0.947333 0.037333 0.040000
2 0.231000 0.912667 0.036667 0.037333
1 0.317667 0.870000 0.107333 0.089333
1 0.540000 0.943667 0.090667 0.103333
1 0.628667 0.943000 0.098667 0.102000
2 0.223333 0.646667 0.178667 0.158667
2 0.295667 0.758333 0.140667 0.128667
1 0.358000 0.802000 0.060000 0.053333
1 0.396000 0.734000 0.061333 0.102667
1 0.426000 0.808333 0.068000 0.079333
1 0.488000 0.830000 0.161333 0.133333
1 0.587333 0.852000 0.070667 0.086667
1 0.667667 0.862667 0.095333 0.098667
1 0.709667 0.772667 0.087333 0.097333
1 0.606667 0.764667 0.124000 0.108000
1 0.471333 0.773000 0.064000 0.055333
1 0.460667 0.710333 0.068000 0.086000
1 0.359667 0.632333 0.115333 0.114000
2 0.269000 0.513000 0.187333 0.188667
1 0.353333 0.435333 0.092000 0.113333
1 0.412333 0.469000 0.048667 0.080667
1 0.407333 0.572333 0.082667 0.115333
1 0.455333 0.474333 0.073333 0.088667
1 0.498333 0.515000 0.098000 0.087333
1 0.517333 0.686667 0.069333 0.077333
1 0.500333 0.609000 0.116667 0.116667
1 0.588000 0.692333 0.072000 0.070000
1 0.601333 0.623000 0.098667 0.086000
1 0.599000 0.561000 0.067333 0.059333
1 0.674667 0.661333 0.088000 0.101333
1 0.703000 0.583667 0.086000 0.083333
2 0.746000 0.698000 0.036000 0.044000
1 0.758000 0.876000 0.081333 0.100000
1 0.964333 0.937333 0.071333 0.097333
1 0.863333 0.859000 0.098667 0.134000
2 0.944000 0.829333 0.053333 0.065333
1 0.806667 0.744667 0.085333 0.098667
1 0.901000 0.754667 0.110000 0.097333
1 0.789333 0.632667 0.102667 0.100000
1 0.855000 0.689000 0.084667 0.090000
1 0.937000 0.683333 0.087333 0.096000
1 0.887333 0.603333 0.098667 0.089333
2 0.819667 0.558333 0.091333 0.092667
1 0.374000 0.351333 0.053333 0.052000
1 0.453000 0.391000 0.047333 0.050000
1 0.403333 0.296000 0.141333 0.170667
1 0.427333 0.187667 0.106667 0.118000
1 0.501667 0.258000 0.108667 0.132000
1 0.538333 0.436667 0.084667 0.108000
1 0.588000 0.473667 0.044000 0.046000
1 0.635667 0.513667 0.115333 0.110000
1 0.740000 0.512667 0.098667 0.098667
1 0.564000 0.079667 0.100000 0.119333
1 0.553333 0.333333 0.097333 0.112000
1 0.558000 0.202000 0.081333 0.089333
1 0.507333 0.127667 0.097333 0.095333
1 0.615000 0.139333 0.064667 0.061333
1 0.652333 0.042000 0.151333 0.084000
1 0.676667 0.107667 0.077333 0.078000
1 0.643667 0.207000 0.122000 0.115333
1 0.645333 0.404667 0.134667 0.133333
1 0.673333 0.306000 0.118667 0.097333
1 0.773333 0.063333 0.096000 0.102667
1 0.780000 0.157000 0.129333 0.107333
1 0.729667 0.230667 0.127333 0.101333
1 0.886667 0.084667 0.136000 0.148000
1 0.888333 0.194000 0.118000 0.102667
1 0.881667 0.282000 0.098000 0.090667
2 0.814333 0.248000 0.052667 0.056000
1 0.775667 0.329667 0.114000 0.114000
1 0.765667 0.436667 0.130000 0.128000
1 0.863000 0.376333 0.108667 0.118000
1 0.955667 0.381000 0.088667 0.162000
1 0.903333 0.499000 0.138667 0.147333
1 0.136000 0.927667 0.088000 0.054000
0 0.738000 0.963000 0.045333 0.048667
1 0.969333 0.760667 0.061333 0.106667
1 0.973000 0.046667 0.054000 0.080000
