1 0.152000 0.020667 0.061333 0.041333
1 0.167333 0.085667 0.122667 0.088667
1 0.051333 0.136333 0.088000 0.146000
1 0.109000 0.175333 0.039333 0.057333
1 0.147333 0.183333 0.040000 0.068000
1 0.188000 0.173333 0.058667 0.077333
1 0.217333 0.220667 0.058667 0.100000
1 0.286667 0.235000 0.092000 0.138000
1 0.352667 0.254667 0.057333 0.065333
1 0.348000 0.184333 0.064000 0.078000
1 0.270667 0.096000 0.057333 0.062667
1 0.229000 0.044000 0.076667 0.072000
1 0.350000 0.114667 0.088000 0.072000
1 0.474333 0.064333 0.150000 0.120667
1 0.471000 0.139667 0.076667 0.080667
1 0.418000 0.188333 0.085333 0.086000
1 0.430000 0.287667 0.102667 0.120667
1 0.507667 0.303667 0.088667 0.094000
1 0.501000 0.232333 0.050000 0.054000
1 0.551333 0.166333 0.093333 0.119333
1 0.699333 0.047000 0.094667 0.083333
1 0.668000 0.179667 0.160000 0.187333
1 0.814000 0.094000 0.126667 0.108000
2 0.918000 0.138000 0.121333 0.132000
1 0.797333 0.187667 0.101333 0.084667
1 0.744333 0.239000 0.084667 0.087333
1 0.688333 0.281667 0.091333 0.080667
1 0.613333 0.324000 0.058667 0.068000
1 0.691667 0.356000 0.076667 0.070667
2 0.759000 0.378000 0.066000 0.090667
1 0.907667 0.234333 0.086000 0.066000
1 0.839333 0.242667 0.066667 0.066667
1 0.787333 0.279000 0.070667 0.070000
1 0.883667 0.297667 0.083333 0.059333
1 0.923000 0.349000 0.058000 0.051333
1 0.857000 0.402000 0.084667 0.098667
2 0.923667 0.405667 0.043333 0.054000
0 0.740667 0.799667 0.144000 0.178000
0 0.668000 0.761333 0.081333 0.134667
0 0.575000 0.646000 0.166000 0.153333
0 0.451000 0.582333 0.120667 0.168667
0 0.423000 0.668667 0.052667 0.064000
0 0.323667 0.549333 0.088667 0.072000
0 0.240000 0.497667 0.129333 0.108667
0 0.058667 0.488333 0.096000 0.130000
0 0.165000 0.619667 0.098000 0.104667
0 0.238333 0.654667 0.075333 0.082667
0 0.310333 0.693667 0.096667 0.108667
0 0.595000 0.827000 0.130000 0.083333
0 0.588333 0.894333 0.112667 0.090000
0 0.554667 0.930000 0.108000 0.097333
0 0.740667 0.977000 0.045333 0.039333
0 0.480000 0.912000 0.046667 0.038667
0 0.405333 0.861333 0.053333 0.076000
0 0.441333 0.756667 0.110667 0.108000
0 0.345000 0.810333 0.120667 0.099333
0 0.250333 0.816333 0.122000 0.119333
0 0.074333 0.630000 0.094000 0.110667
0 0.082333 0.766000 0.094000 0.082667
0 0.322333 0.929667 0.134000 0.139333
0 0.212667 0.876667 0.120000 0.092000
0 0.059000 0.888333 0.118000 0.103333
0 0.901667 0.941000 0.039333 0.038000
2 0.076333 0.026000 0.079333 0.052000
2 0.939667 0.027333 0.070000 0.054667
2 0.604000 0.042333 0.101333 0.084667
2 0.377667 0.042333 0.087333 0.084667
2 0.286333 0.038333 0.100667 0.075333
2 0.968333 0.258333 0.059333 0.126000
