2 0.885333 0.110333 0.138667 0.118000
2 0.766667 0.152333 0.109333 0.111333
2 0.677333 0.199000 0.064000 0.071333
2 0.593667 0.218333 0.083333 0.098000
2 0.525333 0.241333 0.068000 0.074667
2 0.921667 0.206667 0.072667 0.077333
1 0.865000 0.236667 0.051333 0.068000
1 0.797000 0.253667 0.087333 0.091333
1 0.712667 0.269000 0.090667 0.088667
1 0.641000 0.285667 0.055333 0.050000
1 0.554667 0.315000 0.094667 0.088667
1 0.501667 0.351667 0.087333 0.079333
2 0.446333 0.281333 0.111333 0.097333
2 0.345333 0.325333 0.138667 0.170667
2 0.253667 0.388667 0.124667 0.133333
1 0.161667 0.408667 0.075333 0.081333
2 0.060333 0.426667 0.119333 0.160000
2 0.158333 0.502333 0.064667 0.055333
1 0.053667 0.518333 0.086000 0.076667
1 0.100667 0.556000 0.072000 0.093333
1 0.048333 0.599667 0.071333 0.086000
1 0.107667 0.645000 0.096667 0.084667
1 0.202000 0.589667 0.108000 0.144667
1 0.146000 0.568333 0.062667 0.074000
1 0.105333 0.726000 0.096000 0.089333
2 0.078333 0.913667 0.114000 0.144667
2 0.184667 0.925333 0.098667 0.098667
1 0.150667 0.840000 0.100000 0.077333
1 0.163333 0.772667 0.122667 0.090667
2 0.237667 0.826000 0.084667 0.089333
2 0.271667 0.910000 0.091333 0.088000
1 0.263333 0.745000 0.092000 0.079333
1 0.207667 0.694667 0.111333 0.093333
1 0.328333 0.707667 0.091333 0.080667
1 0.286667 0.649667 0.097333 0.086000
1 0.284000 0.560000 0.108000 0.129333
1 0.261000 0.487000 0.048667 0.060667
1 0.214333 0.474667 0.052667 0.058667
1 0.328667 0.801667 0.094667 0.102000
1 0.366000 0.910667 0.100000 0.102667
2 0.468000 0.894000 0.093333 0.138667
1 0.430333 0.795000 0.112667 0.115333
1 0.427333 0.703000 0.097333 0.087333
1 0.392333 0.624667 0.111333 0.110667
1 0.373000 0.544667 0.094000 0.088000
1 0.355667 0.481000 0.092667 0.090000
2 0.585667 0.960000 0.111333 0.078667
2 0.552333 0.880667 0.096667 0.106667
2 0.686000 0.951667 0.090667 0.095333
2 0.647333 0.875333 0.101333 0.104000
2 0.926000 0.886333 0.102667 0.095333
1 0.804000 0.876333 0.140000 0.116667
2 0.775333 0.813667 0.065333 0.042000
2 0.699333 0.782333 0.050667 0.056667
1 0.518667 0.800000 0.066667 0.065333
1 0.506333 0.743333 0.086000 0.090667
1 0.599333 0.807333 0.110667 0.101333
1 0.614667 0.717667 0.105333 0.108667
1 0.793000 0.741333 0.118000 0.120000
2 0.898000 0.798000 0.110667 0.100000
1 0.903000 0.725000 0.054000 0.051333
1 0.959333 0.682333 0.081333 0.074000
1 0.796333 0.651667 0.050000 0.054000
1 0.708333 0.682333 0.051333 0.046000
1 0.715000 0.728000 0.048667 0.042667
1 0.680000 0.725333 0.033333 0.042667
1 0.686000 0.637667 0.065333 0.056667
1 0.543000 0.657333 0.062000 0.073333
1 0.488667 0.607000 0.129333 0.120667
1 0.458333 0.502333 0.110000 0.080667
1 0.550000 0.547333 0.109333 0.096000
1 0.883667 0.628333 0.118000 0.118000
2 0.967000 0.578333 0.066000 0.072667
1 0.911000 0.509333 0.084667 0.092000
1 0.953000 0.423000 0.087333 0.080667
2 0.839000 0.451000 0.148667 0.108667
2 0.798667 0.365000 0.157333 0.119333
1 0.822667 0.561000 0.102667 0.119333
1 0.727667 0.578000 0.112667 0.129333
1 0.621667 0.612333 0.094000 0.111333
1 0.677000 0.494667 0.147333 0.129333
1 0.879667 0.301000 0.083333 0.072667
1 0.661000 0.349000 0.107333 0.095333
2 0.626667 0.414667 0.134667 0.094667
1 0.504667 0.410667 0.064000 0.053333
1 0.404667 0.384333 0.064000 0.060667
1 0.428667 0.416000 0.105333 0.097333
1 0.554333 0.461667 0.120667 0.118000
0 0.078000 0.071000 0.046667 0.048667
0 0.014333 0.067333 0.027333 0.041333
0 0.743333 0.663333 0.041333 0.044000
0 0.838333 0.166000 0.052667 0.050667
0 0.933667 0.713333 0.028667 0.040000
2 0.951333 0.311333 0.097333 0.170667
2 0.971333 0.505333 0.057333 0.070667
2 0.917000 0.959667 0.119333 0.078000
2 0.799333 0.965667 0.133333 0.067333
2 0.413333 0.975000 0.124000 0.047333
1 0.047333 0.833333 0.093333 0.105333
1 0.035333 0.742000 0.069333 0.112000
