2 0.086000 0.092333 0.101333 0.079333
2 0.068667 0.189667 0.117333 0.108667
2 0.056333 0.264333 0.074000 0.062000
1 0.045000 0.324000 0.051333 0.053333
1 0.113333 0.286333 0.030667 0.031333
1 0.099333 0.344667 0.064000 0.062667
1 0.075333 0.437000 0.078667 0.078000
1 0.143000 0.381000 0.071333 0.063333
1 0.162333 0.460667 0.084667 0.093333
1 0.166667 0.306667 0.048000 0.053333
2 0.264333 0.044000 0.039333 0.041333
2 0.321000 0.072333 0.070000 0.066000
2 0.404667 0.051000 0.094667 0.087333
2 0.465667 0.098333 0.075333 0.066000
2 0.524333 0.068333 0.074000 0.079333
2 0.614333 0.068000 0.068667 0.073333
2 0.698333 0.051000 0.054000 0.064667
2 0.766000 0.082333 0.108000 0.115333
2 0.745667 0.176333 0.079333 0.063333
2 0.720667 0.254667 0.081333 0.072000
2 0.823667 0.224667 0.038000 0.038667
2 0.657333 0.212667 0.053333 0.074667
2 0.595000 0.177667 0.074000 0.075333
2 0.574333 0.253333 0.099333 0.136000
2 0.613000 0.353000 0.084667 0.078000
2 0.534333 0.333333 0.052667 0.054667
2 0.508667 0.179333 0.053333 0.044000
2 0.453333 0.160333 0.046667 0.051333
2 0.433667 0.212000 0.075333 0.097333
2 0.495333 0.243000 0.052000 0.080667
1 0.375333 0.145667 0.093333 0.084667
2 0.249333 0.110333 0.061333 0.070000
2 0.282000 0.157333 0.062667 0.084000
2 0.322667 0.180000 0.040000 0.041333
2 0.237000 0.186667 0.048667 0.044000
2 0.260000 0.242333 0.110667 0.096667
2 0.350000 0.231333 0.054667 0.045333
2 0.260000 0.337667 0.038667 0.052667
2 0.322333 0.301000 0.128667 0.128667
2 0.310667 0.363667 0.030667 0.028667
2 0.268667 0.395000 0.065333 0.063333
3 0.248333 0.459333 0.068667 0.053333
3 0.330667 0.465333 0.069333 0.073333
2 0.381667 0.386333 0.060667 0.082000
2 0.421667 0.306667 0.062000 0.069333
2 0.477000 0.307333 0.058000 0.062667
2 0.792000 0.310333 0.092000 0.087333
2 0.814333 0.451333 0.066000 0.052000
3 0.659667 0.418000 0.040667 0.041333
2 0.579667 0.426000 0.067333 0.058667
2 0.442333 0.360333 0.055333 0.044667
2 0.442000 0.410667 0.066667 0.057333
2 0.490667 0.426333 0.029333 0.020667
3 0.504667 0.464333 0.061333 0.059333
1 0.044000 0.518000 0.072000 0.073333
1 0.105667 0.540000 0.060667 0.064000
1 0.113667 0.598000 0.044667 0.040000
2 0.053333 0.625000 0.080000 0.058000
1 0.088667 0.667667 0.050667 0.035333
2 0.417000 0.497000 0.091333 0.119333
2 0.491000 0.533333 0.062000 0.096000
2 0.565667 0.511333 0.074000 0.096000
2 0.654000 0.497667 0.096000 0.095333
2 0.734667 0.475000 0.076000 0.067333
3 0.812667 0.504000 0.052000 0.057333
2 0.716667 0.569333 0.086667 0.077333
2 0.791000 0.552333 0.076667 0.054000
2 0.762333 0.631667 0.080667 0.055333
1 0.686333 0.650000 0.055333 0.046667
2 0.618667 0.581000 0.074667 0.062000
2 0.533667 0.590000 0.048667 0.049333
3 0.467667 0.622000 0.048667 0.046667
3 0.524000 0.676333 0.092000 0.111333
2 0.604333 0.659333 0.075333 0.096000
1 0.666333 0.707333 0.056667 0.049333
1 0.647667 0.737000 0.054000 0.036667
2 0.659000 0.768333 0.030000 0.031333
1 0.686667 0.763333 0.024000 0.024000
2 0.763000 0.724667 0.067333 0.053333
2 0.830667 0.700000 0.045333 0.062667
2 0.747333 0.793000 0.086667 0.084667
2 0.506667 0.750333 0.068000 0.051333
2 0.581000 0.780000 0.080667 0.076000
2 0.446667 0.734333 0.040000 0.040667
2 0.399333 0.589333 0.078667 0.064000
3 0.326000 0.554000 0.062667 0.080000
2 0.259000 0.537333 0.076667 0.070667
2 0.286333 0.618000 0.096667 0.077333
1 0.184333 0.545667 0.058000 0.074000
2 0.171333 0.624333 0.084000 0.062000
2 0.055000 0.732333 0.074000 0.064667
2 0.076000 0.786333 0.093333 0.070000
1 0.161000 0.749000 0.058000 0.048667
1 0.141667 0.709333 0.058000 0.045333
2 0.189333 0.682000 0.062667 0.078667
2 0.273000 0.715333 0.098000 0.121333
2 0.326667 0.738667 0.069333 0.085333
2 0.399333 0.783000 0.069333 0.064667
3 0.803667 0.782333 0.019333 0.030000
2 0.035000 0.840667 0.068667 0.074667
2 0.098667 0.850667 0.050667 0.057333
2 0.160667 0.840000 0.073333 0.088000
1 0.140000 0.915667 0.034667 0.030000
2 0.037667 0.918667 0.056667 0.044000
2 0.221000 0.923333 0.084667 0.078667
3 0.214333 0.858333 0.032667 0.031333
3 0.236333 0.844000 0.036667 0.036000
2 0.313333 0.842667 0.046667 0.050667
1 0.370000 0.837333 0.052000 0.045333
2 0.419333 0.868333 0.073333 0.080667
3 0.325000 0.917667 0.052667 0.048667
3 0.469000 0.955333 0.040667 0.040000
2 0.525333 0.962000 0.037333 0.033333
2 0.574333 0.948000 0.059333 0.062667
3 0.637667 0.970333 0.060667 0.056667
3 0.480000 0.821000 0.054667 0.068667
3 0.551000 0.861667 0.063333 0.071333
3 0.633000 0.850000 0.095333 0.108000
2 0.683667 0.913333 0.059333 0.044000
2 0.707333 0.862667 0.049333 0.054667
3 0.772667 0.868667 0.064000 0.060000
2 0.819667 0.953000 0.118000 0.092667
3 0.945000 0.889000 0.067333 0.080667
2 0.855667 0.862333 0.098000 0.094000
2 0.869333 0.789667 0.094667 0.091333
2 0.937333 0.806000 0.050667 0.046667
3 0.929000 0.965667 0.083333 0.064667
2 0.905333 0.717333 0.064000 0.054667
2 0.911667 0.680000 0.028667 0.024000
2 0.862667 0.601667 0.082667 0.084667
3 0.947667 0.591333 0.032667 0.036000
2 0.887000 0.523667 0.080667 0.078000
2 0.844000 0.396000 0.076000 0.061333
2 0.743333 0.434333 0.036000 0.027333
2 0.892000 0.447667 0.029333 0.035333
2 0.922667 0.428667 0.049333 0.046667
2 0.868667 0.323333 0.056000 0.057333
3 0.869000 0.233333 0.048667 0.066667
3 0.903000 0.216667 0.055333 0.089333
3 0.940333 0.333667 0.034000 0.039333
3 0.861333 0.078333 0.037333 0.042000
2 0.931667 0.115333 0.079333 0.088000
2 0.168000 0.181000 0.064000 0.046000
0 0.057667 0.961667 0.034000 0.035333
0 0.202667 0.795000 0.066667 0.052667
0 0.277667 0.843333 0.039333 0.050667
0 0.519000 0.796667 0.051333 0.046667
0 0.819333 0.729000 0.040000 0.034000
0 0.427333 0.689667 0.057333 0.071333
0 0.956000 0.631667 0.052000 0.056667
0 0.880000 0.442000 0.049333 0.052000
0 0.762000 0.382000 0.086667 0.081333
0 0.195000 0.261000 0.044667 0.043333
0 0.169333 0.214333 0.052000 0.047333
0 0.638333 0.139000 0.046000 0.039333
3 0.364000 0.965667 0.104000 0.068667
2 0.021667 0.427000 0.042000 0.079333
2 0.117667 0.032667 0.188667 0.064000
2 0.540667 0.020000 0.074667 0.038667
2 0.867333 0.026333 0.132000 0.051333
2 0.959000 0.029333 0.070000 0.057333
2 0.979333 0.145000 0.041333 0.074000
2 0.959333 0.248000 0.081333 0.122667
2 0.953000 0.502000 0.094000 0.113333
2 0.956667 0.734667 0.086667 0.104000
