3 0.777667 0.089000 0.046000 0.050000
2 0.825667 0.093000 0.055333 0.054000
2 0.965333 0.040667 0.052000 0.053333
2 0.926000 0.071333 0.066667 0.056000
2 0.907000 0.122667 0.084667 0.072000
2 0.806667 0.157333 0.101333 0.080000
2 0.890333 0.192000 0.054000 0.066667
2 0.953667 0.203333 0.086000 0.105333
2 0.855667 0.224000 0.043333 0.053333
2 0.778333 0.238333 0.075333 0.087333
2 0.944333 0.297667 0.074000 0.091333
2 0.866000 0.305667 0.100000 0.114000
2 0.782000 0.328333 0.076000 0.083333
2 0.705667 0.365000 0.138000 0.131333
2 0.654333 0.421333 0.076667 0.058667
2 0.814667 0.401333 0.074667 0.068000
2 0.912667 0.403000 0.126667 0.116667
2 0.803333 0.464333 0.058667 0.055333
2 0.868333 0.482333 0.082000 0.080667
2 0.926667 0.510333 0.070667 0.083333
2 0.840333 0.545667 0.051333 0.046000
2 0.900000 0.582333 0.070667 0.072667
2 0.879667 0.648333 0.055333 0.062000
2 0.635667 0.492000 0.155333 0.120000
2 0.652000 0.567667 0.066667 0.054000
2 0.763333 0.531000 0.105333 0.106000
2 0.753000 0.631667 0.115333 0.102000
2 0.830333 0.629667 0.051333 0.072667
2 0.910667 0.732333 0.102667 0.139333
2 0.938000 0.824000 0.028000 0.030667
2 0.841000 0.809333 0.086000 0.093333
2 0.794667 0.715667 0.073333 0.070000
2 0.714667 0.712333 0.089333 0.076667
2 0.675667 0.775333 0.072667 0.077333
1 0.748667 0.782333 0.096000 0.086000
2 0.558333 0.548333 0.110000 0.102000
2 0.523000 0.617667 0.111333 0.082000
2 0.630667 0.636667 0.106667 0.105333
2 0.605333 0.732333 0.101333 0.114000
2 0.507667 0.699000 0.103333 0.080667
2 0.470667 0.774000 0.140000 0.130667
2 0.551333 0.801000 0.065333 0.095333
2 0.503333 0.891333 0.125333 0.114667
2 0.408333 0.900333 0.082000 0.094000
1 0.666667 0.869333 0.085333 0.126667
1 0.745000 0.874000 0.080667 0.100000
2 0.863333 0.887333 0.044000 0.042667
2 0.795000 0.900333 0.042000 0.042000
2 0.814333 0.871667 0.047333 0.046000
2 0.777333 0.953667 0.088000 0.082000
2 0.712000 0.956667 0.048000 0.052000
2 0.653667 0.962000 0.070000 0.076000
2 0.419000 0.626000 0.047333 0.054667
2 0.380000 0.611000 0.028000 0.020667
2 0.398000 0.697667 0.080000 0.088667
2 0.330667 0.687667 0.065333 0.083333
2 0.084000 0.959000 0.061333 0.055333
2 0.053667 0.881333 0.106000 0.090667
2 0.030333 0.736667 0.046000 0.068000
2 0.075667 0.788333 0.080667 0.079333
2 0.148000 0.797000 0.041333 0.043333
2 0.194667 0.853333 0.062667 0.066667
2 0.305667 0.888333 0.051333 0.054000
2 0.325667 0.833667 0.075333 0.058000
2 0.170333 0.703333 0.050000 0.064000
2 0.237667 0.711000 0.118000 0.154000
2 0.282000 0.621000 0.109333 0.083333
2 0.290333 0.558000 0.035333 0.032000
2 0.252000 0.486000 0.072000 0.070667
2 0.075000 0.462667 0.038000 0.036000
2 0.165333 0.458667 0.085333 0.080000
2 0.205667 0.360333 0.046000 0.052667
2 0.284000 0.403333 0.072000 0.072000
2 0.329333 0.336000 0.029333 0.037333
2 0.373667 0.398333 0.023333 0.028667
2 0.486333 0.475333 0.051333 0.056000
2 0.548000 0.363000 0.053333 0.060667
2 0.477667 0.387667 0.043333 0.083333
2 0.072667 0.197000 0.066667 0.062000
2 0.100667 0.136333 0.122667 0.114000
2 0.117333 0.049000 0.110667 0.086000
2 0.245000 0.078667 0.088667 0.096000
2 0.212333 0.174667 0.090000 0.088000
2 0.181667 0.244333 0.082000 0.079333
2 0.270667 0.226333 0.070667 0.082000
3 0.313333 0.111333 0.033333 0.030667
2 0.311667 0.176000 0.024667 0.032000
2 0.372333 0.187000 0.046000 0.051333
2 0.394000 0.125333 0.064000 0.064000
2 0.524667 0.162000 0.033333 0.034667
2 0.544667 0.136000 0.073333 0.065333
2 0.523667 0.023333 0.051333 0.045333
2 0.628000 0.033000 0.062667 0.064667
2 0.572000 0.062667 0.032000 0.028000
2 0.707667 0.028333 0.063333 0.055333
2 0.704667 0.094333 0.066667 0.076667
2 0.660667 0.154000 0.069333 0.070667
3 0.630667 0.231667 0.073333 0.068667
0 0.119667 0.863333 0.040667 0.038667
0 0.592667 0.837000 0.046667 0.080667
0 0.979667 0.735333 0.040667 0.048000
0 0.113667 0.681000 0.039333 0.039333
0 0.151333 0.583000 0.065333 0.070000
0 0.222333 0.546667 0.079333 0.070667
0 0.321333 0.501000 0.048000 0.047333
0 0.386000 0.438667 0.045333 0.044000
0 0.228000 0.406667 0.056000 0.040000
0 0.056667 0.252333 0.046667 0.040667
0 0.122667 0.293333 0.074667 0.080000
0 0.237000 0.300333 0.040667 0.050000
0 0.369667 0.265333 0.050000 0.057333
0 0.497333 0.243667 0.052000 0.056667
0 0.562667 0.198000 0.050667 0.052000
0 0.239667 0.017333 0.046000 0.030667
0 0.390667 0.071667 0.072000 0.050000
2 0.852000 0.966667 0.089333 0.066667
2 0.596667 0.978333 0.050667 0.043333
2 0.488667 0.968333 0.098667 0.063333
2 0.378333 0.962333 0.098000 0.075333
2 0.021667 0.575333 0.039333 0.070667
2 0.029000 0.027000 0.056667 0.052667
2 0.834667 0.030000 0.145333 0.058667
2 0.975667 0.584667 0.048667 0.078667
