2 0.657000 0.102667 0.058000 0.074667
2 0.743667 0.086000 0.078000 0.102667
2 0.729667 0.172667 0.068667 0.068000
1 0.688333 0.276000 0.051333 0.057333
1 0.757333 0.243333 0.024000 0.024000
2 0.734333 0.373000 0.060667 0.075333
1 0.770333 0.391667 0.028667 0.034000
2 0.707000 0.567333 0.054000 0.048000
2 0.741667 0.718000 0.052667 0.058667
2 0.476000 0.907333 0.053333 0.058667
2 0.664333 0.894000 0.088667 0.089333
3 0.728333 0.810667 0.086000 0.056000
3 0.733667 0.856000 0.070000 0.058667
3 0.854667 0.861333 0.098667 0.117333
2 0.942667 0.843667 0.114667 0.106000
2 0.925667 0.953333 0.143333 0.089333
3 0.811667 0.663667 0.084667 0.070000
3 0.897667 0.702333 0.116667 0.078000
2 0.950000 0.759333 0.100000 0.066667
2 0.900000 0.606667 0.156000 0.142667
2 0.802000 0.558667 0.026667 0.029333
2 0.776667 0.460000 0.046667 0.038667
2 0.791000 0.501667 0.047333 0.035333
2 0.841333 0.476667 0.060000 0.072000
3 0.890333 0.480000 0.039333 0.064000
3 0.857667 0.389333 0.086000 0.078667
2 0.855333 0.322667 0.054667 0.036000
2 0.929667 0.358667 0.063333 0.060000
2 0.964667 0.393000 0.054667 0.052667
3 0.902000 0.177667 0.077333 0.071333
3 0.808667 0.172667 0.085333 0.086667
2 0.814333 0.279000 0.066000 0.051333
2 0.912667 0.114000 0.049333 0.038667
2 0.966667 0.152000 0.052000 0.072000
2 0.935000 0.035000 0.076667 0.066000
2 0.977333 0.073333 0.042667 0.042667
3 0.938000 0.441667 0.076000 0.078000
0 0.070667 0.828667 0.140000 0.244000
0 0.269333 0.852333 0.250667 0.255333
0 0.425333 0.969000 0.061333 0.060667
0 0.574667 0.900667 0.104000 0.100000
0 0.634667 0.723667 0.184000 0.172667
0 0.138667 0.633000 0.166667 0.163333
0 0.298667 0.679333 0.165333 0.134667
0 0.446333 0.664667 0.140667 0.156000
0 0.585333 0.534667 0.184000 0.162667
0 0.296000 0.579000 0.134667 0.124667
0 0.125667 0.399333 0.250000 0.245333
0 0.316000 0.440000 0.196000 0.210667
0 0.462333 0.439667 0.156667 0.198000
0 0.622667 0.380000 0.206667 0.161333
0 0.139333 0.139667 0.277333 0.259333
0 0.380000 0.242000 0.184000 0.188000
0 0.576333 0.221667 0.176667 0.170000
0 0.346667 0.112667 0.141333 0.145333
0 0.414000 0.088667 0.212000 0.176000
0 0.769333 0.922333 0.064000 0.047333
3 0.950333 0.267000 0.099333 0.120667
