2 0.068667 0.906000 0.072000 0.058667
3 0.125000 0.934333 0.062000 0.076667
3 0.112667 0.831667 0.057333 0.059333
2 0.036000 0.750333 0.070667 0.072667
2 0.120667 0.745000 0.093333 0.080667
3 0.129333 0.691333 0.073333 0.057333
3 0.201333 0.754000 0.054667 0.042667
2 0.271667 0.749667 0.050000 0.048667
2 0.347333 0.729000 0.054667 0.059333
2 0.297333 0.671333 0.073333 0.072000
2 0.215000 0.659000 0.084667 0.083333
3 0.319667 0.601333 0.084667 0.070667
3 0.251667 0.567667 0.084667 0.074000
2 0.209000 0.525333 0.047333 0.041333
2 0.113333 0.601000 0.064000 0.062000
2 0.041000 0.605333 0.072667 0.062667
2 0.067333 0.556000 0.061333 0.046667
2 0.050667 0.510000 0.086667 0.074667
2 0.067333 0.433333 0.086667 0.068000
2 0.130667 0.466667 0.070667 0.065333
3 0.127000 0.540667 0.055333 0.056000
2 0.276000 0.514333 0.033333 0.027333
2 0.337667 0.529333 0.090000 0.066667
2 0.400667 0.550333 0.061333 0.063333
2 0.472333 0.545333 0.048667 0.037333
2 0.423333 0.487000 0.065333 0.056667
2 0.370333 0.471667 0.047333 0.054000
2 0.232667 0.451000 0.050667 0.043333
2 0.287667 0.471333 0.076667 0.061333
2 0.119333 0.371333 0.042667 0.044000
2 0.181000 0.393667 0.047333 0.044667
2 0.305333 0.402667 0.070667 0.062667
2 0.516000 0.296000 0.061333 0.061333
2 0.344000 0.332333 0.072000 0.078000
2 0.283333 0.336667 0.040000 0.030667
2 0.254000 0.396333 0.037333 0.058000
2 0.140333 0.289333 0.046000 0.041333
2 0.229000 0.319667 0.046000 0.047333
2 0.301333 0.277333 0.054667 0.057333
2 0.386000 0.272000 0.042667 0.040000
1 0.376667 0.219333 0.032000 0.032000
1 0.279333 0.124667 0.024000 0.021333
2 0.335667 0.184333 0.016667 0.020667
2 0.243000 0.197333 0.040667 0.033333
3 0.264000 0.234333 0.062667 0.051333
2 0.218333 0.272333 0.048667 0.050000
2 0.066667 0.281667 0.057333 0.056667
2 0.167667 0.218000 0.052667 0.065333
2 0.185667 0.156667 0.047333 0.045333
1 0.136000 0.098333 0.040000 0.035333
2 0.151333 0.041333 0.076000 0.065333
2 0.029000 0.026667 0.046000 0.044000
2 0.074333 0.191333 0.075333 0.065333
2 0.024333 0.200333 0.047333 0.072667
0 0.305000 0.886333 0.318000 0.227333
0 0.615000 0.871333 0.311333 0.257333
0 0.639667 0.636000 0.270000 0.220000
0 0.827000 0.581000 0.111333 0.110000
0 0.909667 0.532333 0.119333 0.148667
0 0.930667 0.334000 0.138667 0.156000
0 0.806667 0.377000 0.180000 0.178000
0 0.619667 0.478667 0.036667 0.040000
0 0.193667 0.458000 0.048667 0.045333
0 0.482667 0.392667 0.044000 0.040000
0 0.500667 0.431333 0.040000 0.030667
0 0.495667 0.473667 0.050000 0.043333
0 0.749667 0.262000 0.047333 0.062667
0 0.699000 0.260000 0.060667 0.060000
0 0.644000 0.246667 0.049333 0.042667
0 0.543000 0.225333 0.076667 0.068000
0 0.475667 0.233667 0.039333 0.043333
0 0.449667 0.249000 0.038000 0.034000
0 0.401000 0.150333 0.048667 0.052667
0 0.460000 0.132333 0.041333 0.040667
0 0.705000 0.141667 0.048667 0.034000
0 0.810667 0.125333 0.041333 0.030667
0 0.682667 0.074000 0.044000 0.046667
0 0.619667 0.117000 0.050000 0.060667
0 0.470667 0.179667 0.052000 0.050000
0 0.365000 0.176667 0.048667 0.036000
0 0.323667 0.109667 0.038000 0.054000
0 0.364333 0.071000 0.034000 0.038000
0 0.399667 0.070333 0.036667 0.039333
0 0.793333 0.078000 0.049333 0.052000
0 0.966333 0.155333 0.062000 0.070667
0 0.559333 0.407667 0.041333 0.034000
0 0.478333 0.689000 0.056667 0.088667
2 0.050333 0.969000 0.083333 0.062000
2 0.039000 0.831667 0.076667 0.107333
2 0.050667 0.345333 0.100000 0.097333
2 0.052667 0.103000 0.104000 0.099333
