2 0.841000 0.210667 0.096667 0.098667
2 0.814000 0.305333 0.078667 0.065333
2 0.906333 0.308000 0.096667 0.106667
2 0.881333 0.393000 0.074667 0.082000
3 0.797333 0.401333 0.073333 0.065333
2 0.770000 0.485000 0.058667 0.058000
2 0.924333 0.495667 0.094000 0.079333
2 0.946333 0.595333 0.107333 0.122667
2 0.867333 0.640000 0.074667 0.054667
2 0.884667 0.556667 0.034667 0.040000
2 0.812333 0.590000 0.112667 0.114667
2 0.708333 0.601000 0.090000 0.123333
2 0.759000 0.659333 0.080667 0.070667
2 0.724333 0.719000 0.055333 0.056667
2 0.809667 0.715667 0.107333 0.096667
2 0.916667 0.708333 0.101333 0.084667
2 0.963333 0.790333 0.069333 0.083333
2 0.958333 0.842000 0.035333 0.030667
2 0.885667 0.785000 0.080667 0.072667
2 0.786667 0.804333 0.130667 0.111333
2 0.856333 0.858000 0.096667 0.073333
2 0.915333 0.920000 0.070667 0.069333
2 0.754667 0.924667 0.072000 0.118667
2 0.578333 0.827333 0.044667 0.040000
2 0.843667 0.946000 0.132667 0.108000
2 0.650000 0.916333 0.176000 0.167333
2 0.625667 0.761000 0.130000 0.146000
2 0.526333 0.662667 0.074000 0.069333
2 0.622333 0.607333 0.076667 0.089333
3 0.639667 0.532333 0.042000 0.050000
2 0.547333 0.566333 0.096000 0.112667
2 0.401667 0.542333 0.082000 0.080667
2 0.355000 0.597000 0.060667 0.048667
2 0.232000 0.655667 0.060000 0.052667
2 0.128667 0.603333 0.033333 0.036000
3 0.138667 0.677333 0.098667 0.093333
3 0.119333 0.747667 0.101333 0.063333
2 0.041000 0.761667 0.060667 0.083333
2 0.288667 0.764333 0.070667 0.072667
3 0.391000 0.733000 0.108667 0.112667
3 0.328667 0.676667 0.025333 0.030667
3 0.360333 0.795667 0.075333 0.076667
3 0.333333 0.863000 0.068000 0.072667
3 0.223667 0.911333 0.079333 0.100000
2 0.118000 0.881667 0.121333 0.118000
2 0.098333 0.968333 0.098000 0.063333
2 0.426333 0.457333 0.087333 0.082667
2 0.520000 0.441333 0.094667 0.096000
2 0.605667 0.432333 0.043333 0.042000
2 0.565333 0.343000 0.121333 0.112667
2 0.468667 0.372000 0.092000 0.101333
2 0.603667 0.240000 0.083333 0.096000
2 0.628667 0.165000 0.069333 0.051333
2 0.666000 0.081000 0.061333 0.080667
2 0.546333 0.142000 0.080667 0.074667
2 0.520333 0.214333 0.083333 0.088667
2 0.425000 0.027000 0.048667 0.050000
2 0.506000 0.053333 0.100000 0.105333
2 0.473667 0.121333 0.035333 0.030667
2 0.352000 0.090667 0.041333 0.050667
2 0.154667 0.062667 0.100000 0.094667
2 0.060667 0.061000 0.097333 0.120667
2 0.215000 0.208667 0.118000 0.120000
3 0.295333 0.247667 0.069333 0.072667
3 0.360000 0.274667 0.068000 0.070667
3 0.388333 0.198000 0.060667 0.068000
3 0.419333 0.247000 0.070667 0.076667
3 0.322333 0.360000 0.084667 0.092000
2 0.248000 0.335667 0.061333 0.074000
2 0.066000 0.323333 0.113333 0.093333
3 0.158333 0.348333 0.068667 0.064667
2 0.225333 0.401667 0.098667 0.078000
2 0.119000 0.406000 0.083333 0.064000
3 0.169000 0.460000 0.055333 0.056000
3 0.149000 0.524000 0.050000 0.053333
2 0.066000 0.534333 0.097333 0.082000
0 0.529667 0.940000 0.050000 0.070667
0 0.412333 0.918667 0.054000 0.061333
0 0.312000 0.945333 0.046667 0.066667
0 0.284000 0.880000 0.062667 0.048000
0 0.402333 0.855000 0.055333 0.062000
0 0.478000 0.834667 0.057333 0.052000
0 0.476667 0.880667 0.045333 0.050667
0 0.464333 0.735333 0.059333 0.057333
0 0.520333 0.732000 0.050000 0.044000
0 0.216667 0.776333 0.066667 0.075333
0 0.087000 0.804667 0.051333 0.041333
0 0.436000 0.669333 0.053333 0.058667
0 0.438333 0.610000 0.044667 0.041333
0 0.285667 0.632667 0.067333 0.049333
0 0.256000 0.597333 0.052000 0.042667
0 0.241667 0.557667 0.047333 0.040667
0 0.197333 0.576667 0.048000 0.040000
0 0.249000 0.476333 0.048667 0.056667
0 0.706667 0.518000 0.046667 0.041333
0 0.801333 0.523333 0.066667 0.040000
0 0.828333 0.438333 0.062000 0.051333
0 0.710000 0.334333 0.074667 0.083333
0 0.599667 0.303667 0.046000 0.039333
0 0.469667 0.298667 0.047333 0.056000
0 0.382000 0.400333 0.040000 0.050000
0 0.121000 0.216000 0.052667 0.050667
0 0.144000 0.274667 0.040000 0.037333
0 0.252333 0.132667 0.047333 0.044000
0 0.681667 0.218667 0.047333 0.054667
0 0.723667 0.259000 0.062000 0.052667
0 0.752667 0.221667 0.086667 0.079333
0 0.959667 0.183000 0.070000 0.070000
0 0.902667 0.074667 0.058667 0.064000
0 0.809333 0.082667 0.072000 0.074667
0 0.792333 0.149000 0.072667 0.064667
0 0.749667 0.066000 0.060667 0.061333
0 0.607667 0.101333 0.058000 0.050667
0 0.287000 0.083000 0.067333 0.071333
2 0.366333 0.961333 0.084667 0.077333
2 0.027333 0.448667 0.053333 0.068000
2 0.037000 0.204333 0.072667 0.131333
2 0.957000 0.970333 0.076667 0.059333
