2 0.066667 0.077667 0.093333 0.110000
2 0.156333 0.047667 0.088667 0.086000
2 0.226333 0.044333 0.076667 0.084667
2 0.110000 0.121333 0.096000 0.110667
2 0.220000 0.122000 0.136000 0.104000
2 0.038667 0.202333 0.065333 0.054000
2 0.111333 0.215667 0.093333 0.086000
2 0.234667 0.223333 0.178667 0.137333
2 0.262667 0.310667 0.093333 0.093333
2 0.314667 0.055333 0.089333 0.109333
2 0.354000 0.226000 0.065333 0.070667
2 0.163333 0.374333 0.102667 0.116667
2 0.069000 0.377333 0.088667 0.096000
3 0.185333 0.480333 0.125333 0.084667
2 0.278000 0.561333 0.101333 0.133333
2 0.348667 0.483000 0.090667 0.084667
2 0.405000 0.413000 0.139333 0.124667
2 0.376333 0.306667 0.123333 0.129333
2 0.461667 0.302667 0.050000 0.093333
2 0.379333 0.577667 0.098667 0.112667
2 0.327000 0.649000 0.106000 0.096667
3 0.309667 0.742667 0.046000 0.054667
2 0.232667 0.729000 0.089333 0.120667
2 0.149333 0.810000 0.082667 0.102667
3 0.227000 0.844333 0.124667 0.110000
3 0.204333 0.915000 0.040667 0.035333
3 0.194333 0.966333 0.046000 0.048667
2 0.363667 0.828667 0.087333 0.104000
3 0.296000 0.902667 0.062667 0.073333
3 0.384667 0.928333 0.088000 0.083333
2 0.462667 0.896333 0.073333 0.083333
2 0.539000 0.960000 0.126000 0.074667
2 0.421000 0.083667 0.159333 0.163333
2 0.499333 0.154333 0.189333 0.186000
2 0.591000 0.131000 0.122000 0.163333
2 0.695000 0.073333 0.083333 0.090667
2 0.822333 0.101000 0.071333 0.082000
2 0.928333 0.114333 0.116667 0.091333
2 0.675000 0.173333 0.126000 0.137333
2 0.782667 0.160333 0.108000 0.086000
2 0.937000 0.210667 0.116667 0.104000
2 0.753000 0.233667 0.148667 0.127333
2 0.887000 0.258667 0.155333 0.144000
2 0.826333 0.330000 0.138000 0.096000
2 0.695333 0.329000 0.130667 0.154000
2 0.548000 0.295333 0.172000 0.162667
2 0.540000 0.386667 0.065333 0.069333
2 0.626333 0.385667 0.184667 0.123333
2 0.825000 0.459667 0.220667 0.179333
2 0.853000 0.523333 0.048667 0.052000
2 0.870000 0.588333 0.069333 0.079333
2 0.786000 0.608000 0.098667 0.096000
2 0.621000 0.535667 0.207333 0.192667
2 0.468000 0.541333 0.132000 0.157333
2 0.433333 0.686667 0.148000 0.130667
2 0.568333 0.683667 0.148667 0.147333
2 0.486000 0.801000 0.198667 0.156667
2 0.632000 0.787333 0.118667 0.170667
2 0.697333 0.875333 0.088000 0.074667
2 0.757000 0.777000 0.171333 0.255333
2 0.890333 0.714333 0.182000 0.208667
2 0.847333 0.929000 0.142667 0.115333
2 0.579000 0.884333 0.072667 0.068667
0 0.078667 0.916000 0.156000 0.168000
0 0.085333 0.683000 0.169333 0.174000
0 0.140667 0.596333 0.176000 0.190000
0 0.044333 0.541000 0.086000 0.083333
0 0.306667 0.410000 0.029333 0.030667
2 0.927667 0.884000 0.144667 0.222667
2 0.957333 0.038333 0.084000 0.075333
2 0.054667 0.277000 0.106667 0.115333
2 0.036333 0.454667 0.071333 0.092000
