3 0.854000 0.081333 0.068000 0.065333
3 0.934000 0.077333 0.072000 0.076000
3 0.758333 0.111333 0.092667 0.092000
2 0.805000 0.175333 0.127333 0.094667
2 0.913333 0.192667 0.092000 0.137333
2 0.859667 0.267667 0.104667 0.095333
2 0.763000 0.255333 0.078000 0.078667
3 0.641000 0.178000 0.072667 0.066667
3 0.546667 0.174667 0.108000 0.109333
3 0.617333 0.254000 0.066667 0.068000
2 0.691000 0.252333 0.063333 0.059333
2 0.682000 0.319667 0.081333 0.088667
3 0.393000 0.214000 0.059333 0.069333
3 0.466333 0.223333 0.050000 0.060000
2 0.487333 0.308667 0.060000 0.058667
2 0.771667 0.344667 0.080667 0.093333
2 0.835333 0.360333 0.069333 0.094000
2 0.891667 0.385333 0.059333 0.100000
2 0.965667 0.372333 0.068667 0.071333
2 0.945000 0.436333 0.086000 0.078000
2 0.910667 0.500333 0.097333 0.078000
2 0.978000 0.518000 0.044000 0.065333
2 0.800000 0.431000 0.081333 0.078000
2 0.752000 0.502333 0.161333 0.159333
2 0.795000 0.572000 0.058000 0.073333
2 0.856667 0.585000 0.068000 0.080667
2 0.589667 0.412333 0.075333 0.084667
2 0.672333 0.415667 0.082000 0.086000
3 0.516000 0.408000 0.072000 0.085333
2 0.532667 0.497000 0.092000 0.092667
2 0.547333 0.654000 0.124000 0.209333
2 0.657000 0.588333 0.084667 0.084667
2 0.636667 0.666333 0.072000 0.084667
2 0.640000 0.742000 0.068000 0.074667
2 0.716000 0.677333 0.082667 0.109333
2 0.807667 0.642667 0.066000 0.054667
2 0.821667 0.706667 0.111333 0.096000
2 0.900667 0.699000 0.058667 0.132667
2 0.964667 0.701000 0.064000 0.123333
2 0.802000 0.768667 0.072000 0.061333
2 0.700000 0.782333 0.096000 0.106000
2 0.745333 0.831667 0.061333 0.056667
2 0.820333 0.861333 0.091333 0.097333
2 0.914667 0.871333 0.100000 0.108000
2 0.739000 0.885333 0.079333 0.069333
2 0.661000 0.897333 0.059333 0.066667
2 0.727667 0.941333 0.087333 0.076000
2 0.120333 0.348333 0.080667 0.064667
2 0.207667 0.360000 0.091333 0.092000
2 0.302667 0.369667 0.104000 0.122000
2 0.384667 0.395333 0.062667 0.065333
2 0.448667 0.367667 0.088000 0.071333
2 0.448000 0.474667 0.074667 0.085333
2 0.437667 0.564333 0.084667 0.078000
2 0.347667 0.472333 0.083333 0.083333
2 0.251333 0.443667 0.109333 0.088667
2 0.128000 0.424000 0.137333 0.082667
2 0.176333 0.486333 0.090000 0.122000
2 0.249333 0.532333 0.072000 0.070000
2 0.077667 0.510000 0.115333 0.110667
2 0.129667 0.583667 0.086000 0.083333
2 0.058667 0.617333 0.116000 0.094667
2 0.209667 0.610667 0.095333 0.090667
2 0.054000 0.731667 0.104000 0.082000
2 0.134000 0.720667 0.069333 0.104000
2 0.211667 0.713000 0.124667 0.111333
2 0.076000 0.819000 0.133333 0.179333
2 0.190333 0.836000 0.110000 0.106667
2 0.194333 0.924667 0.076667 0.073333
2 0.274333 0.819000 0.075333 0.115333
2 0.347000 0.805000 0.087333 0.082000
2 0.384333 0.735000 0.086000 0.078000
2 0.277667 0.921333 0.082000 0.072000
2 0.281333 0.977333 0.066667 0.045333
2 0.366000 0.887667 0.072000 0.083333
2 0.498667 0.753000 0.114667 0.119333
2 0.446333 0.849000 0.078000 0.088667
2 0.530000 0.845000 0.094667 0.083333
2 0.583667 0.939333 0.084667 0.105333
2 0.507667 0.935000 0.075333 0.127333
2 0.434000 0.944667 0.089333 0.108000
2 0.319333 0.557333 0.068000 0.066667
2 0.438000 0.645000 0.072000 0.091333
2 0.372000 0.635000 0.062667 0.119333
2 0.304000 0.685333 0.073333 0.064000
2 0.298000 0.624667 0.094667 0.073333
0 0.616667 0.514333 0.100000 0.114000
0 0.082000 0.082333 0.162667 0.163333
2 0.912667 0.969000 0.100000 0.062000
2 0.346667 0.973667 0.066667 0.052667
2 0.958333 0.615667 0.083333 0.090000
2 0.947333 0.826000 0.105333 0.133333
0 0.152667 0.138667 0.176000 0.216000
0 0.300000 0.153333 0.192000 0.226667
