1 0.090667 0.911667 0.066667 0.086000
1 0.157333 0.846333 0.141333 0.158000
2 0.192000 0.705333 0.122667 0.126667
2 0.288000 0.743333 0.108000 0.132000
1 0.187000 0.959667 0.104667 0.079333
1 0.268000 0.888667 0.162667 0.170667
1 0.393000 0.936667 0.154000 0.125333
2 0.397667 0.825667 0.127333 0.139333
2 0.414000 0.711333 0.102667 0.104000
1 0.424000 0.607667 0.082667 0.075333
2 0.573333 0.909000 0.165333 0.180667
2 0.504000 0.846000 0.096000 0.101333
2 0.516333 0.755667 0.110000 0.079333
2 0.517000 0.666667 0.147333 0.142667
1 0.770667 0.941667 0.170667 0.115333
1 0.718667 0.843667 0.161333 0.160667
1 0.766333 0.770000 0.131333 0.133333
1 0.849000 0.766667 0.044667 0.070667
2 0.817333 0.673333 0.066667 0.062667
2 0.671667 0.686000 0.146000 0.104000
2 0.622667 0.779667 0.110667 0.108667
1 0.528333 0.552333 0.083333 0.086000
1 0.610667 0.558333 0.093333 0.098000
1 0.676000 0.600667 0.093333 0.082667
1 0.930667 0.718333 0.128000 0.143333
1 0.082333 0.557667 0.080667 0.075333
1 0.072000 0.431333 0.134667 0.110667
1 0.068333 0.325000 0.108667 0.135333
1 0.123333 0.105000 0.162667 0.183333
1 0.165000 0.518000 0.171333 0.170667
1 0.263333 0.554667 0.065333 0.074667
1 0.208000 0.411667 0.062667 0.080667
1 0.181000 0.324000 0.150000 0.197333
1 0.265000 0.359000 0.074000 0.114000
1 0.197667 0.205333 0.119333 0.098667
1 0.279000 0.132667 0.148667 0.146667
1 0.351667 0.232667 0.155333 0.136000
1 0.379667 0.365333 0.160667 0.168000
1 0.298333 0.453667 0.087333 0.111333
1 0.429000 0.424333 0.084667 0.096667
1 0.375333 0.509667 0.094667 0.107333
1 0.456000 0.515000 0.108000 0.115333
1 0.461333 0.318000 0.100000 0.104000
1 0.487333 0.204667 0.157333 0.130667
1 0.381667 0.080333 0.135333 0.156667
1 0.470333 0.102000 0.120667 0.105333
1 0.551667 0.430000 0.172667 0.194667
1 0.569000 0.298000 0.140667 0.158667
1 0.677333 0.440000 0.093333 0.104000
1 0.678667 0.331333 0.132000 0.133333
1 0.618333 0.146333 0.172667 0.186000
1 0.662667 0.033000 0.094667 0.066000
1 0.748333 0.261667 0.146000 0.172667
1 0.774667 0.105000 0.154667 0.150000
2 0.808000 0.512667 0.170667 0.162667
2 0.880333 0.585000 0.079333 0.084667
2 0.946667 0.615333 0.104000 0.109333
2 0.948333 0.509000 0.082000 0.078000
2 0.942000 0.425667 0.072000 0.083333
2 0.818333 0.386667 0.183333 0.110667
2 0.854000 0.184000 0.098667 0.113333
1 0.846333 0.289667 0.114000 0.124667
1 0.931000 0.275667 0.111333 0.180667
2 0.935333 0.146000 0.105333 0.098667
2 0.927333 0.056667 0.112000 0.113333
2 0.553000 0.042333 0.107333 0.084667
