2 0.081000 0.058000 0.052667 0.054667
2 0.044667 0.154667 0.068000 0.074667
2 0.213333 0.104667 0.066667 0.072000
2 0.134667 0.103667 0.088000 0.076667
2 0.202333 0.176000 0.050000 0.062667
2 0.143667 0.159333 0.044667 0.034667
2 0.114000 0.189333 0.073333 0.077333
2 0.177333 0.252333 0.072000 0.090000
2 0.073000 0.272667 0.124667 0.102667
2 0.141667 0.329333 0.082000 0.069333
2 0.053333 0.368000 0.105333 0.098667
2 0.519000 0.056667 0.088667 0.098667
2 0.487333 0.146667 0.062667 0.062667
2 0.453667 0.213000 0.050000 0.042000
2 0.432000 0.269000 0.073333 0.074000
2 0.387667 0.338000 0.107333 0.130667
2 0.349333 0.445000 0.100000 0.078000
2 0.337000 0.532333 0.114000 0.094000
2 0.303333 0.602333 0.097333 0.082000
2 0.286000 0.675000 0.098667 0.082000
2 0.244667 0.785000 0.096000 0.114000
2 0.285333 0.825333 0.058667 0.072000
2 0.349333 0.780333 0.050667 0.056667
2 0.248667 0.926000 0.060000 0.062667
2 0.048000 0.940667 0.074667 0.064000
2 0.150000 0.894333 0.096000 0.087333
2 0.054667 0.854667 0.105333 0.100000
2 0.071000 0.770333 0.087333 0.082000
2 0.148667 0.813667 0.098667 0.087333
2 0.171333 0.731667 0.105333 0.092667
2 0.083333 0.679333 0.109333 0.097333
2 0.198000 0.649000 0.056000 0.067333
2 0.226667 0.555000 0.070667 0.079333
2 0.120000 0.601667 0.108000 0.083333
2 0.075000 0.534000 0.064667 0.066667
2 0.146667 0.497667 0.122667 0.119333
2 0.188333 0.412333 0.091333 0.084667
2 0.246000 0.471000 0.093333 0.088667
2 0.288333 0.386000 0.088667 0.068000
2 0.228000 0.334333 0.106667 0.082000
2 0.259000 0.237333 0.091333 0.104000
2 0.290333 0.143667 0.079333 0.083333
2 0.336000 0.060000 0.026667 0.028000
2 0.411667 0.058667 0.042000 0.044000
2 0.393667 0.128333 0.124667 0.124667
2 0.354000 0.211333 0.093333 0.108000
3 0.323000 0.294333 0.044667 0.056667
3 0.773000 0.104000 0.094000 0.096000
3 0.742000 0.186667 0.065333 0.041333
2 0.734000 0.258333 0.120000 0.082000
2 0.675000 0.425333 0.156667 0.161333
2 0.646333 0.526667 0.080667 0.072000
2 0.625333 0.581667 0.065333 0.054000
2 0.635667 0.643333 0.080667 0.074667
3 0.608333 0.751000 0.028667 0.020667
3 0.581000 0.840667 0.050000 0.050667
2 0.641000 0.928000 0.072667 0.102667
2 0.573333 0.920667 0.068000 0.104000
2 0.513333 0.831667 0.074667 0.079333
2 0.342333 0.874000 0.072667 0.072000
2 0.432667 0.850667 0.100000 0.133333
2 0.462333 0.919667 0.112667 0.086000
2 0.367000 0.722000 0.082000 0.070667
2 0.500667 0.761000 0.105333 0.079333
2 0.473000 0.708667 0.139333 0.122667
2 0.389667 0.651667 0.108667 0.080667
2 0.523000 0.611333 0.075333 0.072000
2 0.420000 0.576667 0.130667 0.110667
2 0.445667 0.477667 0.090000 0.082000
2 0.528667 0.537333 0.100000 0.070667
2 0.551333 0.458333 0.106667 0.115333
2 0.477000 0.405333 0.091333 0.073333
2 0.594667 0.066333 0.060000 0.082000
2 0.609667 0.013667 0.028667 0.026000
2 0.671000 0.070333 0.090000 0.084667
2 0.653667 0.147667 0.080667 0.083333
2 0.561667 0.152667 0.091333 0.068000
2 0.539000 0.229000 0.107333 0.092667
2 0.633667 0.218667 0.084667 0.069333
2 0.620667 0.307333 0.126667 0.113333
2 0.500000 0.318000 0.109333 0.101333
2 0.871667 0.017667 0.055333 0.026000
2 0.950000 0.025333 0.057333 0.044000
2 0.868333 0.052667 0.048667 0.040000
2 0.866667 0.103333 0.088000 0.066667
2 0.947667 0.127000 0.104667 0.150000
2 0.909667 0.225333 0.043333 0.041333
2 0.842333 0.182333 0.096667 0.100667
2 0.824333 0.251667 0.044667 0.044667
2 0.884333 0.296333 0.052667 0.047333
2 0.810667 0.321333 0.094667 0.089333
2 0.879333 0.357333 0.065333 0.080000
2 0.926333 0.365000 0.051333 0.064667
2 0.971333 0.351000 0.057333 0.074000
2 0.953000 0.433667 0.094000 0.088667
2 0.875667 0.455000 0.091333 0.084667
2 0.795333 0.388667 0.102667 0.106667
2 0.787000 0.484333 0.091333 0.079333
2 0.738333 0.584000 0.072667 0.064000
2 0.942333 0.518333 0.103333 0.091333
2 0.839333 0.542000 0.102667 0.086667
2 0.807667 0.598333 0.080667 0.084667
2 0.839000 0.647667 0.090000 0.075333
2 0.904000 0.602000 0.073333 0.072000
2 0.900667 0.683000 0.086667 0.071333
2 0.968333 0.719667 0.063333 0.078000
2 0.804000 0.713000 0.098667 0.075333
2 0.707667 0.715000 0.094000 0.102000
2 0.676333 0.809000 0.110000 0.086000
1 0.788667 0.783667 0.104000 0.116667
2 0.868000 0.838000 0.124000 0.172000
2 0.942333 0.901000 0.103333 0.079333
2 0.772000 0.879667 0.098667 0.088667
0 0.699000 0.881000 0.064667 0.054000
0 0.301333 0.927000 0.050667 0.056667
0 0.373333 0.962667 0.045333 0.045333
0 0.335667 0.821333 0.070000 0.057333
0 0.292000 0.725000 0.036000 0.031333
0 0.610000 0.708667 0.070667 0.050667
0 0.744667 0.657667 0.102667 0.094000
0 0.736667 0.522333 0.108000 0.087333
0 0.039667 0.600000 0.050000 0.049333
0 0.150333 0.389333 0.051333 0.046667
0 0.722667 0.314667 0.090667 0.077333
0 0.878333 0.247667 0.031333 0.034000
0 0.768333 0.049667 0.076667 0.048667
2 0.944333 0.966333 0.111333 0.063333
2 0.831667 0.959333 0.096667 0.081333
2 0.734333 0.951000 0.122000 0.098000
2 0.223000 0.972000 0.090000 0.056000
2 0.129333 0.963667 0.078667 0.072667
2 0.235667 0.037000 0.130000 0.072667
2 0.961000 0.273000 0.078000 0.075333
