2 0.731333 0.398000 0.070667 0.072000
3 0.672667 0.432000 0.082667 0.093333
3 0.296667 0.525667 0.040000 0.044667
3 0.312333 0.609667 0.054000 0.055333
2 0.410333 0.532333 0.028667 0.030000
3 0.473000 0.557000 0.094000 0.108667
3 0.553000 0.591333 0.039333 0.038667
3 0.559667 0.526333 0.080667 0.083333
3 0.625000 0.556333 0.067333 0.079333
3 0.664667 0.512000 0.086667 0.073333
2 0.298333 0.711333 0.095333 0.088000
2 0.385667 0.721667 0.043333 0.043333
2 0.480333 0.665667 0.048667 0.046000
3 0.615667 0.632000 0.079333 0.070667
2 0.715667 0.693000 0.104667 0.162000
2 0.629667 0.711667 0.076667 0.082000
2 0.548333 0.687333 0.090000 0.113333
2 0.455000 0.751333 0.098000 0.118667
3 0.132000 0.780000 0.050667 0.045333
3 0.218000 0.763667 0.078667 0.059333
3 0.194333 0.849333 0.107333 0.088000
3 0.287333 0.796000 0.065333 0.072000
3 0.360667 0.798000 0.069333 0.073333
2 0.458667 0.862333 0.102667 0.094000
3 0.545000 0.873667 0.092667 0.095333
3 0.545000 0.784333 0.079333 0.084667
2 0.626000 0.806000 0.097333 0.105333
3 0.184000 0.950667 0.097333 0.086667
2 0.342333 0.891667 0.110000 0.108667
2 0.456333 0.951000 0.087333 0.098000
3 0.539000 0.949000 0.052667 0.052667
3 0.683667 0.944667 0.062000 0.066667
2 0.762333 0.865333 0.138000 0.126667
2 0.836333 0.817667 0.094000 0.119333
3 0.885333 0.801000 0.058667 0.056667
3 0.902333 0.849333 0.054000 0.048000
3 0.813667 0.630000 0.110000 0.154667
1 0.892000 0.680667 0.036000 0.041333
3 0.831667 0.740667 0.050000 0.052000
1 0.927333 0.633667 0.038667 0.044667
3 0.898667 0.336000 0.076000 0.068000
3 0.842667 0.294333 0.036000 0.035333
2 0.845000 0.480000 0.078000 0.076000
2 0.932000 0.531333 0.092000 0.081333
0 0.120333 0.661000 0.239333 0.216667
0 0.176667 0.513000 0.192000 0.124667
0 0.044000 0.477000 0.085333 0.144667
0 0.062333 0.354667 0.114000 0.148000
0 0.219667 0.376667 0.194000 0.173333
0 0.060333 0.198333 0.119333 0.158000
0 0.192000 0.180667 0.206667 0.228000
0 0.307333 0.088667 0.233333 0.176000
0 0.402333 0.412000 0.196667 0.194667
0 0.555333 0.384667 0.153333 0.149333
0 0.402667 0.247000 0.192000 0.159333
0 0.576333 0.252333 0.162000 0.162000
0 0.731333 0.272667 0.176000 0.185333
0 0.843667 0.135333 0.236667 0.194667
0 0.904667 0.084333 0.190667 0.167333
0 0.612333 0.081333 0.103333 0.100000
0 0.066000 0.064333 0.130667 0.127333
2 0.598333 0.964000 0.079333 0.072000
3 0.346000 0.962333 0.098667 0.075333
2 0.086667 0.952333 0.105333 0.095333
3 0.045333 0.852000 0.089333 0.105333
3 0.953333 0.784000 0.093333 0.164000
