1 0.093000 0.117000 0.084667 0.098000
1 0.170333 0.127667 0.083333 0.114000
1 0.240000 0.147333 0.068000 0.101333
1 0.295000 0.144000 0.039333 0.058667
1 0.349333 0.164000 0.074667 0.098667
2 0.441000 0.176000 0.091333 0.086667
1 0.463000 0.087333 0.114000 0.102667
1 0.365000 0.069000 0.087333 0.096667
1 0.301333 0.079333 0.054667 0.073333
2 0.237000 0.062000 0.086000 0.077333
2 0.112667 0.030000 0.065333 0.058667
1 0.894667 0.339000 0.101333 0.112667
2 0.800000 0.311333 0.106667 0.106667
2 0.707667 0.288667 0.108667 0.102667
1 0.924667 0.246333 0.098667 0.090000
2 0.943667 0.172667 0.080667 0.073333
1 0.863000 0.152333 0.086000 0.075333
1 0.781667 0.141333 0.082000 0.077333
2 0.769667 0.213333 0.087333 0.097333
1 0.840333 0.229333 0.074000 0.076000
1 0.684000 0.210333 0.089333 0.084667
2 0.687000 0.118667 0.114000 0.101333
1 0.787333 0.061667 0.093333 0.087333
1 0.863000 0.081333 0.078000 0.072000
2 0.948667 0.077333 0.098667 0.102667
0 0.066667 0.605333 0.036000 0.044000
0 0.023667 0.965000 0.046000 0.044667
0 0.069333 0.926000 0.041333 0.040000
2 0.054667 0.033000 0.061333 0.064667
1 0.882667 0.022000 0.082667 0.044000
