2 0.043667 0.067000 0.050000 0.050000
2 0.136333 0.037667 0.048667 0.052667
3 0.111333 0.087000 0.073333 0.054000
2 0.062333 0.214333 0.115333 0.127333
3 0.157000 0.187333 0.090000 0.076000
2 0.182000 0.133667 0.021333 0.022000
3 0.188333 0.083667 0.050000 0.050000
2 0.285333 0.052000 0.041333 0.033333
2 0.260667 0.125000 0.061333 0.082000
2 0.343667 0.102667 0.080667 0.093333
2 0.400667 0.055667 0.058667 0.052667
2 0.484667 0.041667 0.073333 0.082000
2 0.628000 0.042000 0.068000 0.080000
2 0.700000 0.047667 0.078667 0.078000
3 0.669000 0.124667 0.083333 0.090667
3 0.590000 0.110000 0.068000 0.058667
3 0.581333 0.173667 0.092000 0.083333
2 0.495000 0.185000 0.075333 0.094000
2 0.448000 0.117667 0.069333 0.079333
2 0.398667 0.157333 0.070667 0.105333
2 0.318667 0.173333 0.058667 0.052000
2 0.208333 0.281000 0.071333 0.083333
2 0.234667 0.196333 0.026667 0.044667
2 0.263333 0.203000 0.033333 0.044667
2 0.294333 0.265000 0.092667 0.095333
2 0.371333 0.239333 0.028000 0.030667
3 0.118667 0.334667 0.033333 0.029333
3 0.629000 0.229000 0.046000 0.043333
3 0.519000 0.265667 0.050000 0.050000
2 0.360333 0.319667 0.042000 0.050000
2 0.432667 0.336333 0.108000 0.114000
2 0.247667 0.355667 0.047333 0.052667
2 0.057667 0.465000 0.114000 0.084667
2 0.163333 0.376000 0.058667 0.065333
2 0.215333 0.410667 0.088000 0.090667
2 0.281667 0.506000 0.051333 0.038667
2 0.300667 0.439333 0.105333 0.097333
2 0.351333 0.399667 0.073333 0.068667
2 0.317000 0.365667 0.084667 0.083333
2 0.430000 0.431667 0.102667 0.087333
3 0.487333 0.465000 0.062667 0.062000
2 0.522333 0.391333 0.074000 0.096000
3 0.586333 0.377000 0.056667 0.047333
2 0.577000 0.436000 0.075333 0.073333
2 0.599333 0.313000 0.069333 0.072667
2 0.702000 0.270667 0.094667 0.106667
3 0.784667 0.274000 0.040000 0.038667
3 0.782667 0.340000 0.092000 0.090667
2 0.668667 0.365667 0.105333 0.091333
2 0.744333 0.412667 0.087333 0.072000
2 0.660333 0.452667 0.091333 0.073333
3 0.403333 0.508000 0.074667 0.068000
2 0.598667 0.510667 0.070667 0.057333
2 0.108333 0.530667 0.038000 0.036000
2 0.047333 0.707000 0.093333 0.112667
2 0.710667 0.521000 0.100000 0.088667
3 0.791667 0.494000 0.059333 0.057333
3 0.805667 0.594333 0.046000 0.054000
2 0.850000 0.529000 0.042667 0.046000
2 0.877000 0.445667 0.047333 0.046000
2 0.932667 0.182333 0.066667 0.060667
2 0.894333 0.255333 0.107333 0.096000
2 0.822000 0.183667 0.137333 0.114000
2 0.839333 0.092667 0.136000 0.076000
3 0.943000 0.111667 0.043333 0.050000
2 0.966000 0.035333 0.066667 0.069333
2 0.948333 0.505667 0.103333 0.080667
3 0.916000 0.570667 0.097333 0.073333
3 0.948000 0.681667 0.046667 0.035333
2 0.576333 0.590667 0.092667 0.072000
3 0.660333 0.618333 0.058000 0.055333
2 0.719667 0.645667 0.079333 0.076667
2 0.754333 0.726000 0.051333 0.042667
2 0.794000 0.679667 0.094667 0.094000
3 0.870333 0.706333 0.055333 0.051333
2 0.926333 0.865000 0.084667 0.068667
2 0.893000 0.936333 0.071333 0.075333
2 0.866667 0.840000 0.048000 0.054667
2 0.807667 0.847667 0.078000 0.088667
2 0.766667 0.903000 0.068000 0.058000
2 0.731667 0.828000 0.082000 0.074667
2 0.662000 0.809333 0.038667 0.042667
2 0.646333 0.790000 0.047333 0.042667
2 0.610000 0.736667 0.068000 0.066667
3 0.694667 0.712333 0.068000 0.059333
2 0.542333 0.675333 0.106000 0.086667
3 0.533333 0.749667 0.057333 0.054000
3 0.473667 0.719333 0.059333 0.073333
2 0.445000 0.765667 0.055333 0.050000
2 0.398333 0.829667 0.051333 0.050000
2 0.369000 0.956333 0.083333 0.087333
2 0.325000 0.883000 0.098000 0.110000
2 0.460000 0.942000 0.065333 0.072000
2 0.534000 0.933000 0.074667 0.084667
2 0.601333 0.952333 0.040000 0.043333
2 0.548667 0.851000 0.081333 0.082000
3 0.628667 0.885000 0.064000 0.072667
2 0.697333 0.894000 0.065333 0.060000
2 0.373667 0.586667 0.104667 0.100000
3 0.425000 0.644000 0.082000 0.060000
2 0.389333 0.695000 0.100000 0.086000
2 0.347333 0.783000 0.112000 0.084667
3 0.281333 0.630667 0.046667 0.066667
2 0.214667 0.641333 0.080000 0.098667
2 0.146000 0.640667 0.057333 0.050667
2 0.177667 0.710000 0.092667 0.072000
2 0.284667 0.728333 0.057333 0.052667
2 0.225000 0.775333 0.131333 0.089333
2 0.234000 0.848000 0.066667 0.065333
2 0.080000 0.895667 0.061333 0.059333
3 0.084000 0.830333 0.046667 0.048667
2 0.140333 0.789333 0.098000 0.144000
2 0.193667 0.914000 0.055333 0.069333
2 0.143333 0.912333 0.062667 0.076667
0 0.831333 0.921333 0.049333 0.054667
0 0.442333 0.847667 0.032667 0.042000
0 0.484333 0.813000 0.051333 0.042000
0 0.589333 0.800333 0.076000 0.063333
0 0.727667 0.584667 0.036667 0.048000
0 0.648333 0.558333 0.067333 0.056667
0 0.523667 0.506333 0.063333 0.034000
0 0.246333 0.542667 0.039333 0.036000
0 0.257000 0.579000 0.038000 0.031333
0 0.240333 0.493667 0.030000 0.023333
0 0.111333 0.597667 0.040000 0.044667
0 0.850333 0.383333 0.060667 0.046667
0 0.926333 0.392667 0.043333 0.036000
0 0.900333 0.354000 0.051333 0.068000
0 0.516667 0.313000 0.086667 0.064667
0 0.138000 0.279333 0.034667 0.032000
0 0.524000 0.088000 0.068000 0.057333
2 0.269333 0.956667 0.092000 0.086667
2 0.109000 0.973000 0.067333 0.054000
2 0.042667 0.957667 0.084000 0.084667
2 0.048667 0.354000 0.096000 0.141333
2 0.338333 0.022000 0.075333 0.042667
2 0.562667 0.021000 0.069333 0.040667
2 0.866667 0.029333 0.129333 0.057333
2 0.978000 0.232333 0.042667 0.086000
2 0.957667 0.430000 0.084667 0.082667
2 0.958333 0.776000 0.083333 0.108000
