2 0.970333 0.071667 0.055333 0.083333
2 0.890333 0.122000 0.128667 0.100000
2 0.795667 0.083667 0.110000 0.115333
2 0.707000 0.088000 0.076667 0.073333
2 0.611000 0.092667 0.074000 0.056000
2 0.683333 0.151333 0.093333 0.100000
2 0.780667 0.175333 0.098667 0.076000
2 0.592333 0.170333 0.108667 0.124667
2 0.512333 0.125333 0.087333 0.098667
1 0.434333 0.045000 0.099333 0.090000
2 0.431000 0.139000 0.083333 0.112667
2 0.387667 0.179333 0.046000 0.057333
1 0.336000 0.143333 0.104000 0.118667
2 0.356000 0.054000 0.069333 0.066667
1 0.275667 0.088667 0.083333 0.105333
1 0.256333 0.186333 0.111333 0.126000
2 0.164333 0.165000 0.078000 0.086000
2 0.060333 0.067000 0.096667 0.118000
2 0.166000 0.071333 0.105333 0.106667
1 0.335333 0.249000 0.100000 0.090000
1 0.434667 0.245333 0.106667 0.097333
1 0.542333 0.250333 0.130000 0.112667
1 0.392333 0.298000 0.099333 0.069333
1 0.079333 0.240667 0.101333 0.101333
1 0.161000 0.269667 0.143333 0.126000
2 0.246667 0.304333 0.100000 0.107333
1 0.312333 0.351667 0.087333 0.095333
1 0.385333 0.367667 0.086667 0.106000
1 0.464667 0.393667 0.144000 0.148667
1 0.541667 0.453667 0.143333 0.127333
1 0.585667 0.363667 0.119333 0.116667
1 0.684000 0.399667 0.097333 0.094000
1 0.684000 0.504000 0.133333 0.130667
1 0.777000 0.525333 0.091333 0.085333
1 0.864667 0.573000 0.138667 0.114000
2 0.897667 0.469667 0.114000 0.090000
1 0.793000 0.431667 0.118000 0.111333
1 0.882333 0.386333 0.150000 0.087333
2 0.966000 0.353667 0.066667 0.106000
1 0.884667 0.322333 0.098667 0.084667
2 0.872667 0.236333 0.172000 0.128667
1 0.973667 0.951000 0.038000 0.052667
1 0.968667 0.900333 0.058667 0.054000
2 0.892333 0.881333 0.034000 0.030667
1 0.909000 0.950333 0.086000 0.084667
1 0.936333 0.848333 0.079333 0.058000
1 0.956333 0.797333 0.083333 0.093333
1 0.877000 0.675333 0.122000 0.101333
1 0.855000 0.760667 0.091333 0.086667
1 0.889667 0.812667 0.072667 0.068000
1 0.846667 0.839667 0.064000 0.055333
1 0.810333 0.915333 0.070000 0.098667
1 0.747667 0.904667 0.078000 0.062667
1 0.670667 0.864333 0.068000 0.076667
1 0.753333 0.846333 0.092000 0.079333
1 0.789667 0.799000 0.083333 0.079333
1 0.714667 0.739000 0.169333 0.112667
1 0.766000 0.626667 0.122667 0.114667
1 0.660333 0.603667 0.122000 0.111333
1 0.579667 0.563333 0.124667 0.125333
1 0.490000 0.524000 0.101333 0.088000
1 0.405333 0.480333 0.104000 0.111333
1 0.316667 0.452667 0.098667 0.100000
1 0.232000 0.430000 0.093333 0.133333
1 0.157000 0.397000 0.084667 0.122000
1 0.106667 0.404333 0.029333 0.048667
1 0.073667 0.399333 0.038000 0.066667
1 0.067333 0.481667 0.069333 0.080667
1 0.153333 0.510667 0.102667 0.097333
1 0.130333 0.564667 0.082000 0.066667
1 0.054667 0.567667 0.074667 0.080667
1 0.234667 0.525000 0.052000 0.048667
3 0.270000 0.518333 0.033333 0.031333
1 0.331667 0.557667 0.103333 0.111333
1 0.434333 0.598667 0.116667 0.129333
1 0.549333 0.639333 0.166667 0.098667
1 0.526333 0.710667 0.079333 0.066667
1 0.608000 0.721333 0.098667 0.106667
1 0.553000 0.778333 0.051333 0.054000
2 0.476333 0.747000 0.087333 0.086000
1 0.402000 0.745000 0.069333 0.082000
1 0.402667 0.675333 0.088000 0.073333
1 0.328000 0.640667 0.065333 0.057333
1 0.286000 0.592667 0.065333 0.074667
1 0.217333 0.634667 0.128000 0.100000
1 0.205667 0.573000 0.059333 0.052667
1 0.158333 0.721000 0.040667 0.046000
1 0.098667 0.674000 0.112000 0.132000
1 0.202000 0.735667 0.041333 0.060667
1 0.253333 0.730333 0.072000 0.075333
1 0.276333 0.772333 0.087333 0.087333
1 0.330000 0.782333 0.092000 0.120667
2 0.407000 0.801000 0.059333 0.063333
1 0.497000 0.835667 0.090000 0.103333
1 0.459000 0.809333 0.047333 0.049333
1 0.561000 0.849000 0.087333 0.084667
2 0.764000 0.238000 0.072000 0.060000
1 0.694000 0.309333 0.096000 0.097333
2 0.683333 0.242667 0.092000 0.074667
0 0.773333 0.317333 0.100000 0.086667
0 0.673333 0.340667 0.052000 0.038667
0 0.089333 0.340000 0.069333 0.058667
0 0.023333 0.103333 0.046667 0.050667
0 0.464667 0.319000 0.036000 0.028667
0 0.204333 0.688667 0.048667 0.044000
0 0.033333 0.967667 0.034667 0.028667
2 0.543667 0.040667 0.119333 0.081333
2 0.639000 0.019000 0.076667 0.038000
2 0.723333 0.021667 0.109333 0.043333
2 0.901000 0.028333 0.079333 0.056667
2 0.961667 0.486667 0.075333 0.118667
2 0.968000 0.596000 0.061333 0.098667
2 0.962667 0.695667 0.072000 0.107333
2 0.038667 0.649333 0.077333 0.164000
2 0.022667 0.480000 0.045333 0.072000
2 0.042333 0.292667 0.084667 0.156000
