2 0.848667 0.720000 0.106667 0.102667
2 0.825000 0.807000 0.087333 0.083333
2 0.910333 0.817333 0.094000 0.100000
2 0.884667 0.895000 0.078667 0.075333
2 0.802667 0.901000 0.068000 0.071333
2 0.769667 0.977333 0.059333 0.045333
2 0.692333 0.892000 0.022000 0.033333
2 0.613000 0.936333 0.047333 0.050000
2 0.575333 0.854000 0.132000 0.124000
2 0.470333 0.874667 0.091333 0.101333
2 0.535000 0.958667 0.110000 0.082667
2 0.614667 0.745333 0.086667 0.096000
2 0.637000 0.675667 0.050000 0.050000
3 0.664667 0.588000 0.058667 0.061333
3 0.544667 0.646333 0.068000 0.060667
2 0.520333 0.714333 0.075333 0.075333
3 0.478667 0.629667 0.038667 0.047333
2 0.350667 0.597667 0.038667 0.036667
2 0.163333 0.602333 0.108000 0.087333
2 0.142333 0.670333 0.024667 0.023333
2 0.066000 0.592000 0.100000 0.138667
2 0.073667 0.837333 0.104667 0.106667
3 0.166000 0.862000 0.072000 0.068000
2 0.125000 0.927667 0.082000 0.082000
2 0.218667 0.919667 0.077333 0.080667
2 0.262333 0.845667 0.076667 0.082000
3 0.326333 0.875333 0.082000 0.094667
2 0.215333 0.736333 0.114667 0.114000
3 0.302000 0.763667 0.058667 0.071333
3 0.361333 0.785000 0.040000 0.058000
3 0.389667 0.707333 0.063333 0.069333
3 0.423333 0.762000 0.068000 0.070667
2 0.052333 0.485667 0.052667 0.059333
2 0.085667 0.413667 0.111333 0.084667
2 0.115333 0.490667 0.068000 0.069333
2 0.186000 0.512333 0.098667 0.079333
2 0.292667 0.495667 0.102667 0.107333
2 0.359667 0.521667 0.071333 0.084667
2 0.429000 0.542667 0.056667 0.062667
2 0.509333 0.567000 0.100000 0.088667
2 0.536667 0.485333 0.105333 0.100000
2 0.475667 0.453333 0.058000 0.074667
3 0.385333 0.429000 0.044000 0.054000
2 0.306333 0.407333 0.070000 0.069333
2 0.247333 0.390667 0.054667 0.053333
2 0.130000 0.315000 0.064000 0.084667
2 0.195333 0.320000 0.066667 0.066667
2 0.051667 0.259333 0.087333 0.098667
2 0.147000 0.193333 0.082000 0.069333
2 0.166333 0.242000 0.083333 0.072000
2 0.182667 0.062333 0.058667 0.051333
2 0.358333 0.045667 0.056667 0.056667
2 0.392333 0.068000 0.090000 0.104000
2 0.454333 0.110000 0.076667 0.100000
2 0.531333 0.135333 0.086667 0.094667
2 0.578333 0.060333 0.122000 0.119333
2 0.444000 0.206000 0.137333 0.105333
2 0.380667 0.269000 0.077333 0.074000
2 0.271667 0.320333 0.042000 0.043333
2 0.338333 0.335000 0.072667 0.072667
2 0.420333 0.349667 0.091333 0.090000
2 0.464000 0.295333 0.062667 0.073333
2 0.538333 0.317667 0.086000 0.087333
2 0.689000 0.159333 0.110000 0.137333
2 0.719667 0.067000 0.082000 0.060667
2 0.918333 0.069000 0.084667 0.082000
2 0.843000 0.122667 0.138000 0.128000
2 0.895667 0.199000 0.120667 0.124667
2 0.809667 0.214333 0.043333 0.044667
2 0.765333 0.175333 0.062667 0.086667
2 0.866667 0.280000 0.088000 0.096000
2 0.844000 0.359333 0.028000 0.029333
2 0.788667 0.296000 0.029333 0.030667
2 0.769667 0.356000 0.115333 0.100000
2 0.677000 0.332333 0.086000 0.091333
2 0.655667 0.409333 0.090000 0.073333
2 0.732667 0.443333 0.100000 0.092000
0 0.831667 0.937667 0.059333 0.051333
0 0.623000 0.965667 0.043333 0.047333
0 0.254333 0.978333 0.047333 0.043333
0 0.066333 0.934000 0.024667 0.034667
0 0.386667 0.911333 0.045333 0.042667
0 0.397333 0.876333 0.052000 0.052667
0 0.710667 0.843667 0.078667 0.080667
0 0.609667 0.810667 0.056667 0.044000
0 0.472333 0.806333 0.054000 0.044667
0 0.501000 0.774000 0.046000 0.034667
0 0.120333 0.726667 0.060667 0.045333
0 0.303333 0.662333 0.069333 0.063333
0 0.679333 0.717333 0.068000 0.056000
0 0.738000 0.704333 0.068000 0.075333
0 0.964667 0.677667 0.060000 0.068667
0 0.945000 0.618333 0.070000 0.054000
0 0.255667 0.637000 0.036667 0.042000
0 0.289000 0.595000 0.063333 0.058000
0 0.814333 0.585667 0.067333 0.072667
0 0.867667 0.614333 0.048667 0.066000
0 0.904333 0.681000 0.051333 0.058000
0 0.908000 0.575000 0.058667 0.054000
0 0.917333 0.513000 0.072000 0.064667
0 0.843667 0.483333 0.092667 0.084000
0 0.806333 0.436333 0.067333 0.054000
0 0.674667 0.506333 0.064000 0.054000
0 0.617333 0.476333 0.068000 0.062000
0 0.385667 0.472667 0.032667 0.029333
0 0.208000 0.424667 0.056000 0.057333
0 0.254000 0.357333 0.048000 0.033333
0 0.440333 0.414667 0.070000 0.046667
0 0.504000 0.388333 0.066667 0.070000
0 0.556000 0.405333 0.062667 0.061333
0 0.595667 0.371000 0.055333 0.083333
0 0.721667 0.274333 0.054000 0.048667
0 0.632000 0.285667 0.065333 0.071333
0 0.525667 0.257000 0.058000 0.058000
0 0.570000 0.243667 0.060000 0.066000
0 0.593667 0.196667 0.066000 0.062667
0 0.603333 0.145667 0.044000 0.043333
0 0.831333 0.021667 0.041333 0.040667
0 0.078333 0.090000 0.155333 0.165333
0 0.275000 0.162667 0.191333 0.221333
0 0.969000 0.392333 0.050000 0.047333
0 0.899333 0.345000 0.057333 0.056667
2 0.427333 0.960000 0.108000 0.078667
3 0.182667 0.976333 0.077333 0.046000
3 0.028667 0.961333 0.056000 0.077333
2 0.045667 0.734667 0.090000 0.128000
2 0.031000 0.345000 0.060667 0.095333
2 0.757667 0.031000 0.099333 0.059333
2 0.980000 0.050000 0.040000 0.060000
