2 0.086000 0.063333 0.042667 0.037333
2 0.120333 0.035667 0.052667 0.059333
3 0.199333 0.059000 0.077333 0.080667
2 0.167667 0.125667 0.086000 0.080667
2 0.098000 0.119667 0.066667 0.075333
2 0.049333 0.190000 0.089333 0.085333
2 0.137000 0.212000 0.044667 0.040000
2 0.128667 0.267667 0.108000 0.079333
2 0.096667 0.339000 0.094667 0.080667
2 0.090333 0.391333 0.043333 0.029333
2 0.043667 0.474000 0.083333 0.089333
2 0.297333 0.041333 0.096000 0.081333
2 0.396000 0.052000 0.057333 0.064000
2 0.351333 0.112000 0.109333 0.106667
2 0.270667 0.130000 0.062667 0.068000
2 0.330000 0.205000 0.092000 0.087333
2 0.238667 0.201333 0.096000 0.098667
2 0.311333 0.272000 0.034667 0.032000
2 0.305000 0.340667 0.108667 0.077333
2 0.221667 0.303000 0.078000 0.086000
2 0.179667 0.374667 0.083333 0.078667
2 0.155000 0.444333 0.083333 0.079333
2 0.379000 0.356333 0.051333 0.048667
2 0.352667 0.426667 0.070667 0.064000
2 0.261667 0.426333 0.124667 0.118000
2 0.322333 0.516333 0.087333 0.090000
2 0.245000 0.510000 0.042000 0.036000
3 0.371667 0.625333 0.058000 0.066667
2 0.115667 0.540000 0.083333 0.078667
2 0.095000 0.616333 0.091333 0.092667
2 0.202667 0.574000 0.109333 0.133333
2 0.288667 0.606000 0.098667 0.102667
2 0.182333 0.654333 0.050000 0.044667
2 0.166000 0.706667 0.066667 0.065333
2 0.262000 0.684333 0.069333 0.079333
2 0.345667 0.698333 0.076667 0.082000
3 0.055333 0.707000 0.090667 0.082000
2 0.137000 0.786667 0.083333 0.097333
2 0.086000 0.912333 0.062667 0.087333
3 0.111667 0.849000 0.042000 0.044667
2 0.213000 0.821333 0.086000 0.100000
3 0.243000 0.758667 0.051333 0.069333
2 0.405667 0.763000 0.071333 0.088667
2 0.311333 0.793333 0.106667 0.108000
2 0.379333 0.857333 0.093333 0.084000
2 0.484667 0.762667 0.096000 0.102667
2 0.470333 0.833667 0.083333 0.070000
2 0.426000 0.912000 0.064000 0.065333
2 0.344333 0.941333 0.092667 0.117333
2 0.279667 0.869667 0.055333 0.052667
2 0.273667 0.919000 0.054000 0.054000
3 0.241333 0.933333 0.033333 0.032000
2 0.230667 0.973000 0.052000 0.054000
2 0.159667 0.960000 0.054000 0.044000
2 0.190333 0.901667 0.098000 0.078000
2 0.569000 0.809667 0.050000 0.054000
2 0.552000 0.874000 0.092000 0.084000
2 0.611667 0.937667 0.138000 0.124667
2 0.714000 0.946333 0.060000 0.078000
2 0.800667 0.927333 0.077333 0.093333
2 0.924333 0.845333 0.096667 0.093333
2 0.818667 0.853333 0.077333 0.069333
2 0.730000 0.879333 0.077333 0.072000
2 0.655667 0.811333 0.118000 0.133333
2 0.762667 0.800333 0.090667 0.096667
2 0.853000 0.779667 0.082000 0.080667
2 0.938333 0.751667 0.078000 0.072667
2 0.777333 0.722667 0.069333 0.066667
2 0.693667 0.741333 0.086000 0.068000
2 0.692333 0.686000 0.075333 0.068000
2 0.593000 0.729000 0.084667 0.082000
2 0.868000 0.691333 0.093333 0.090667
3 0.948000 0.679000 0.064000 0.059333
2 0.969667 0.603000 0.060667 0.063333
2 0.885333 0.635333 0.077333 0.066667
2 0.801667 0.662333 0.046000 0.046000
2 0.734000 0.634333 0.069333 0.059333
2 0.616667 0.645000 0.090667 0.091333
2 0.530667 0.648000 0.090667 0.098667
2 0.448667 0.627667 0.085333 0.082000
2 0.900667 0.569000 0.046667 0.056667
2 0.856333 0.522667 0.072667 0.092000
2 0.885667 0.369667 0.052667 0.052667
2 0.882667 0.442667 0.049333 0.068000
3 0.952333 0.393333 0.047333 0.044000
2 0.944333 0.464333 0.082000 0.094000
2 0.802667 0.417667 0.104000 0.071333
2 0.643333 0.589667 0.096000 0.082000
2 0.761000 0.565000 0.126000 0.092667
2 0.778333 0.478333 0.108667 0.086000
2 0.706333 0.411333 0.088667 0.108000
2 0.675000 0.506000 0.104667 0.089333
2 0.560000 0.574000 0.070667 0.056000
2 0.578000 0.505000 0.096000 0.079333
2 0.601333 0.418333 0.098667 0.086000
2 0.485000 0.322333 0.051333 0.052667
2 0.452667 0.395667 0.090667 0.079333
2 0.509000 0.450667 0.070000 0.069333
2 0.416000 0.483667 0.094667 0.108667
2 0.445667 0.550333 0.154000 0.111333
2 0.462333 0.086333 0.079333 0.108667
2 0.552667 0.077667 0.101333 0.120667
3 0.663000 0.062333 0.044667 0.054000
2 0.739000 0.071333 0.076667 0.069333
2 0.701000 0.130333 0.080667 0.087333
2 0.618667 0.140000 0.056000 0.054667
2 0.611667 0.185667 0.047333 0.054000
2 0.514000 0.172667 0.073333 0.072000
2 0.419000 0.219667 0.080667 0.078000
2 0.393333 0.292000 0.070667 0.077333
2 0.488333 0.249667 0.052667 0.071333
2 0.571667 0.277333 0.106000 0.142667
2 0.625667 0.363667 0.052667 0.046000
2 0.676333 0.269000 0.112667 0.176667
2 0.771000 0.255000 0.110000 0.120667
3 0.775333 0.170000 0.065333 0.064000
2 0.893000 0.138667 0.084667 0.096000
3 0.945000 0.226000 0.050000 0.060000
3 0.907333 0.306333 0.061333 0.072667
2 0.858333 0.228667 0.071333 0.096000
0 0.037000 0.060667 0.055333 0.066667
0 0.082000 0.032000 0.048000 0.032000
0 0.375667 0.015667 0.055333 0.030000
0 0.961000 0.043667 0.078000 0.063333
0 0.954333 0.137333 0.054000 0.052000
0 0.799667 0.133000 0.054000 0.054000
0 0.828333 0.293667 0.048667 0.046000
0 0.826000 0.362667 0.044000 0.034667
0 0.157667 0.177667 0.056667 0.035333
0 0.039667 0.253000 0.052667 0.035333
0 0.097000 0.426000 0.054000 0.045333
0 0.103333 0.471000 0.058667 0.055333
0 0.883333 0.894333 0.062667 0.046000
2 0.025667 0.867000 0.050000 0.090000
2 0.494667 0.019333 0.080000 0.037333
2 0.968000 0.305333 0.064000 0.112000
2 0.040000 0.782667 0.078667 0.086667
2 0.962333 0.873667 0.075333 0.142000
