2 0.846667 0.040667 0.108000 0.077333
2 0.917333 0.104000 0.105333 0.098667
2 0.812333 0.111000 0.082000 0.076667
3 0.787667 0.192000 0.076667 0.069333
2 0.874333 0.220333 0.119333 0.115333
3 0.769667 0.264667 0.076667 0.068000
3 0.746667 0.338333 0.058667 0.054000
2 0.894000 0.334000 0.136000 0.102667
2 0.949333 0.504000 0.097333 0.101333
2 0.824667 0.454667 0.133333 0.094667
2 0.780000 0.535667 0.172000 0.092667
2 0.857667 0.585333 0.130000 0.105333
2 0.949667 0.652333 0.100667 0.128667
2 0.823000 0.678000 0.158000 0.108000
3 0.694333 0.581667 0.043333 0.043333
3 0.591000 0.590667 0.032667 0.028000
3 0.662000 0.658000 0.069333 0.065333
3 0.553333 0.714667 0.066667 0.068000
3 0.513667 0.816333 0.046000 0.043333
2 0.591667 0.817000 0.092667 0.111333
2 0.699333 0.786333 0.089333 0.080667
2 0.952667 0.781667 0.065333 0.090000
3 0.869667 0.810333 0.082000 0.086000
2 0.782667 0.826000 0.089333 0.096000
3 0.743667 0.876000 0.078000 0.076000
2 0.802667 0.747000 0.060000 0.056667
2 0.945000 0.878667 0.088667 0.096000
2 0.852000 0.908667 0.105333 0.094667
3 0.917333 0.955333 0.069333 0.076000
2 0.733667 0.955333 0.043333 0.045333
2 0.637000 0.943000 0.083333 0.082000
2 0.540000 0.922000 0.034667 0.034667
2 0.610667 0.437333 0.028000 0.042667
2 0.608333 0.506000 0.068667 0.072000
2 0.466667 0.451333 0.042667 0.034667
2 0.503000 0.564333 0.051333 0.047333
2 0.508333 0.640667 0.064667 0.058667
2 0.466667 0.731000 0.045333 0.039333
2 0.377333 0.802000 0.036000 0.030667
2 0.410333 0.867667 0.044667 0.046000
2 0.342667 0.963667 0.064000 0.062000
2 0.344000 0.566000 0.033333 0.033333
2 0.278667 0.467667 0.094667 0.118000
2 0.239667 0.524667 0.055333 0.073333
2 0.195000 0.616333 0.060667 0.059333
2 0.069333 0.618000 0.093333 0.065333
2 0.080333 0.556667 0.051333 0.048000
2 0.104667 0.695333 0.128000 0.096000
2 0.165333 0.751667 0.068000 0.052667
2 0.167333 0.847667 0.066667 0.055333
2 0.121000 0.872000 0.043333 0.040000
2 0.058667 0.848667 0.116000 0.114667
2 0.036000 0.937333 0.070667 0.065333
2 0.129333 0.522000 0.093333 0.078667
2 0.147333 0.466333 0.165333 0.107333
2 0.042333 0.425667 0.083333 0.086000
2 0.123667 0.381667 0.071333 0.068667
2 0.201000 0.363667 0.114000 0.095333
2 0.146000 0.312333 0.076000 0.059333
2 0.048667 0.347667 0.073333 0.078000
2 0.075000 0.276333 0.054000 0.051333
2 0.041000 0.159667 0.067333 0.084667
2 0.104000 0.193667 0.065333 0.080667
2 0.134333 0.140000 0.052667 0.062667
2 0.157000 0.233000 0.098000 0.104667
1 0.220667 0.273333 0.104000 0.098667
2 0.332000 0.316333 0.126667 0.171333
2 0.364333 0.198333 0.086000 0.076667
1 0.265333 0.194333 0.121333 0.082000
2 0.190333 0.146000 0.071333 0.064000
2 0.096000 0.030333 0.040000 0.043333
2 0.201333 0.066333 0.078667 0.079333
1 0.280667 0.112000 0.112000 0.137333
2 0.374333 0.066333 0.099333 0.120667
2 0.473000 0.072333 0.086000 0.114000
2 0.407000 0.135333 0.056667 0.066667
2 0.467333 0.183000 0.108000 0.090000
2 0.568000 0.069000 0.068000 0.084667
2 0.628333 0.093333 0.047333 0.069333
2 0.555000 0.138667 0.083333 0.101333
2 0.591333 0.237667 0.066667 0.078000
2 0.517333 0.238000 0.069333 0.069333
2 0.740000 0.038000 0.069333 0.074667
2 0.254000 0.590667 0.026667 0.024000
0 0.495667 0.963000 0.040667 0.039333
0 0.211000 0.878667 0.059333 0.057333
0 0.185333 0.926667 0.056000 0.049333
0 0.315333 0.845333 0.053333 0.066667
0 0.269333 0.822333 0.045333 0.055333
0 0.215333 0.819333 0.045333 0.046667
0 0.244333 0.740333 0.052667 0.050000
0 0.348333 0.681667 0.072667 0.092667
0 0.299667 0.712000 0.066000 0.056000
0 0.245667 0.691667 0.048667 0.051333
0 0.206000 0.662333 0.056000 0.051333
0 0.639667 0.760333 0.047333 0.050000
0 0.679667 0.733667 0.044667 0.046000
0 0.380333 0.623333 0.034000 0.032000
0 0.377333 0.521333 0.033333 0.033333
0 0.412333 0.496333 0.058000 0.048667
0 0.549333 0.462000 0.080000 0.074667
0 0.427000 0.400000 0.055333 0.057333
0 0.381667 0.422000 0.040667 0.036000
0 0.660667 0.482333 0.081333 0.079333
0 0.690000 0.431000 0.069333 0.064667
0 0.536000 0.362333 0.074667 0.059333
0 0.475667 0.367333 0.068667 0.058667
0 0.434667 0.257333 0.038667 0.041333
0 0.466000 0.282333 0.056000 0.043333
0 0.645333 0.213333 0.056000 0.089333
0 0.718667 0.197667 0.056000 0.063333
0 0.738000 0.117667 0.070667 0.063333
0 0.688333 0.105333 0.047333 0.056000
0 0.075667 0.076667 0.042000 0.048000
0 0.122000 0.072667 0.049333 0.052000
2 0.816333 0.961000 0.096667 0.078000
2 0.033333 0.517333 0.065333 0.097333
2 0.660000 0.031000 0.062667 0.060667
2 0.950333 0.033667 0.099333 0.066000
2 0.965333 0.156000 0.069333 0.124000
2 0.948667 0.419333 0.102667 0.100000
