2 0.391000 0.119000 0.127333 0.087333
2 0.600667 0.115333 0.066667 0.066667
2 0.602333 0.185333 0.080667 0.066667
2 0.796000 0.137333 0.109333 0.098667
2 0.911333 0.105333 0.140000 0.124000
2 0.937333 0.222333 0.125333 0.140667
2 0.846667 0.235000 0.066667 0.075333
2 0.768667 0.222667 0.094667 0.100000
2 0.685333 0.208333 0.089333 0.118000
2 0.651333 0.340000 0.070667 0.090667
2 0.732000 0.328667 0.088000 0.098667
2 0.824333 0.325333 0.091333 0.100000
1 0.916000 0.306667 0.097333 0.090667
2 0.741667 0.425333 0.110000 0.105333
2 0.841000 0.419333 0.086000 0.096000
2 0.942667 0.416000 0.114667 0.134667
2 0.905000 0.518333 0.091333 0.091333
2 0.803000 0.514000 0.120667 0.097333
2 0.707667 0.500333 0.036667 0.044667
2 0.667333 0.506667 0.038667 0.060000
3 0.738667 0.587333 0.034667 0.042667
2 0.834000 0.665667 0.097333 0.108667
2 0.940333 0.679667 0.118000 0.116667
2 0.928667 0.766333 0.072000 0.074000
0 0.894333 0.874000 0.110000 0.142667
0 0.858333 0.965333 0.076667 0.069333
0 0.805333 0.820667 0.129333 0.169333
0 0.721667 0.885333 0.108667 0.114667
0 0.567000 0.891333 0.171333 0.173333
0 0.407000 0.909000 0.158000 0.114000
0 0.129000 0.785667 0.110000 0.087333
0 0.293333 0.809667 0.101333 0.099333
0 0.103000 0.660000 0.204667 0.198667
0 0.254000 0.708667 0.129333 0.117333
0 0.348333 0.728333 0.070000 0.078000
0 0.458333 0.745667 0.134000 0.124667
0 0.625333 0.744333 0.069333 0.079333
0 0.702333 0.730000 0.115333 0.138667
0 0.674667 0.610333 0.138667 0.122000
0 0.588333 0.637000 0.103333 0.091333
0 0.497333 0.644667 0.104000 0.093333
0 0.273000 0.590000 0.127333 0.106667
0 0.076000 0.473000 0.150667 0.164667
0 0.242667 0.483000 0.144000 0.119333
0 0.408667 0.504333 0.172000 0.188667
0 0.524667 0.513000 0.124000 0.150000
0 0.622333 0.524000 0.103333 0.144000
0 0.571333 0.389000 0.104000 0.115333
0 0.655333 0.413667 0.061333 0.080667
0 0.436000 0.348333 0.148000 0.131333
0 0.255667 0.334333 0.223333 0.171333
0 0.075667 0.268667 0.147333 0.164000
0 0.208333 0.197000 0.198000 0.152667
0 0.354667 0.208333 0.150667 0.151333
0 0.544667 0.253667 0.178667 0.166000
0 0.129333 0.091000 0.257333 0.180667
2 0.941333 0.028333 0.117333 0.055333
2 0.780000 0.042333 0.148000 0.083333
2 0.502000 0.083333 0.138667 0.165333
3 0.320000 0.046333 0.113333 0.086000
2 0.624667 0.033667 0.118667 0.066000
0 0.175000 0.848333 0.115333 0.130000
0 0.170333 0.930667 0.114000 0.064000
0 0.083333 0.884333 0.084000 0.107333
0 0.558000 0.729000 0.078667 0.096667
0 0.586667 0.780000 0.064000 0.068000
0 0.449000 0.835000 0.144667 0.106000
0 0.768000 0.952333 0.120000 0.084667
