1 0.911667 0.909333 0.086000 0.066667
1 0.846333 0.842667 0.158000 0.141333
2 0.705333 0.808000 0.126667 0.122667
2 0.743333 0.712000 0.132000 0.108000
1 0.959667 0.813000 0.079333 0.104667
1 0.888667 0.732000 0.170667 0.162667
1 0.936667 0.607000 0.125333 0.154000
2 0.825667 0.602333 0.139333 0.127333
2 0.711333 0.586000 0.104000 0.102667
1 0.607667 0.576000 0.075333 0.082667
2 0.909000 0.426667 0.180667 0.165333
2 0.846000 0.496000 0.101333 0.096000
2 0.755667 0.483667 0.079333 0.110000
2 0.666667 0.483000 0.142667 0.147333
1 0.941667 0.229333 0.115333 0.170667
1 0.843667 0.281333 0.160667 0.161333
1 0.770000 0.233667 0.133333 0.131333
1 0.766667 0.151000 0.070667 0.044667
2 0.673333 0.182667 0.062667 0.066667
2 0.686000 0.328333 0.104000 0.146000
2 0.779667 0.377333 0.108667 0.110667
1 0.552333 0.471667 0.086000 0.083333
1 0.558333 0.389333 0.098000 0.093333
1 0.600667 0.324000 0.082667 0.093333
1 0.718333 0.069333 0.143333 0.128000
1 0.557667 0.917667 0.075333 0.080667
1 0.431333 0.928000 0.110667 0.134667
1 0.325000 0.931667 0.135333 0.108667
1 0.105000 0.876667 0.183333 0.162667
1 0.518000 0.835000 0.170667 0.171333
1 0.554667 0.736667 0.074667 0.065333
1 0.411667 0.792000 0.080667 0.062667
1 0.324000 0.819000 0.197333 0.150000
1 0.359000 0.735000 0.114000 0.074000
1 0.205333 0.802333 0.098667 0.119333
1 0.132667 0.721000 0.146667 0.148667
1 0.232667 0.648333 0.136000 0.155333
1 0.365333 0.620333 0.168000 0.160667
1 0.453667 0.701667 0.111333 0.087333
1 0.424333 0.571000 0.096667 0.084667
1 0.509667 0.624667 0.107333 0.094667
1 0.515000 0.544000 0.115333 0.108000
1 0.318000 0.538667 0.104000 0.100000
1 0.204667 0.512667 0.130667 0.157333
1 0.080333 0.618333 0.156667 0.135333
1 0.102000 0.529667 0.105333 0.120667
1 0.430000 0.448333 0.194667 0.172667
1 0.298000 0.431000 0.158667 0.140667
1 0.440000 0.322667 0.104000 0.093333
1 0.331333 0.321333 0.133333 0.132000
1 0.146333 0.381667 0.186000 0.172667
1 0.033000 0.337333 0.066000 0.094667
1 0.261667 0.251667 0.172667 0.146000
1 0.105000 0.225333 0.150000 0.154667
2 0.512667 0.192000 0.162667 0.170667
2 0.585000 0.119667 0.084667 0.079333
2 0.615333 0.053333 0.109333 0.104000
2 0.509000 0.051667 0.078000 0.082000
2 0.425667 0.058000 0.083333 0.072000
2 0.386667 0.181667 0.110667 0.183333
2 0.184000 0.146000 0.113333 0.098667
1 0.289667 0.153667 0.124667 0.114000
1 0.275667 0.069000 0.180667 0.111333
2 0.146000 0.064667 0.098667 0.105333
2 0.056667 0.072667 0.113333 0.112000
2 0.042333 0.447000 0.084667 0.107333
