2 0.970333 0.928333 0.055333 0.083333
2 0.890333 0.878000 0.128667 0.100000
2 0.795667 0.916333 0.110000 0.115333
2 0.707000 0.912000 0.076667 0.073333
2 0.611000 0.907333 0.074000 0.056000
2 0.683333 0.848667 0.093333 0.100000
2 0.780667 0.824667 0.098667 0.076000
2 0.592333 0.829667 0.108667 0.124667
2 0.512333 0.874667 0.087333 0.098667
1 0.434333 0.955000 0.099333 0.090000
2 0.431000 0.861000 0.083333 0.112667
2 0.387667 0.820667 0.046000 0.057333
1 0.336000 0.856667 0.104000 0.118667
2 0.356000 0.946000 0.069333 0.066667
1 0.275667 0.911333 0.083333 0.105333
1 0.256333 0.813667 0.111333 0.126000
2 0.164333 0.835000 0.078000 0.086000
2 0.060333 0.933000 0.096667 0.118000
2 0.166000 0.928667 0.105333 0.106667
1 0.335333 0.751000 0.100000 0.090000
1 0.434667 0.754667 0.106667 0.097333
1 0.542333 0.749667 0.130000 0.112667
1 0.392333 0.702000 0.099333 0.069333
1 0.079333 0.759333 0.101333 0.101333
1 0.161000 0.730333 0.143333 0.126000
2 0.246667 0.695667 0.100000 0.107333
1 0.312333 0.648333 0.087333 0.095333
1 0.385333 0.632333 0.086667 0.106000
1 0.464667 0.606333 0.144000 0.148667
1 0.541667 0.546333 0.143333 0.127333
1 0.585667 0.636333 0.119333 0.116667
1 0.684000 0.600333 0.097333 0.094000
1 0.684000 0.496000 0.133333 0.130667
1 0.777000 0.474667 0.091333 0.085333
1 0.864667 0.427000 0.138667 0.114000
2 0.897667 0.530333 0.114000 0.090000
1 0.793000 0.568333 0.118000 0.111333
1 0.882333 0.613667 0.150000 0.087333
2 0.966000 0.646333 0.066667 0.106000
1 0.884667 0.677667 0.098667 0.084667
2 0.872667 0.763667 0.172000 0.128667
1 0.973667 0.049000 0.038000 0.052667
1 0.968667 0.099667 0.058667 0.054000
2 0.892333 0.118667 0.034000 0.030667
1 0.909000 0.049667 0.086000 0.084667
1 0.936333 0.151667 0.079333 0.058000
1 0.956333 0.202667 0.083333 0.093333
1 0.877000 0.324667 0.122000 0.101333
1 0.855000 0.239333 0.091333 0.086667
1 0.889667 0.187333 0.072667 0.068000
1 0.846667 0.160333 0.064000 0.055333
1 0.810333 0.084667 0.070000 0.098667
1 0.747667 0.095333 0.078000 0.062667
1 0.670667 0.135667 0.068000 0.076667
1 0.753333 0.153667 0.092000 0.079333
1 0.789667 0.201000 0.083333 0.079333
1 0.714667 0.261000 0.169333 0.112667
1 0.766000 0.373333 0.122667 0.114667
1 0.660333 0.396333 0.122000 0.111333
1 0.579667 0.436667 0.124667 0.125333
1 0.490000 0.476000 0.101333 0.088000
1 0.405333 0.519667 0.104000 0.111333
1 0.316667 0.547333 0.098667 0.100000
1 0.232000 0.570000 0.093333 0.133333
1 0.157000 0.603000 0.084667 0.122000
1 0.106667 0.595667 0.029333 0.048667
1 0.073667 0.600667 0.038000 0.066667
1 0.067333 0.518333 0.069333 0.080667
1 0.153333 0.489333 0.102667 0.097333
1 0.130333 0.435333 0.082000 0.066667
1 0.054667 0.432333 0.074667 0.080667
1 0.234667 0.475000 0.052000 0.048667
3 0.270000 0.481667 0.033333 0.031333
1 0.331667 0.442333 0.103333 0.111333
1 0.434333 0.401333 0.116667 0.129333
1 0.549333 0.360667 0.166667 0.098667
1 0.526333 0.289333 0.079333 0.066667
1 0.608000 0.278667 0.098667 0.106667
1 0.553000 0.221667 0.051333 0.054000
2 0.476333 0.253000 0.087333 0.086000
1 0.402000 0.255000 0.069333 0.082000
1 0.402667 0.324667 0.088000 0.073333
1 0.328000 0.359333 0.065333 0.057333
1 0.286000 0.407333 0.065333 0.074667
1 0.217333 0.365333 0.128000 0.100000
1 0.205667 0.427000 0.059333 0.052667
1 0.158333 0.279000 0.040667 0.046000
1 0.098667 0.326000 0.112000 0.132000
1 0.202000 0.264333 0.041333 0.060667
1 0.253333 0.269667 0.072000 0.075333
1 0.276333 0.227667 0.087333 0.087333
1 0.330000 0.217667 0.092000 0.120667
2 0.407000 0.199000 0.059333 0.063333
1 0.497000 0.164333 0.090000 0.103333
1 0.459000 0.190667 0.047333 0.049333
1 0.561000 0.151000 0.087333 0.084667
2 0.764000 0.762000 0.072000 0.060000
1 0.694000 0.690667 0.096000 0.097333
2 0.683333 0.757333 0.092000 0.074667
0 0.773333 0.682667 0.100000 0.086667
0 0.673333 0.659333 0.052000 0.038667
0 0.089333 0.660000 0.069333 0.058667
0 0.023333 0.896667 0.046667 0.050667
0 0.464667 0.681000 0.036000 0.028667
0 0.204333 0.311333 0.048667 0.044000
0 0.033333 0.032333 0.034667 0.028667
2 0.543667 0.959333 0.119333 0.081333
2 0.639000 0.981000 0.076667 0.038000
2 0.723333 0.978333 0.109333 0.043333
2 0.901000 0.971667 0.079333 0.056667
2 0.961667 0.513333 0.075333 0.118667
2 0.968000 0.404000 0.061333 0.098667
2 0.962667 0.304333 0.072000 0.107333
2 0.038667 0.350667 0.077333 0.164000
2 0.022667 0.520000 0.045333 0.072000
2 0.042333 0.707333 0.084667 0.156000
