1 0.094000 0.070667 0.060000 0.049333
1 0.183333 0.049000 0.049333 0.050000
2 0.230667 0.041667 0.042667 0.050000
1 0.121333 0.118000 0.050667 0.056000
1 0.177333 0.120333 0.037333 0.046000
2 0.062000 0.170667 0.121333 0.109333
3 0.154000 0.184667 0.077333 0.070667
2 0.233000 0.152000 0.076667 0.084000
1 0.285667 0.066667 0.048667 0.037333
2 0.357000 0.075000 0.074000 0.054000
3 0.501333 0.080333 0.129333 0.074000
3 0.509667 0.149333 0.126000 0.069333
2 0.613667 0.110333 0.064667 0.054000
2 0.672000 0.149667 0.060000 0.059333
2 0.755667 0.144667 0.042000 0.053333
2 0.643000 0.215000 0.078000 0.071333
3 0.732000 0.271333 0.088000 0.065333
3 0.638000 0.285333 0.088000 0.085333
2 0.569000 0.279000 0.066000 0.060667
2 0.608333 0.204000 0.123333 0.045333
1 0.492667 0.295333 0.028000 0.037333
2 0.495333 0.336333 0.072000 0.066000
1 0.552000 0.333667 0.056000 0.048667
3 0.677000 0.387000 0.072667 0.070000
2 0.721333 0.417333 0.049333 0.045333
2 0.739333 0.442333 0.061333 0.063333
2 0.712000 0.501333 0.034667 0.030667
1 0.522667 0.420000 0.050667 0.057333
1 0.426667 0.482333 0.066667 0.072667
1 0.610333 0.366333 0.026000 0.040667
2 0.381000 0.248000 0.067333 0.064000
2 0.329667 0.158000 0.055333 0.065333
2 0.402667 0.161000 0.096000 0.107333
2 0.297667 0.242000 0.098000 0.097333
2 0.215333 0.247667 0.070667 0.067333
1 0.055000 0.283000 0.068667 0.051333
2 0.186667 0.330000 0.089333 0.094667
2 0.297333 0.364000 0.132000 0.133333
2 0.175333 0.410667 0.034667 0.044000
1 0.162667 0.479333 0.030667 0.034667
2 0.312333 0.486333 0.106000 0.102000
1 0.401000 0.549667 0.038000 0.035333
2 0.497333 0.516000 0.070667 0.061333
2 0.083000 0.499667 0.070000 0.063333
2 0.059000 0.571000 0.106000 0.083333
2 0.056333 0.628667 0.050000 0.037333
2 0.034667 0.678333 0.068000 0.090000
2 0.123000 0.626667 0.090000 0.098667
2 0.288667 0.641333 0.086667 0.130667
2 0.218333 0.613000 0.099333 0.171333
2 0.387000 0.616667 0.096667 0.097333
2 0.379000 0.692667 0.102000 0.068000
2 0.445667 0.715667 0.074000 0.092667
2 0.462667 0.589333 0.052000 0.060000
1 0.465000 0.649667 0.040667 0.038000
2 0.532667 0.652000 0.046667 0.061333
1 0.564000 0.555333 0.080000 0.088000
2 0.699667 0.558667 0.026000 0.026667
2 0.697667 0.587333 0.030000 0.025333
3 0.683000 0.682667 0.115333 0.109333
2 0.756000 0.739333 0.053333 0.058667
3 0.682000 0.777333 0.089333 0.076000
3 0.664333 0.877000 0.110000 0.094000
3 0.704000 0.934333 0.082667 0.068667
3 0.638333 0.967000 0.066000 0.066000
2 0.399333 0.911333 0.089333 0.084000
2 0.330000 0.894667 0.044000 0.034667
2 0.248000 0.926000 0.081333 0.102667
2 0.116333 0.802000 0.160667 0.116000
3 0.344333 0.846333 0.095333 0.056667
1 0.420333 0.848000 0.042000 0.037333
2 0.362000 0.771667 0.106667 0.091333
2 0.266667 0.748667 0.108000 0.090667
3 0.818000 0.920667 0.094667 0.109333
3 0.894667 0.916333 0.044000 0.043333
3 0.960000 0.875333 0.044000 0.046667
3 0.897667 0.827667 0.047333 0.046000
3 0.834333 0.788667 0.052667 0.048000
3 0.923000 0.771333 0.115333 0.102667
2 0.934333 0.671333 0.034000 0.034667
3 0.860667 0.609667 0.020000 0.024667
2 0.877333 0.482667 0.074667 0.065333
2 0.929667 0.487667 0.023333 0.020667
2 0.881333 0.413333 0.040000 0.030667
3 0.893000 0.361333 0.086000 0.094667
3 0.813333 0.399667 0.084000 0.083333
3 0.747000 0.343333 0.083333 0.074667
3 0.823000 0.298000 0.071333 0.077333
3 0.899667 0.264333 0.084667 0.100667
3 0.819000 0.184667 0.132667 0.114667
3 0.930000 0.149667 0.112000 0.090000
2 0.938333 0.080333 0.036667 0.035333
2 0.858333 0.066667 0.048667 0.050667
3 0.643333 0.045000 0.129333 0.088667
0 0.543000 0.900333 0.040667 0.034000
0 0.481667 0.921333 0.019333 0.025333
0 0.439000 0.986000 0.035333 0.028000
0 0.175000 0.900333 0.043333 0.054000
0 0.096000 0.930000 0.081333 0.052000
0 0.431667 0.783000 0.044667 0.063333
0 0.598000 0.816000 0.061333 0.086667
0 0.822333 0.847333 0.023333 0.030667
0 0.794333 0.833667 0.026000 0.030000
0 0.515667 0.718667 0.063333 0.065333
0 0.638667 0.584667 0.046667 0.040000
0 0.122000 0.447333 0.092000 0.052000
0 0.224667 0.418667 0.102667 0.088000
0 0.373667 0.405333 0.070000 0.068000
0 0.445667 0.409667 0.038000 0.046000
0 0.609667 0.434333 0.038000 0.043333
0 0.810000 0.476667 0.034667 0.041333
0 0.821333 0.445667 0.040000 0.031333
0 0.941333 0.413000 0.033333 0.031333
0 0.695000 0.318667 0.075333 0.061333
0 0.704667 0.187667 0.061333 0.048667
0 0.906667 0.065667 0.041333 0.051333
0 0.715667 0.053000 0.028667 0.031333
0 0.428000 0.075333 0.045333 0.046667
2 0.953000 0.944667 0.094000 0.109333
2 0.553333 0.957333 0.101333 0.085333
2 0.088000 0.974667 0.093333 0.050667
2 0.048667 0.341333 0.096000 0.121333
2 0.962000 0.305333 0.076000 0.161333
2 0.978333 0.695667 0.043333 0.102000
