2 0.086333 0.293333 0.092667 0.097333
2 0.171000 0.230000 0.086000 0.116000
1 0.238000 0.214667 0.042667 0.052000
1 0.185667 0.312333 0.091333 0.096667
1 0.272333 0.309000 0.100667 0.120667
1 0.367000 0.328667 0.099333 0.110667
2 0.437000 0.175667 0.106000 0.132667
1 0.502000 0.156333 0.042667 0.070000
1 0.555000 0.143667 0.068667 0.079333
1 0.650333 0.118667 0.114000 0.100000
2 0.564667 0.238000 0.142667 0.125333
2 0.455000 0.292667 0.095333 0.128000
2 0.165667 0.426000 0.167333 0.161333
1 0.770667 0.155333 0.092000 0.093333
1 0.729333 0.251333 0.110667 0.101333
2 0.695333 0.352000 0.120000 0.118667
1 0.515333 0.394667 0.098667 0.104000
2 0.181333 0.538000 0.050667 0.061333
2 0.051333 0.549000 0.077333 0.063333
2 0.021000 0.607000 0.039333 0.055333
2 0.060000 0.617000 0.050667 0.072667
2 0.154000 0.609333 0.073333 0.073333
2 0.276000 0.555667 0.113333 0.100667
2 0.304000 0.460333 0.106667 0.094000
2 0.370667 0.495667 0.061333 0.067333
2 0.407000 0.468667 0.032667 0.030667
2 0.027000 0.700667 0.044667 0.049333
2 0.112000 0.700333 0.117333 0.114000
2 0.220000 0.659667 0.092000 0.090000
2 0.292333 0.690667 0.051333 0.040000
2 0.334667 0.625667 0.129333 0.116667
2 0.378667 0.700000 0.065333 0.044000
2 0.415000 0.622333 0.056667 0.071333
2 0.469333 0.540333 0.120000 0.119333
2 0.505667 0.487333 0.074000 0.040000
2 0.569667 0.476333 0.040667 0.046000
2 0.537333 0.545667 0.041333 0.050000
2 0.570333 0.553333 0.063333 0.086667
2 0.575667 0.612333 0.072667 0.046000
2 0.459667 0.617000 0.035333 0.030000
2 0.370000 0.552667 0.040000 0.028000
1 0.179667 0.793333 0.075333 0.058667
1 0.206333 0.860000 0.059333 0.050667
1 0.236333 0.832333 0.055333 0.066000
2 0.320667 0.854667 0.112000 0.081333
2 0.415333 0.797667 0.058667 0.044667
2 0.459667 0.731000 0.148667 0.126000
2 0.478000 0.835000 0.113333 0.082000
2 0.574667 0.811667 0.077333 0.055333
2 0.628667 0.643000 0.030667 0.031333
2 0.671667 0.487667 0.154000 0.128667
2 0.627333 0.670667 0.022667 0.020000
2 0.761000 0.614000 0.066000 0.060000
2 0.863000 0.634000 0.104667 0.093333
2 0.835333 0.696667 0.040000 0.030667
2 0.684667 0.710000 0.058667 0.062667
2 0.764667 0.703667 0.112000 0.127333
2 0.839000 0.723333 0.039333 0.028000
2 0.917000 0.739000 0.099333 0.096667
2 0.818000 0.800667 0.078667 0.080000
2 0.871000 0.827000 0.050000 0.038000
2 0.720000 0.798000 0.118667 0.100000
2 0.672333 0.839667 0.063333 0.039333
2 0.709333 0.878667 0.042667 0.041333
2 0.785000 0.876667 0.064667 0.050667
2 0.933667 0.882333 0.079333 0.088667
2 0.945333 0.817000 0.085333 0.059333
2 0.972667 0.729000 0.038667 0.044667
2 0.848667 0.393000 0.094667 0.083333
2 0.809333 0.493667 0.085333 0.102000
2 0.781667 0.561667 0.024667 0.019333
2 0.824667 0.311667 0.060000 0.055333
2 0.829667 0.244000 0.091333 0.062667
1 0.856333 0.163333 0.082000 0.086667
2 0.615333 0.412667 0.082667 0.053333
2 0.616333 0.466333 0.046000 0.055333
2 0.349000 0.778333 0.068667 0.066000
2 0.772000 0.961333 0.073333 0.077333
2 0.654667 0.922667 0.156000 0.154667
2 0.850333 0.915333 0.092667 0.125333
2 0.954000 0.966000 0.052000 0.049333
2 0.974667 0.917667 0.040000 0.044667
0 0.578000 0.876000 0.105333 0.070667
0 0.153667 0.863000 0.055333 0.046000
0 0.621000 0.777333 0.048667 0.045333
0 0.271000 0.769000 0.063333 0.059333
0 0.551000 0.733333 0.060667 0.061333
0 0.618000 0.776667 0.050667 0.046667
0 0.591667 0.683333 0.066000 0.052000
0 0.541667 0.657333 0.058000 0.054667
0 0.124333 0.539667 0.100667 0.078000
0 0.889000 0.451667 0.222000 0.295333
0 0.053667 0.397000 0.106000 0.135333
0 0.274000 0.381333 0.081333 0.066667
0 0.328333 0.190000 0.168667 0.154667
0 0.653667 0.188000 0.054000 0.041333
0 0.601667 0.732333 0.039333 0.044667
0 0.951667 0.673000 0.036667 0.040667
2 0.527000 0.954667 0.116667 0.090667
2 0.413667 0.952333 0.110000 0.095333
2 0.279667 0.933000 0.095333 0.086000
2 0.030333 0.971333 0.058000 0.050667
2 0.953333 0.203333 0.093333 0.150667
