3 0.948667 0.817667 0.096000 0.082000
3 0.863000 0.719667 0.050000 0.055333
3 0.935333 0.722000 0.077333 0.096000
2 0.530000 0.926000 0.110667 0.098667
2 0.561000 0.842667 0.082000 0.070667
3 0.580000 0.767000 0.058667 0.058000
1 0.621333 0.731667 0.036000 0.035333
2 0.677667 0.780333 0.040667 0.040667
2 0.541000 0.677333 0.078000 0.076000
2 0.519000 0.748333 0.044667 0.051333
2 0.622333 0.678333 0.074000 0.075333
2 0.562667 0.594667 0.073333 0.064000
1 0.518667 0.538000 0.025333 0.028000
2 0.729333 0.647000 0.106667 0.087333
2 0.652000 0.585333 0.077333 0.069333
2 0.596667 0.497333 0.058667 0.066667
2 0.665333 0.522000 0.078667 0.076000
2 0.759667 0.551000 0.112667 0.118000
3 0.816000 0.622000 0.033333 0.026667
2 0.844333 0.566333 0.043333 0.031333
3 0.856000 0.517667 0.066667 0.062000
2 0.862000 0.470667 0.033333 0.032000
3 0.949000 0.481333 0.102000 0.094667
1 0.912000 0.555000 0.030667 0.048667
2 0.882000 0.413333 0.034667 0.032000
3 0.784667 0.460000 0.054667 0.056000
2 0.694000 0.449667 0.100000 0.076667
2 0.622000 0.426667 0.029333 0.025333
2 0.716667 0.356000 0.145333 0.094667
2 0.812667 0.394333 0.090667 0.084667
2 0.910333 0.353333 0.116667 0.102667
2 0.850667 0.248333 0.102667 0.104667
2 0.744000 0.279000 0.102667 0.087333
1 0.504667 0.453333 0.036000 0.030667
2 0.545333 0.381000 0.072000 0.080667
2 0.563667 0.291333 0.079333 0.078667
3 0.594000 0.250667 0.036000 0.033333
1 0.688333 0.189667 0.019333 0.018000
2 0.782667 0.174667 0.125333 0.101333
2 0.800000 0.099667 0.057333 0.043333
3 0.814667 0.047000 0.069333 0.059333
2 0.885000 0.102667 0.087333 0.106667
2 0.951667 0.195667 0.046000 0.048667
3 0.907000 0.036667 0.046000 0.033333
3 0.712000 0.105333 0.038667 0.045333
3 0.445333 0.318000 0.036000 0.032000
3 0.420000 0.261667 0.102667 0.088667
3 0.393667 0.195000 0.022000 0.024667
2 0.371000 0.139333 0.084667 0.080000
2 0.457000 0.136333 0.074000 0.086000
2 0.533333 0.171333 0.078667 0.092000
2 0.561000 0.087333 0.079333 0.073333
2 0.630000 0.120333 0.064000 0.082000
1 0.725000 0.062333 0.031333 0.026000
2 0.486333 0.069667 0.084667 0.080667
3 0.399333 0.074667 0.038667 0.048000
2 0.327000 0.065000 0.075333 0.068667
2 0.032667 0.038000 0.050667 0.044000
2 0.113333 0.075333 0.122667 0.125333
1 0.118000 0.181000 0.065333 0.072667
2 0.185333 0.211667 0.074667 0.078000
2 0.034667 0.238667 0.068000 0.070667
2 0.085000 0.282333 0.115333 0.103333
3 0.257000 0.334000 0.071333 0.066667
2 0.198667 0.299000 0.129333 0.111333
2 0.213333 0.390667 0.061333 0.056000
2 0.160333 0.426333 0.058000 0.054000
2 0.069667 0.370000 0.115333 0.097333
2 0.057667 0.427667 0.058000 0.046000
2 0.125333 0.497667 0.034667 0.019333
3 0.109333 0.551000 0.030667 0.028667
2 0.256333 0.509333 0.042000 0.037333
1 0.260000 0.463000 0.062667 0.050000
2 0.210000 0.499667 0.032000 0.031333
3 0.333333 0.489333 0.062667 0.056000
2 0.325000 0.561667 0.120667 0.108667
2 0.225667 0.556667 0.078000 0.060000
2 0.150667 0.590667 0.061333 0.082667
2 0.212333 0.614667 0.076667 0.065333
2 0.292333 0.653667 0.080667 0.082000
1 0.355667 0.684667 0.040667 0.034667
2 0.348333 0.753333 0.051333 0.061333
2 0.300000 0.773333 0.052000 0.045333
3 0.266000 0.730000 0.074667 0.062667
2 0.190000 0.687667 0.101333 0.088667
2 0.114000 0.672667 0.065333 0.069333
3 0.054333 0.650333 0.059333 0.063333
2 0.033667 0.721333 0.048667 0.041333
3 0.100000 0.749333 0.037333 0.033333
1 0.084667 0.789333 0.037333 0.033333
2 0.161667 0.767667 0.088667 0.079333
3 0.233667 0.795667 0.048667 0.046000
2 0.058667 0.850333 0.068000 0.088667
2 0.131333 0.844333 0.080000 0.076667
2 0.205000 0.857333 0.050000 0.064000
2 0.256333 0.848333 0.058000 0.054000
2 0.128333 0.918333 0.075333 0.075333
1 0.610333 0.175333 0.039333 0.038667
0 0.755667 0.858667 0.132667 0.130667
0 0.618667 0.848000 0.049333 0.077333
0 0.493333 0.828667 0.061333 0.052000
0 0.365333 0.837333 0.069333 0.072000
0 0.782000 0.739667 0.124000 0.100667
0 0.672667 0.732667 0.061333 0.062667
0 0.838667 0.665667 0.058667 0.052667
0 0.887667 0.652333 0.043333 0.047333
0 0.973667 0.577333 0.052667 0.046667
0 0.469333 0.497333 0.084000 0.057333
0 0.543000 0.483667 0.055333 0.062000
0 0.637000 0.311000 0.070000 0.060667
0 0.663000 0.232333 0.071333 0.074000
0 0.354000 0.211000 0.066667 0.051333
2 0.955000 0.962000 0.083333 0.076000
2 0.710000 0.957667 0.108000 0.084667
2 0.332333 0.969000 0.087333 0.062000
2 0.247333 0.951333 0.084000 0.097333
3 0.161667 0.976333 0.090000 0.047333
3 0.045667 0.955667 0.088667 0.087333
2 0.053667 0.477000 0.106000 0.095333
1 0.033000 0.180667 0.064667 0.060000
2 0.028333 0.114333 0.055333 0.107333
2 0.660667 0.040667 0.097333 0.078667
3 0.964667 0.115667 0.070667 0.102000
3 0.957333 0.283000 0.085333 0.108667
3 0.966667 0.629000 0.066667 0.083333
3 0.869667 0.966333 0.095333 0.067333
