2 0.889667 0.114667 0.118000 0.138667
2 0.847667 0.233333 0.111333 0.109333
2 0.801000 0.322667 0.071333 0.064000
2 0.781667 0.406333 0.098000 0.083333
2 0.758667 0.474667 0.074667 0.068000
2 0.793333 0.078333 0.077333 0.072667
1 0.763333 0.135000 0.068000 0.051333
1 0.746333 0.203000 0.091333 0.087333
1 0.731000 0.287333 0.088667 0.090667
1 0.714333 0.359000 0.050000 0.055333
1 0.685000 0.445333 0.088667 0.094667
1 0.648333 0.498333 0.079333 0.087333
2 0.718667 0.553667 0.097333 0.111333
2 0.674667 0.654667 0.170667 0.138667
2 0.611333 0.746333 0.133333 0.124667
1 0.591333 0.838333 0.081333 0.075333
2 0.573333 0.939667 0.160000 0.119333
2 0.497667 0.841667 0.055333 0.064667
1 0.481667 0.946333 0.076667 0.086000
1 0.444000 0.899333 0.093333 0.072000
1 0.400333 0.951667 0.086000 0.071333
1 0.355000 0.892333 0.084667 0.096667
1 0.410333 0.798000 0.144667 0.108000
1 0.431667 0.854000 0.074000 0.062667
1 0.274000 0.894667 0.089333 0.096000
2 0.086333 0.921667 0.144667 0.114000
2 0.074667 0.815333 0.098667 0.098667
1 0.160000 0.849333 0.077333 0.100000
1 0.227333 0.836667 0.090667 0.122667
2 0.174000 0.762333 0.089333 0.084667
2 0.090000 0.728333 0.088000 0.091333
1 0.255000 0.736667 0.079333 0.092000
1 0.305333 0.792333 0.093333 0.111333
1 0.292333 0.671667 0.080667 0.091333
1 0.350333 0.713333 0.086000 0.097333
1 0.440000 0.716000 0.129333 0.108000
1 0.513000 0.739000 0.060667 0.048667
1 0.525333 0.785667 0.058667 0.052667
1 0.198333 0.671333 0.102000 0.094667
1 0.089333 0.634000 0.102667 0.100000
2 0.106000 0.532000 0.138667 0.093333
1 0.205000 0.569667 0.115333 0.112667
1 0.297000 0.572667 0.087333 0.097333
1 0.375333 0.607667 0.110667 0.111333
1 0.455333 0.627000 0.088000 0.094000
1 0.519000 0.644333 0.090000 0.092667
2 0.040000 0.414333 0.078667 0.111333
2 0.119333 0.447667 0.106667 0.096667
2 0.048333 0.314000 0.095333 0.090667
2 0.124667 0.352667 0.104000 0.101333
2 0.113667 0.074000 0.095333 0.102667
1 0.123667 0.196000 0.116667 0.140000
2 0.186333 0.224667 0.042000 0.065333
2 0.217667 0.300667 0.056667 0.050667
1 0.200000 0.481333 0.065333 0.066667
1 0.256667 0.493667 0.090667 0.086000
1 0.192667 0.400667 0.101333 0.110667
1 0.282333 0.385333 0.108667 0.105333
1 0.258667 0.207000 0.120000 0.118000
2 0.202000 0.102000 0.100000 0.110667
1 0.275000 0.097000 0.051333 0.054000
1 0.317667 0.040667 0.074000 0.081333
1 0.348333 0.203667 0.054000 0.050000
1 0.317667 0.291667 0.046000 0.051333
1 0.272000 0.285000 0.042667 0.048667
1 0.274667 0.320000 0.042667 0.033333
1 0.362333 0.314000 0.056667 0.065333
1 0.342667 0.457000 0.073333 0.062000
1 0.393000 0.511333 0.120667 0.129333
1 0.497667 0.541667 0.080667 0.110000
1 0.452667 0.450000 0.096000 0.109333
1 0.371667 0.116333 0.118000 0.118000
2 0.421667 0.033000 0.072667 0.066000
1 0.490667 0.089000 0.092000 0.084667
1 0.577000 0.047000 0.080667 0.087333
2 0.549000 0.161000 0.108667 0.148667
2 0.635000 0.201333 0.119333 0.157333
1 0.439000 0.177333 0.119333 0.102667
1 0.422000 0.272333 0.129333 0.112667
1 0.387667 0.378333 0.111333 0.094000
1 0.505333 0.323000 0.129333 0.147333
1 0.699000 0.120333 0.072667 0.083333
1 0.651000 0.339000 0.095333 0.107333
2 0.585333 0.373333 0.094667 0.134667
1 0.589333 0.495333 0.053333 0.064000
1 0.615667 0.595333 0.060667 0.064000
1 0.584000 0.571333 0.097333 0.105333
1 0.538333 0.445667 0.118000 0.120667
0 0.929000 0.922000 0.048667 0.046667
0 0.932667 0.985667 0.041333 0.027333
0 0.336667 0.256667 0.044000 0.041333
0 0.834000 0.161667 0.050667 0.052667
0 0.286667 0.066333 0.040000 0.028667
2 0.688667 0.048667 0.170667 0.097333
2 0.494667 0.028667 0.070667 0.057333
2 0.040333 0.083000 0.078000 0.119333
2 0.034333 0.200667 0.067333 0.133333
2 0.025000 0.586667 0.047333 0.124000
1 0.166667 0.952667 0.105333 0.093333
1 0.258000 0.964667 0.112000 0.069333
