2 0.247333 0.081333 0.062667 0.072000
2 0.338000 0.096667 0.173333 0.169333
2 0.301667 0.193000 0.064667 0.038000
1 0.308667 0.255667 0.101333 0.092667
2 0.247000 0.189000 0.050000 0.059333
2 0.164000 0.059000 0.101333 0.103333
1 0.072667 0.087333 0.104000 0.140000
1 0.164000 0.148667 0.132000 0.104000
1 0.133667 0.224333 0.071333 0.078000
1 0.204333 0.233667 0.082000 0.082000
2 0.286667 0.351333 0.096000 0.062667
2 0.271000 0.418333 0.084667 0.079333
2 0.243333 0.492000 0.070667 0.068000
2 0.195000 0.425667 0.087333 0.094000
1 0.085333 0.329333 0.098667 0.096000
1 0.145333 0.284000 0.061333 0.077333
1 0.190000 0.327000 0.077333 0.075333
1 0.144000 0.378333 0.080000 0.086000
1 0.095000 0.464000 0.190000 0.157333
1 0.090000 0.577000 0.122667 0.094000
1 0.158667 0.616000 0.060000 0.049333
1 0.229333 0.605667 0.098667 0.082000
1 0.217667 0.685333 0.119333 0.092000
2 0.185667 0.764000 0.070000 0.062667
1 0.169667 0.833333 0.146000 0.109333
1 0.155000 0.902333 0.114000 0.050000
1 0.126000 0.937000 0.105333 0.047333
1 0.124667 0.976000 0.069333 0.036000
1 0.034667 0.855667 0.066667 0.054000
1 0.070333 0.651333 0.091333 0.088000
1 0.121000 0.710333 0.090000 0.094000
1 0.116000 0.773667 0.066667 0.068667
1 0.044333 0.774333 0.080667 0.088667
0 0.701333 0.071667 0.168000 0.142000
0 0.845667 0.061333 0.155333 0.121333
0 0.919667 0.152333 0.022000 0.030000
0 0.847000 0.171000 0.039333 0.039333
0 0.889000 0.332333 0.043333 0.052667
0 0.715667 0.356333 0.170000 0.131333
0 0.869000 0.518667 0.083333 0.097333
0 0.811000 0.494667 0.076667 0.124000
0 0.699000 0.472333 0.147333 0.184667
0 0.543000 0.535000 0.172667 0.200667
0 0.432667 0.860667 0.106667 0.132000
0 0.482667 0.782333 0.077333 0.074000
0 0.536000 0.732667 0.073333 0.078667
0 0.587000 0.676333 0.070000 0.088667
0 0.557667 0.940667 0.106000 0.106667
0 0.598000 0.869667 0.086667 0.070000
0 0.628333 0.776000 0.108667 0.126667
0 0.676667 0.643000 0.106667 0.100667
0 0.734333 0.746667 0.103333 0.125333
0 0.672000 0.934333 0.093333 0.114000
0 0.795333 0.672667 0.082667 0.068000
0 0.931000 0.636667 0.083333 0.077333
0 0.971333 0.589000 0.053333 0.083333
0 0.888333 0.789667 0.132667 0.188667
0 0.770667 0.847000 0.097333 0.135333
0 0.841333 0.957333 0.097333 0.085333
2 0.043333 0.938667 0.086667 0.118667
2 0.035333 0.203000 0.070667 0.118000
