2 0.445333 0.060667 0.030667 0.026667
2 0.226333 0.074667 0.084667 0.076000
2 0.289000 0.133667 0.084667 0.094000
2 0.373667 0.152000 0.110000 0.102667
2 0.178667 0.174667 0.064000 0.062667
3 0.248000 0.217000 0.041333 0.036667
3 0.228000 0.289333 0.034667 0.038667
2 0.087333 0.218333 0.134667 0.124667
2 0.233333 0.366333 0.118667 0.084667
2 0.068000 0.417333 0.104000 0.097333
2 0.162000 0.478333 0.072000 0.075333
2 0.034000 0.560000 0.041333 0.041333
2 0.025667 0.643333 0.047333 0.044000
2 0.098000 0.674667 0.053333 0.040000
2 0.063333 0.739000 0.056000 0.052667
2 0.045667 0.808000 0.056667 0.054667
2 0.706333 0.026333 0.052667 0.051333
2 0.850667 0.076000 0.046667 0.054667
2 0.908333 0.066667 0.068667 0.068000
2 0.653333 0.110000 0.108000 0.108000
2 0.732667 0.123333 0.061333 0.088000
2 0.884667 0.210333 0.109333 0.083333
2 0.936000 0.275333 0.065333 0.058667
2 0.850667 0.282333 0.044000 0.039333
2 0.946667 0.441333 0.074667 0.070667
2 0.895000 0.386000 0.055333 0.062667
2 0.832000 0.368667 0.060000 0.064000
2 0.755000 0.309667 0.078000 0.112667
2 0.662667 0.268333 0.093333 0.083333
2 0.648667 0.354000 0.093333 0.093333
2 0.517333 0.145667 0.169333 0.126000
2 0.508333 0.254000 0.148667 0.162667
2 0.351667 0.372000 0.112667 0.104000
2 0.454333 0.424000 0.156667 0.149333
2 0.695667 0.453333 0.076667 0.074667
2 0.926667 0.505000 0.037333 0.046000
2 0.916667 0.618333 0.037333 0.039333
2 0.799333 0.614667 0.038667 0.034667
2 0.828000 0.642000 0.029333 0.030667
2 0.586333 0.499000 0.079333 0.083333
3 0.662333 0.534333 0.084667 0.084667
2 0.308333 0.454333 0.062000 0.050000
2 0.328333 0.556667 0.122000 0.104000
3 0.467333 0.597667 0.086667 0.075333
2 0.497000 0.704667 0.054000 0.074667
2 0.437000 0.668333 0.052667 0.055333
2 0.297000 0.643333 0.079333 0.058667
2 0.339000 0.732333 0.076667 0.072667
2 0.313000 0.788333 0.055333 0.048667
2 0.293667 0.838667 0.044667 0.029333
2 0.174333 0.748000 0.134000 0.132000
2 0.195667 0.867667 0.082000 0.092667
2 0.159000 0.949667 0.086000 0.092667
2 0.087000 0.921333 0.042000 0.041333
3 0.260333 0.911000 0.024667 0.023333
2 0.451000 0.869000 0.083333 0.087333
2 0.507667 0.945000 0.075333 0.086000
2 0.596333 0.940000 0.088667 0.106667
2 0.722333 0.845667 0.054000 0.056667
2 0.639667 0.796333 0.047333 0.042000
2 0.572333 0.771333 0.059333 0.061333
2 0.685000 0.743667 0.118000 0.116667
2 0.705000 0.664000 0.083333 0.069333
2 0.599333 0.688000 0.030667 0.028000
2 0.496333 0.702667 0.055333 0.062667
2 0.468000 0.792000 0.065333 0.056000
2 0.239667 0.595667 0.063333 0.051333
2 0.623667 0.615667 0.068667 0.063333
2 0.721667 0.389000 0.039333 0.050000
2 0.963667 0.682667 0.072667 0.100000
2 0.949333 0.782333 0.097333 0.091333
2 0.860333 0.701667 0.114000 0.108667
2 0.841667 0.783000 0.110000 0.084667
2 0.811000 0.848333 0.123333 0.112667
2 0.914667 0.863667 0.074667 0.079333
2 0.910667 0.955667 0.130667 0.088667
2 0.805667 0.933667 0.074000 0.070000
2 0.503000 0.298000 0.051333 0.065333
0 0.327667 0.912333 0.039333 0.050000
0 0.324667 0.864667 0.045333 0.032000
0 0.437667 0.945333 0.064667 0.060000
0 0.659000 0.890333 0.067333 0.067333
0 0.432333 0.757667 0.044667 0.048667
0 0.389667 0.617667 0.071333 0.060667
0 0.117000 0.596333 0.064667 0.071333
0 0.059000 0.492333 0.071333 0.052667
0 0.363333 0.453667 0.072000 0.062000
0 0.378667 0.520333 0.068000 0.067333
0 0.701000 0.604333 0.062000 0.050000
0 0.573000 0.445667 0.058000 0.051333
0 0.031000 0.267667 0.060667 0.062000
0 0.311333 0.208333 0.058667 0.055333
0 0.271667 0.307667 0.036667 0.039333
0 0.162667 0.097667 0.070667 0.063333
0 0.297000 0.053333 0.056667 0.057333
0 0.403000 0.044333 0.062000 0.072667
0 0.790333 0.170333 0.051333 0.050000
0 0.934667 0.130333 0.060000 0.051333
2 0.230000 0.974000 0.082667 0.052000
2 0.982667 0.216333 0.034667 0.039333
2 0.975333 0.365667 0.049333 0.087333
