1 0.061667 0.090000 0.119333 0.106667
2 0.049333 0.160667 0.097333 0.073333
2 0.115333 0.224667 0.068000 0.070667
1 0.146000 0.127667 0.068000 0.082000
1 0.177000 0.040667 0.091333 0.080000
1 0.102000 0.040000 0.061333 0.078667
1 0.223000 0.133000 0.091333 0.151333
2 0.298667 0.161667 0.078667 0.078000
2 0.325000 0.065000 0.098000 0.118000
2 0.400667 0.072667 0.077333 0.102667
1 0.485333 0.058667 0.089333 0.102667
2 0.566000 0.110000 0.102667 0.122667
2 0.636667 0.130333 0.036000 0.056667
3 0.611333 0.195333 0.040000 0.040000
2 0.474333 0.170667 0.147333 0.129333
2 0.448000 0.261333 0.056000 0.061333
2 0.514000 0.292000 0.060000 0.064000
2 0.368333 0.227667 0.082000 0.076667
1 0.174667 0.284333 0.100000 0.123333
2 0.268667 0.233333 0.089333 0.068000
2 0.264000 0.312000 0.106667 0.096000
2 0.342667 0.327333 0.066667 0.070667
2 0.428000 0.353667 0.106667 0.112667
2 0.500667 0.371667 0.069333 0.087333
2 0.574333 0.383000 0.096667 0.104667
1 0.588667 0.304667 0.068000 0.064000
2 0.059667 0.408000 0.107333 0.134667
1 0.143000 0.406667 0.092667 0.134667
1 0.222333 0.406667 0.090000 0.140000
3 0.223000 0.507333 0.055333 0.058667
1 0.127667 0.503667 0.107333 0.079333
2 0.187333 0.596667 0.134667 0.129333
1 0.101000 0.604667 0.047333 0.061333
2 0.146000 0.707333 0.096000 0.105333
2 0.241667 0.664333 0.048667 0.063333
2 0.287000 0.584333 0.052667 0.051333
1 0.291667 0.529000 0.098000 0.090000
2 0.324333 0.619667 0.100667 0.088667
2 0.319333 0.709333 0.090667 0.106667
2 0.291667 0.769000 0.110000 0.107333
1 0.372667 0.523333 0.064000 0.085333
1 0.317333 0.427000 0.120000 0.122000
2 0.410667 0.446000 0.072000 0.066667
2 0.476333 0.465000 0.054000 0.059333
1 0.459667 0.547667 0.123333 0.124667
2 0.405333 0.710667 0.104000 0.137333
2 0.456333 0.759333 0.052667 0.042667
2 0.408333 0.811333 0.056667 0.061333
1 0.465333 0.849000 0.076000 0.078000
2 0.509333 0.804000 0.136000 0.101333
2 0.564000 0.729667 0.106667 0.114000
2 0.587333 0.639333 0.068000 0.072000
2 0.502333 0.644000 0.114000 0.076000
1 0.478667 0.710667 0.064000 0.070667
2 0.536000 0.558333 0.057333 0.082000
2 0.608333 0.569000 0.087333 0.082000
2 0.717333 0.118000 0.064000 0.070667
2 0.747333 0.031000 0.054667 0.055333
2 0.942333 0.041333 0.036667 0.060000
2 0.805667 0.088000 0.074000 0.056000
2 0.871667 0.160667 0.075333 0.070667
2 0.930000 0.272667 0.041333 0.044000
2 0.780000 0.162667 0.102667 0.094667
2 0.760000 0.233667 0.070667 0.070000
2 0.687000 0.200333 0.108667 0.078000
2 0.685333 0.287667 0.125333 0.114000
2 0.835333 0.274667 0.072000 0.073333
2 0.911000 0.351333 0.120667 0.129333
2 0.811667 0.346333 0.083333 0.078000
3 0.775667 0.383000 0.036667 0.040667
2 0.861667 0.439333 0.058000 0.053333
2 0.711333 0.366333 0.070667 0.071333
1 0.650000 0.382333 0.057333 0.075333
3 0.965333 0.147000 0.029333 0.038000
2 0.545333 0.472000 0.094667 0.088000
2 0.629333 0.476667 0.070667 0.092000
2 0.706667 0.444333 0.098667 0.084667
2 0.769667 0.501667 0.084667 0.083333
2 0.730000 0.525333 0.033333 0.033333
2 0.755667 0.578333 0.087333 0.088667
2 0.831667 0.605000 0.082000 0.084667
2 0.824333 0.534333 0.050000 0.048667
2 0.911333 0.637667 0.096000 0.086000
2 0.961333 0.435333 0.077333 0.084000
2 0.941333 0.537333 0.117333 0.118667
2 0.957333 0.695000 0.066667 0.058000
1 0.903333 0.727667 0.128000 0.118000
2 0.957667 0.794000 0.072667 0.057333
1 0.932667 0.855667 0.086667 0.080667
1 0.897333 0.939333 0.104000 0.089333
2 0.829333 0.826000 0.126667 0.126667
1 0.817667 0.932333 0.080667 0.096667
2 0.736000 0.833667 0.073333 0.070000
2 0.733333 0.898333 0.088000 0.068667
2 0.764000 0.749000 0.078667 0.080667
2 0.787333 0.668333 0.096000 0.078000
2 0.662667 0.683000 0.098667 0.090000
2 0.687333 0.763000 0.093333 0.086000
1 0.608333 0.816333 0.056667 0.068667
1 0.667333 0.845000 0.064000 0.078000
1 0.617333 0.911333 0.161333 0.125333
2 0.716667 0.625333 0.052000 0.053333
2 0.674333 0.583667 0.072667 0.091333
0 0.820667 0.718667 0.062667 0.064000
0 0.861333 0.506333 0.060000 0.072667
0 0.686000 0.505667 0.038667 0.054000
0 0.100333 0.274667 0.048667 0.052000
0 0.127667 0.323333 0.062000 0.048000
0 0.356000 0.162333 0.041333 0.048667
0 0.374667 0.289000 0.069333 0.056667
0 0.587333 0.248333 0.046667 0.060667
0 0.860667 0.223667 0.062667 0.059333
0 0.950000 0.193000 0.020000 0.028667
0 0.409333 0.626000 0.061333 0.062667
0 0.117000 0.937000 0.031333 0.032667
2 0.962333 0.947333 0.075333 0.104000
2 0.854667 0.034333 0.117333 0.067333
2 0.597333 0.048333 0.157333 0.095333
2 0.039667 0.024333 0.078000 0.047333
2 0.044333 0.549333 0.087333 0.172000
