2 0.260667 0.062667 0.100000 0.066667
2 0.247000 0.107333 0.051333 0.038667
2 0.237333 0.149000 0.073333 0.058000
2 0.152000 0.085000 0.089333 0.078000
2 0.068333 0.113667 0.079333 0.084667
2 0.133333 0.172667 0.109333 0.097333
2 0.035333 0.202000 0.066667 0.061333
2 0.092333 0.235333 0.075333 0.069333
2 0.076000 0.300333 0.100000 0.052667
2 0.183000 0.297333 0.083333 0.069333
3 0.223000 0.230000 0.036667 0.037333
3 0.284000 0.196667 0.038667 0.037333
2 0.067000 0.331333 0.048667 0.032000
2 0.048667 0.367333 0.096000 0.096000
2 0.033333 0.435000 0.057333 0.042000
2 0.127000 0.443000 0.080667 0.079333
2 0.103667 0.526000 0.083333 0.088000
2 0.085333 0.600333 0.074667 0.070000
3 0.057667 0.672000 0.088667 0.076000
2 0.159000 0.631667 0.078000 0.084667
2 0.114667 0.781667 0.110667 0.102000
2 0.075667 0.869333 0.063333 0.065333
2 0.053333 0.938667 0.069333 0.068000
2 0.157000 0.863667 0.087333 0.115333
2 0.232000 0.855333 0.076000 0.068000
2 0.271667 0.922333 0.114000 0.119333
2 0.192667 0.967667 0.036000 0.038000
2 0.320333 0.781000 0.078000 0.108667
2 0.236000 0.756000 0.096000 0.128000
2 0.226667 0.638333 0.065333 0.082000
2 0.294000 0.666333 0.072000 0.082000
3 0.343333 0.692000 0.032000 0.038667
2 0.360333 0.655000 0.050000 0.051333
2 0.264333 0.559667 0.047333 0.054000
3 0.311000 0.578000 0.043333 0.058667
3 0.386000 0.570667 0.096000 0.093333
2 0.478667 0.583000 0.036000 0.038000
3 0.414667 0.496333 0.058667 0.060667
2 0.336667 0.515000 0.061333 0.054000
2 0.364333 0.433667 0.050000 0.052667
3 0.315333 0.404000 0.076000 0.068000
2 0.189667 0.493000 0.072667 0.084667
2 0.207667 0.415667 0.067333 0.063333
2 0.245667 0.334000 0.082000 0.097333
3 0.331000 0.323333 0.086000 0.081333
3 0.342333 0.243667 0.075333 0.080667
2 0.369667 0.155000 0.043333 0.054000
3 0.446667 0.111000 0.064000 0.079333
2 0.474333 0.042667 0.067333 0.057333
2 0.491667 0.126667 0.028667 0.036000
2 0.414000 0.216333 0.034667 0.038000
2 0.464000 0.204667 0.076000 0.064000
2 0.409667 0.272667 0.043333 0.058667
3 0.457667 0.274667 0.048667 0.070667
2 0.389667 0.358000 0.044667 0.054667
3 0.436333 0.351667 0.056667 0.075333
3 0.445000 0.681667 0.083333 0.087333
2 0.423667 0.758667 0.038000 0.044000
3 0.527667 0.687000 0.054000 0.082000
2 0.538000 0.367000 0.102667 0.106000
3 0.541000 0.266333 0.075333 0.054000
2 0.584667 0.094000 0.065333 0.065333
2 0.574333 0.134000 0.036667 0.033333
2 0.561667 0.195667 0.086000 0.084667
3 0.665333 0.075000 0.078667 0.084667
2 0.759000 0.074000 0.086000 0.072000
3 0.729667 0.165667 0.044667 0.044667
2 0.852667 0.070000 0.032000 0.028000
2 0.869333 0.120333 0.076000 0.048667
2 0.970333 0.180667 0.059333 0.080000
2 0.865333 0.192000 0.126667 0.094667
2 0.841667 0.254667 0.028667 0.030667
2 0.930667 0.243333 0.060000 0.044000
3 0.932000 0.298333 0.093333 0.068667
3 0.723000 0.218667 0.075333 0.066667
2 0.631333 0.222000 0.102667 0.093333
2 0.641000 0.311000 0.039333 0.043333
3 0.707000 0.318000 0.056667 0.065333
3 0.710000 0.383000 0.062667 0.074000
2 0.626333 0.382333 0.095333 0.091333
2 0.645333 0.442667 0.038667 0.042667
3 0.679333 0.476667 0.062667 0.056000
3 0.591667 0.479000 0.087333 0.074000
2 0.521333 0.507333 0.038667 0.036000
3 0.514667 0.752667 0.046667 0.040000
2 0.614000 0.667000 0.057333 0.050000
2 0.679333 0.709333 0.076000 0.090667
2 0.828000 0.339333 0.101333 0.077333
3 0.898000 0.346000 0.066667 0.038667
3 0.899333 0.392667 0.080000 0.065333
3 0.968333 0.405667 0.063333 0.060667
3 0.948000 0.447667 0.064000 0.042000
3 0.917333 0.487333 0.089333 0.076000
2 0.788000 0.415000 0.094667 0.068667
2 0.764667 0.497667 0.094667 0.080667
2 0.737000 0.570333 0.080667 0.076667
2 0.658333 0.524000 0.062000 0.044000
2 0.652333 0.563000 0.044667 0.042000
2 0.627333 0.597000 0.061333 0.043333
2 0.691667 0.647000 0.018000 0.020667
2 0.881333 0.576667 0.041333 0.041333
2 0.818000 0.605333 0.093333 0.088000
2 0.883333 0.663000 0.101333 0.078000
2 0.779667 0.685333 0.111333 0.097333
2 0.843333 0.734333 0.070667 0.071333
2 0.921667 0.739667 0.075333 0.084667
2 0.758333 0.767000 0.092667 0.094000
3 0.812667 0.822667 0.076000 0.072000
3 0.884667 0.823333 0.068000 0.073333
2 0.954333 0.877000 0.040667 0.055333
2 0.889667 0.908667 0.086000 0.097333
2 0.928000 0.965333 0.080000 0.069333
2 0.800667 0.923333 0.105333 0.106667
2 0.727000 0.847667 0.091333 0.080667
2 0.710333 0.929000 0.083333 0.084667
2 0.640333 0.869333 0.084667 0.101333
2 0.580667 0.765000 0.057333 0.051333
2 0.532667 0.796333 0.053333 0.044667
2 0.479000 0.842000 0.087333 0.128000
2 0.567000 0.845667 0.082000 0.110000
3 0.597333 0.954000 0.070667 0.060000
2 0.423333 0.964667 0.065333 0.070667
2 0.376333 0.924000 0.026000 0.030667
2 0.393000 0.833000 0.074000 0.084667
2 0.866667 0.526000 0.021333 0.026667
3 0.488333 0.273333 0.027333 0.034667
2 0.487667 0.224000 0.040667 0.058667
0 0.665000 0.770667 0.075333 0.050667
0 0.595000 0.541000 0.044667 0.048667
0 0.202000 0.568000 0.072000 0.062667
0 0.253000 0.504000 0.051333 0.046667
0 0.277000 0.457333 0.032667 0.032000
0 0.419000 0.431333 0.038000 0.030667
0 0.498000 0.453000 0.028000 0.040667
0 0.784667 0.267667 0.092000 0.114000
0 0.603333 0.297000 0.042667 0.043333
0 0.351000 0.125667 0.054000 0.043333
0 0.747333 0.125333 0.061333 0.041333
0 0.091000 0.058333 0.047333 0.052667
2 0.509667 0.969333 0.083333 0.061333
2 0.030667 0.760000 0.060000 0.102667
2 0.025333 0.031000 0.049333 0.060667
2 0.239333 0.022000 0.076000 0.042667
2 0.614333 0.029667 0.064667 0.058000
2 0.770000 0.022000 0.065333 0.042667
2 0.983000 0.506333 0.034000 0.044667
2 0.968333 0.578000 0.063333 0.080000
2 0.973667 0.769000 0.052667 0.092667
2 0.817000 0.977667 0.063333 0.043333
