3 0.051000 0.945000 0.080667 0.086000
2 0.128667 0.951333 0.058667 0.068000
2 0.181667 0.973000 0.048667 0.051333
2 0.278333 0.947667 0.111333 0.096667
1 0.342333 0.872667 0.050000 0.046667
1 0.389667 0.845667 0.042000 0.054000
2 0.434000 0.825333 0.028000 0.038667
1 0.491667 0.792667 0.028667 0.040000
1 0.461000 0.808667 0.026000 0.036000
1 0.371667 0.913667 0.044667 0.056667
1 0.413000 0.957333 0.044667 0.044000
3 0.029000 0.854333 0.043333 0.055333
3 0.052667 0.788667 0.026667 0.029333
2 0.109667 0.759333 0.076667 0.076000
1 0.031333 0.696000 0.038667 0.038667
2 0.065333 0.696000 0.034667 0.038667
1 0.113000 0.685000 0.055333 0.042000
2 0.189667 0.700333 0.060667 0.072667
2 0.270000 0.682000 0.092000 0.100000
3 0.351000 0.669667 0.052667 0.052667
2 0.436000 0.674000 0.096000 0.077333
2 0.400667 0.753667 0.097333 0.082000
3 0.492000 0.886333 0.034667 0.047333
2 0.435333 0.885000 0.074667 0.094000
2 0.487000 0.962000 0.083333 0.068000
2 0.558000 0.908333 0.066667 0.082000
2 0.615333 0.952333 0.054667 0.076667
2 0.541000 0.802333 0.075333 0.087333
2 0.594667 0.850333 0.065333 0.072667
2 0.537333 0.857333 0.032000 0.030667
2 0.647333 0.883667 0.076000 0.075333
2 0.740333 0.942000 0.031333 0.030667
2 0.811000 0.977333 0.059333 0.042667
2 0.941333 0.903000 0.100000 0.083333
2 0.900667 0.809333 0.089333 0.073333
2 0.942667 0.754000 0.114667 0.096000
2 0.528667 0.670667 0.066667 0.057333
2 0.584667 0.679667 0.045333 0.044667
2 0.582000 0.722667 0.042667 0.038667
2 0.637667 0.691333 0.051333 0.052000
2 0.618000 0.777667 0.076000 0.084667
2 0.690333 0.788667 0.076667 0.088000
2 0.773667 0.784333 0.092667 0.092667
2 0.787667 0.707333 0.087333 0.084000
2 0.709667 0.702667 0.076667 0.073333
2 0.054667 0.612000 0.069333 0.062667
2 0.081333 0.537333 0.074667 0.057333
2 0.173667 0.524000 0.040667 0.033333
2 0.133333 0.607000 0.070667 0.083333
2 0.227667 0.617000 0.115333 0.086000
2 0.235000 0.540000 0.084667 0.068000
2 0.286000 0.467000 0.040000 0.050000
2 0.307667 0.370667 0.058000 0.065333
2 0.390333 0.329667 0.054000 0.044667
2 0.373000 0.399667 0.083333 0.071333
2 0.344000 0.468333 0.064000 0.052667
2 0.322333 0.536667 0.074000 0.069333
2 0.414000 0.534333 0.106667 0.110000
2 0.478333 0.601333 0.044667 0.037333
2 0.423000 0.467333 0.078000 0.066667
2 0.464667 0.397667 0.092000 0.083333
2 0.559000 0.335333 0.108667 0.069333
3 0.663667 0.306667 0.054000 0.065333
2 0.626333 0.380667 0.115333 0.097333
2 0.734667 0.367000 0.106667 0.080667
3 0.827000 0.427667 0.080667 0.076667
2 0.884333 0.501000 0.086000 0.082000
2 0.948667 0.572000 0.062667 0.076000
2 0.867333 0.588000 0.100000 0.094667
2 0.778667 0.620667 0.100000 0.090667
2 0.683333 0.603667 0.052000 0.054000
2 0.604333 0.619000 0.087333 0.074000
2 0.643667 0.549000 0.058000 0.066000
2 0.714333 0.536333 0.083333 0.078000
2 0.798667 0.529667 0.088000 0.088667
2 0.739000 0.453000 0.115333 0.088667
2 0.609667 0.455333 0.084667 0.076000
2 0.536000 0.444000 0.062667 0.060000
2 0.581333 0.524667 0.061333 0.065333
2 0.503000 0.524667 0.079333 0.090667
2 0.240333 0.364000 0.079333 0.066667
2 0.207000 0.442667 0.112667 0.101333
2 0.098000 0.469000 0.100000 0.079333
2 0.048000 0.428000 0.064000 0.058667
2 0.064000 0.361333 0.065333 0.058667
2 0.139000 0.379000 0.090000 0.076667
2 0.374333 0.229667 0.039333 0.044667
2 0.339667 0.280667 0.114000 0.069333
2 0.199000 0.267333 0.116667 0.102667
2 0.161333 0.161000 0.096000 0.079333
3 0.075000 0.154667 0.071333 0.066667
2 0.029000 0.089333 0.054000 0.061333
2 0.061000 0.226667 0.120667 0.138667
2 0.284333 0.201667 0.115333 0.088667
2 0.174333 0.792667 0.076667 0.093333
3 0.240000 0.831667 0.064000 0.076667
3 0.163000 0.878333 0.090000 0.083333
0 0.824333 0.910000 0.046000 0.053333
0 0.877333 0.913000 0.042667 0.050000
0 0.342000 0.802667 0.057333 0.037333
0 0.526667 0.736000 0.052000 0.048000
0 0.918667 0.365667 0.162667 0.194000
0 0.762333 0.314000 0.068667 0.077333
0 0.857667 0.093333 0.170000 0.137333
0 0.632333 0.194333 0.268667 0.240667
0 0.430333 0.212333 0.050000 0.056667
0 0.445667 0.167667 0.056667 0.050000
0 0.478333 0.142000 0.052667 0.044000
0 0.392667 0.110000 0.036000 0.036000
0 0.357333 0.103667 0.033333 0.035333
0 0.286333 0.089000 0.040667 0.052667
0 0.540667 0.081000 0.050667 0.046000
0 0.958667 0.053667 0.082667 0.094000
0 0.951000 0.231000 0.068667 0.063333
0 0.882333 0.203000 0.074000 0.080667
2 0.910667 0.967333 0.094667 0.061333
2 0.961667 0.671333 0.076667 0.105333
2 0.968667 0.830000 0.062667 0.072000
