2 0.681000 0.444000 0.068667 0.064000
3 0.627000 0.468333 0.071333 0.088667
3 0.609000 0.553333 0.094000 0.078667
3 0.570000 0.596667 0.069333 0.068000
3 0.508667 0.559667 0.085333 0.086000
3 0.498667 0.630000 0.048000 0.046667
3 0.421000 0.591667 0.100667 0.112667
2 0.358000 0.566333 0.029333 0.032667
2 0.248667 0.555000 0.046667 0.043333
2 0.261000 0.641667 0.071333 0.074000
2 0.242000 0.743000 0.098667 0.090000
2 0.423000 0.700667 0.043333 0.045333
3 0.567333 0.670000 0.085333 0.078667
3 0.158000 0.792000 0.074667 0.049333
3 0.074333 0.803667 0.052667 0.048667
3 0.128333 0.869667 0.110000 0.104667
3 0.229667 0.822333 0.072667 0.071333
3 0.301667 0.832667 0.063333 0.077333
2 0.211333 0.891000 0.024000 0.023333
2 0.273667 0.921333 0.107333 0.125333
2 0.382667 0.888333 0.110667 0.102000
3 0.476000 0.915667 0.078667 0.098000
2 0.390667 0.786667 0.100000 0.122667
2 0.326333 0.755333 0.043333 0.044000
2 0.488333 0.726000 0.092667 0.129333
3 0.482333 0.829333 0.078000 0.088000
2 0.560333 0.852667 0.094000 0.101333
2 0.565333 0.754000 0.085333 0.092000
2 0.666000 0.740333 0.118667 0.166000
2 0.637000 0.905333 0.027333 0.038667
2 0.705667 0.912667 0.112667 0.132000
2 0.763000 0.869667 0.092667 0.123333
3 0.818000 0.849667 0.061333 0.058000
3 0.838667 0.901333 0.045333 0.056000
3 0.907667 0.838000 0.136667 0.129333
3 0.768000 0.789333 0.041333 0.049333
3 0.762667 0.675667 0.093333 0.148667
2 0.831667 0.731333 0.038000 0.040000
1 0.867667 0.685333 0.039333 0.046667
2 0.960333 0.578667 0.051333 0.058667
2 0.850667 0.389333 0.078667 0.068000
2 0.792333 0.525667 0.080667 0.074000
2 0.877333 0.583000 0.094667 0.087333
2 0.975333 0.532667 0.049333 0.054667
0 0.942667 0.771333 0.114667 0.197333
0 0.090333 0.682333 0.179333 0.247333
0 0.112000 0.553333 0.180000 0.150667
0 0.166000 0.405000 0.198667 0.179333
0 0.149667 0.213000 0.204667 0.208667
0 0.267333 0.108000 0.244000 0.214667
0 0.338667 0.447333 0.176000 0.153333
0 0.498667 0.428000 0.182667 0.149333
0 0.352000 0.293667 0.178667 0.166000
0 0.516333 0.301667 0.196667 0.190000
0 0.674667 0.319667 0.181333 0.164667
0 0.575333 0.125000 0.096000 0.095333
0 0.789333 0.216000 0.220000 0.253333
0 0.888667 0.114667 0.202667 0.220000
2 0.952000 0.935333 0.096000 0.124000
2 0.789000 0.958667 0.090000 0.082667
2 0.371333 0.964000 0.101333 0.072000
2 0.112667 0.962000 0.113333 0.074667
2 0.960333 0.355333 0.079333 0.090667
2 0.036000 0.962000 0.070667 0.076000
0 0.949667 0.269000 0.050000 0.044667
