2 0.899000 0.087333 0.120667 0.101333
1 0.942000 0.185667 0.104000 0.119333
1 0.851667 0.177667 0.095333 0.107333
1 0.785000 0.072000 0.104667 0.101333
1 0.778000 0.143000 0.073333 0.054000
2 0.813000 0.255000 0.046000 0.042000
2 0.887000 0.289667 0.094000 0.114000
1 0.964000 0.317333 0.070667 0.089333
1 0.959333 0.386333 0.061333 0.056667
2 0.930667 0.434000 0.106667 0.105333
2 0.852333 0.367333 0.094000 0.086667
2 0.939000 0.545000 0.118000 0.116667
2 0.834333 0.436000 0.096667 0.096000
2 0.838333 0.527000 0.142000 0.124667
1 0.908667 0.644000 0.104000 0.094667
1 0.933667 0.751333 0.120667 0.134667
1 0.965667 0.811667 0.056667 0.055333
1 0.908333 0.914000 0.115333 0.078667
1 0.899667 0.843667 0.075333 0.075333
1 0.858667 0.720000 0.118667 0.102667
1 0.799667 0.622000 0.106000 0.129333
1 0.758000 0.691000 0.056000 0.060667
1 0.815000 0.780667 0.122000 0.129333
1 0.804000 0.890000 0.094667 0.101333
2 0.799667 0.071333 0.078000 0.100000
1 0.756000 0.205333 0.098667 0.101333
1 0.777333 0.312667 0.102667 0.104000
1 0.713000 0.260667 0.076667 0.097333
2 0.747667 0.391000 0.090000 0.096667
1 0.724667 0.569667 0.102667 0.118000
1 0.722333 0.930667 0.090000 0.070667
1 0.702333 0.837667 0.188667 0.118000
1 0.714333 0.755000 0.107333 0.108667
1 0.695333 0.653333 0.102667 0.108000
2 0.692667 0.088667 0.120000 0.134667
1 0.660333 0.187667 0.118000 0.110000
2 0.627333 0.257000 0.089333 0.095333
2 0.666333 0.342333 0.108667 0.094000
1 0.620333 0.407667 0.078000 0.083333
1 0.675333 0.446667 0.129333 0.133333
1 0.621000 0.559000 0.107333 0.183333
2 0.602000 0.124333 0.068000 0.067333
1 0.576000 0.188000 0.100000 0.102667
2 0.533667 0.033333 0.054000 0.052000
2 0.512000 0.129000 0.141333 0.156667
2 0.474667 0.207667 0.064000 0.067333
2 0.451667 0.035333 0.068667 0.058667
2 0.428000 0.105667 0.070667 0.082000
1 0.381667 0.179333 0.116667 0.109333
2 0.344333 0.088333 0.086000 0.080667
2 0.260667 0.078333 0.125333 0.144667
2 0.295000 0.167333 0.048667 0.053333
1 0.321000 0.236000 0.092667 0.109333
2 0.366333 0.344333 0.042000 0.056667
2 0.167000 0.061667 0.064667 0.088667
2 0.196667 0.137333 0.058667 0.065333
2 0.069000 0.106333 0.063333 0.060667
1 0.146667 0.199333 0.072000 0.116000
1 0.184333 0.227667 0.042000 0.084667
2 0.232333 0.227333 0.090000 0.138667
1 0.547333 0.270333 0.065333 0.055333
2 0.466333 0.318667 0.183333 0.156000
2 0.500333 0.415333 0.056667 0.054667
1 0.429333 0.398667 0.057333 0.054667
1 0.584333 0.899333 0.086000 0.094667
1 0.514333 0.868333 0.110000 0.120667
1 0.568333 0.791667 0.102000 0.087333
1 0.561333 0.704667 0.160000 0.136000
1 0.512000 0.598667 0.105333 0.109333
2 0.538000 0.493000 0.101333 0.138000
2 0.450333 0.472333 0.104667 0.118000
1 0.424667 0.568667 0.102667 0.108000
1 0.436333 0.671333 0.107333 0.097333
1 0.462333 0.770000 0.152667 0.125333
1 0.355667 0.742333 0.076667 0.091333
1 0.390667 0.863333 0.154667 0.141333
1 0.448000 0.950000 0.094667 0.088000
2 0.270333 0.859000 0.147333 0.186000
1 0.190000 0.828000 0.141333 0.170667
1 0.085000 0.837000 0.118000 0.111333
1 0.043667 0.925000 0.087333 0.100667
2 0.023333 0.843667 0.044000 0.047333
1 0.224333 0.409667 0.080667 0.087333
1 0.265667 0.321000 0.090000 0.092667
2 0.169667 0.309667 0.095333 0.092667
2 0.070333 0.265333 0.083333 0.093333
2 0.086333 0.353667 0.084667 0.086000
2 0.160000 0.388667 0.060000 0.065333
1 0.317667 0.429333 0.178000 0.173333
1 0.344333 0.637667 0.080667 0.076667
1 0.337667 0.538000 0.123333 0.138667
1 0.210000 0.568333 0.168000 0.182000
2 0.123667 0.473667 0.115333 0.120667
2 0.099000 0.562667 0.092667 0.076000
1 0.279667 0.705667 0.084667 0.110000
1 0.206000 0.677667 0.098667 0.092667
1 0.114667 0.665333 0.105333 0.112000
1 0.116333 0.748667 0.119333 0.068000
2 0.032333 0.538000 0.064667 0.096000
1 0.963000 0.098333 0.072667 0.083333
1 0.620667 0.959667 0.093333 0.080667
1 0.214667 0.966333 0.086667 0.067333
