2 0.317333 0.041333 0.100000 0.081333
2 0.350000 0.115667 0.037333 0.039333
2 0.285000 0.130333 0.079333 0.082000
2 0.228667 0.038333 0.064000 0.051333
2 0.109333 0.052000 0.030667 0.028000
2 0.147333 0.077667 0.065333 0.076667
2 0.209000 0.085667 0.070000 0.087333
3 0.051000 0.149000 0.050000 0.050000
2 0.032000 0.219000 0.052000 0.056667
2 0.114667 0.167000 0.064000 0.080667
2 0.187000 0.157333 0.091333 0.089333
3 0.260333 0.209333 0.072667 0.065333
1 0.346333 0.183667 0.044667 0.052667
2 0.343000 0.252000 0.056667 0.064000
2 0.293000 0.262333 0.046000 0.048667
3 0.233333 0.282333 0.052000 0.047333
2 0.159000 0.237333 0.080667 0.076000
3 0.094667 0.250667 0.026667 0.030667
1 0.080667 0.282333 0.024000 0.024667
2 0.056333 0.334333 0.070000 0.090000
2 0.129000 0.321333 0.090000 0.100000
2 0.201333 0.356000 0.042667 0.046667
2 0.247333 0.337667 0.065333 0.055333
2 0.118333 0.403333 0.082000 0.074667
2 0.247333 0.435000 0.070667 0.111333
3 0.275000 0.404000 0.040667 0.042667
2 0.331000 0.458333 0.080667 0.082000
3 0.147667 0.485000 0.086000 0.072667
2 0.068667 0.543000 0.077333 0.079333
2 0.052000 0.601667 0.058667 0.039333
3 0.129667 0.620000 0.080667 0.108000
2 0.078333 0.787000 0.078000 0.082000
2 0.040333 0.870000 0.062000 0.072000
3 0.358333 0.531000 0.051333 0.055333
2 0.309333 0.561333 0.036000 0.041333
2 0.292000 0.617667 0.032000 0.040667
1 0.232667 0.547667 0.074667 0.075333
2 0.333667 0.602333 0.048667 0.043333
2 0.278000 0.679000 0.070667 0.074000
2 0.345333 0.685000 0.069333 0.083333
1 0.194333 0.711667 0.082000 0.086000
2 0.230667 0.789333 0.034667 0.036000
1 0.248000 0.755333 0.066667 0.068000
2 0.360000 0.764000 0.062667 0.064000
2 0.309000 0.831000 0.086000 0.086000
3 0.304667 0.762333 0.033333 0.043333
2 0.158333 0.851667 0.054000 0.052667
2 0.222000 0.860667 0.068000 0.096000
1 0.284000 0.894667 0.046667 0.061333
2 0.337667 0.911667 0.043333 0.058000
2 0.383333 0.901000 0.042667 0.071333
3 0.724333 0.946333 0.044667 0.050000
3 0.646000 0.888000 0.034667 0.041333
3 0.675667 0.859000 0.044667 0.050000
3 0.812667 0.914667 0.037333 0.032000
2 0.853333 0.965000 0.064000 0.043333
2 0.940333 0.862667 0.095333 0.102667
3 0.940333 0.764333 0.048667 0.050000
2 0.853333 0.859333 0.074667 0.129333
3 0.771667 0.827000 0.091333 0.088667
2 0.803333 0.747000 0.128000 0.104667
2 0.906333 0.690000 0.086000 0.085333
2 0.730333 0.681667 0.082000 0.087333
2 0.588667 0.777000 0.104000 0.080667
2 0.608333 0.681667 0.154000 0.131333
2 0.657667 0.600333 0.103333 0.080667
3 0.551333 0.567000 0.112000 0.103333
2 0.764667 0.590667 0.105333 0.097333
2 0.856333 0.585000 0.094000 0.094000
2 0.885667 0.494667 0.111333 0.102667
2 0.791000 0.511333 0.072667 0.064000
2 0.674333 0.510667 0.130000 0.093333
2 0.611000 0.452000 0.026000 0.030667
2 0.703333 0.429667 0.125333 0.088667
3 0.625667 0.408667 0.027333 0.028000
2 0.518000 0.417667 0.106667 0.104667
2 0.549667 0.331667 0.083333 0.071333
3 0.566000 0.270000 0.069333 0.058667
2 0.528667 0.165667 0.074667 0.070000
3 0.507667 0.249000 0.042000 0.034000
2 0.616000 0.229667 0.030667 0.039333
2 0.671000 0.281000 0.040667 0.044667
2 0.620667 0.167000 0.070667 0.070000
2 0.558000 0.080333 0.066667 0.071333
2 0.511333 0.029667 0.026667 0.022000
2 0.646667 0.079000 0.074667 0.079333
2 0.722333 0.126333 0.071333 0.079333
3 0.855000 0.212333 0.055333 0.056667
2 0.840333 0.064000 0.028667 0.030667
2 0.811333 0.119333 0.029333 0.032000
2 0.904000 0.058000 0.032000 0.042667
3 0.942333 0.307667 0.115333 0.131333
3 0.937333 0.203000 0.078667 0.075333
2 0.230000 0.630000 0.076000 0.062667
0 0.930667 0.944000 0.034667 0.044000
0 0.438667 0.919333 0.056000 0.066667
0 0.180000 0.915667 0.053333 0.051333
0 0.508000 0.877667 0.029333 0.043333
0 0.406000 0.798000 0.073333 0.050667
0 0.473667 0.779000 0.028667 0.027333
0 0.523667 0.675333 0.034000 0.042667
0 0.424333 0.609333 0.036667 0.052000
0 0.441000 0.442667 0.032667 0.025333
0 0.468333 0.511667 0.018000 0.026000
0 0.748333 0.337667 0.128667 0.116667
0 0.612000 0.336667 0.045333 0.069333
0 0.653333 0.375333 0.041333 0.037333
0 0.360333 0.338333 0.071333 0.060667
0 0.477000 0.314000 0.090000 0.088000
0 0.780667 0.230667 0.132000 0.104000
0 0.670000 0.227667 0.072000 0.067333
0 0.385333 0.153333 0.044000 0.046667
0 0.384000 0.106333 0.050667 0.044667
0 0.968000 0.072333 0.064000 0.056667
0 0.486333 0.074667 0.076667 0.070667
2 0.624667 0.947000 0.150667 0.106000
2 0.416333 0.976667 0.080667 0.046667
2 0.328333 0.970333 0.080667 0.059333
2 0.101667 0.973667 0.082000 0.052667
3 0.050667 0.472667 0.100000 0.130667
2 0.670667 0.021667 0.078667 0.042000
2 0.755667 0.030667 0.087333 0.060000
2 0.966667 0.471333 0.066667 0.130667
