3 0.034667 0.087333 0.068000 0.108000
2 0.106000 0.106667 0.068000 0.093333
3 0.220667 0.039667 0.068000 0.067333
2 0.191333 0.110000 0.096000 0.108000
3 0.103667 0.200000 0.104667 0.085333
2 0.068667 0.280000 0.104000 0.106667
2 0.138667 0.316333 0.077333 0.124667
2 0.131667 0.389667 0.035333 0.035333
3 0.210000 0.401333 0.038667 0.026667
3 0.106667 0.440000 0.076000 0.049333
2 0.216667 0.325000 0.078667 0.110000
2 0.266000 0.149333 0.072000 0.096000
3 0.292000 0.050000 0.077333 0.094667
2 0.377000 0.058667 0.103333 0.113333
3 0.477333 0.048333 0.084000 0.091333
3 0.441000 0.120333 0.079333 0.091333
2 0.344667 0.144000 0.093333 0.084000
2 0.328000 0.223333 0.088000 0.082667
2 0.433667 0.223667 0.127333 0.118000
2 0.532667 0.161667 0.121333 0.106000
3 0.580667 0.029333 0.048000 0.049333
2 0.568000 0.085333 0.093333 0.072000
3 0.655000 0.094333 0.072667 0.078000
3 0.737000 0.063333 0.055333 0.046667
3 0.715333 0.158667 0.064000 0.054667
2 0.637000 0.155333 0.079333 0.072000
2 0.594000 0.244000 0.149333 0.110667
3 0.408000 0.312333 0.048000 0.044667
3 0.467000 0.354333 0.134000 0.098000
3 0.468000 0.444333 0.118667 0.092667
3 0.379000 0.420000 0.048667 0.044000
2 0.293667 0.341667 0.103333 0.059333
2 0.299667 0.395333 0.095333 0.064000
2 0.312667 0.292333 0.096000 0.058000
3 0.659667 0.357000 0.074000 0.050000
3 0.579667 0.386000 0.078000 0.076000
2 0.663333 0.405000 0.074667 0.054000
3 0.650333 0.456333 0.062000 0.054000
3 0.720333 0.442000 0.083333 0.086667
3 0.561000 0.462333 0.046000 0.048667
2 0.096000 0.505000 0.112000 0.075333
2 0.065667 0.605333 0.072667 0.080000
3 0.139333 0.594000 0.088000 0.066667
2 0.125667 0.644333 0.074000 0.040667
2 0.208333 0.654333 0.130000 0.116667
2 0.123000 0.681333 0.063333 0.036000
2 0.227333 0.557667 0.096000 0.071333
2 0.245333 0.471000 0.149333 0.126000
2 0.358333 0.502667 0.094000 0.109333
3 0.332667 0.612000 0.122667 0.121333
3 0.403000 0.655333 0.047333 0.049333
3 0.427000 0.589667 0.043333 0.043333
3 0.516000 0.577667 0.053333 0.051333
2 0.445000 0.538333 0.095333 0.092667
3 0.528667 0.496000 0.049333 0.033333
2 0.692333 0.505000 0.052667 0.039333
1 0.757000 0.564000 0.054000 0.069333
3 0.671000 0.580000 0.062000 0.085333
2 0.619667 0.631333 0.031333 0.024000
2 0.599333 0.564333 0.089333 0.110000
2 0.638333 0.661667 0.111333 0.064667
3 0.477667 0.643000 0.071333 0.067333
2 0.480667 0.726667 0.109333 0.086667
2 0.564333 0.699667 0.022000 0.024667
2 0.394333 0.712667 0.102000 0.066667
3 0.122333 0.776667 0.098000 0.093333
2 0.039333 0.765667 0.074667 0.123333
3 0.164667 0.845667 0.034667 0.035333
3 0.060000 0.933333 0.065333 0.080000
2 0.142333 0.931000 0.110000 0.120667
3 0.240333 0.902333 0.058000 0.050000
3 0.316000 0.945333 0.068000 0.062667
3 0.406333 0.913333 0.060667 0.066667
2 0.500667 0.853000 0.025333 0.026000
3 0.444333 0.788667 0.051333 0.068000
2 0.367667 0.803333 0.091333 0.136000
2 0.260333 0.760000 0.102000 0.136000
3 0.521333 0.810000 0.066667 0.080000
2 0.630667 0.945000 0.022667 0.018000
2 0.899667 0.832000 0.022000 0.021333
3 0.951333 0.942333 0.097333 0.098000
3 0.917667 0.557333 0.070000 0.048000
2 0.771667 0.487000 0.072667 0.062000
3 0.787667 0.426667 0.036667 0.033333
2 0.865000 0.427667 0.051333 0.032667
2 0.927667 0.448333 0.062000 0.066000
1 0.959667 0.379000 0.067333 0.054000
1 0.883000 0.370333 0.059333 0.039333
2 0.811333 0.353000 0.089333 0.086000
1 0.902333 0.293333 0.059333 0.045333
3 0.833333 0.298667 0.060000 0.056000
3 0.750333 0.294333 0.092667 0.056667
3 0.846667 0.490000 0.053333 0.049333
3 0.803333 0.090667 0.072000 0.074667
2 0.885333 0.119667 0.088000 0.084667
1 0.891667 0.034333 0.042000 0.046000
2 0.979333 0.085667 0.036000 0.055333
2 0.862667 0.224000 0.077333 0.084000
3 0.786000 0.177333 0.081333 0.057333
3 0.775333 0.240667 0.112000 0.084000
3 0.693667 0.236000 0.027333 0.030667
2 0.231333 0.229667 0.078667 0.086000
0 0.604000 0.860333 0.038667 0.038000
0 0.205667 0.845000 0.043333 0.039333
0 0.973333 0.714000 0.049333 0.042667
0 0.844667 0.685000 0.058667 0.046000
0 0.630333 0.722333 0.050000 0.047333
0 0.547000 0.745667 0.048667 0.043333
0 0.046333 0.673000 0.030000 0.042000
0 0.118000 0.713667 0.048000 0.043333
0 0.929333 0.505000 0.050667 0.048667
0 0.805000 0.553000 0.050000 0.047333
0 0.045667 0.384667 0.038000 0.045333
0 0.620000 0.495333 0.046667 0.046667
0 0.513000 0.280667 0.064667 0.054667
0 0.938333 0.068667 0.068667 0.081333
3 0.031333 0.186333 0.058667 0.082000
3 0.682000 0.039000 0.125333 0.076667
3 0.968667 0.859000 0.062667 0.079333
