2 0.029667 0.928333 0.055333 0.083333
2 0.109667 0.878000 0.128667 0.100000
2 0.204333 0.916333 0.110000 0.115333
2 0.293000 0.912000 0.076667 0.073333
2 0.389000 0.907333 0.074000 0.056000
2 0.316667 0.848667 0.093333 0.100000
2 0.219333 0.824667 0.098667 0.076000
2 0.407667 0.829667 0.108667 0.124667
2 0.487667 0.874667 0.087333 0.098667
1 0.565667 0.955000 0.099333 0.090000
2 0.569000 0.861000 0.083333 0.112667
2 0.612333 0.820667 0.046000 0.057333
1 0.664000 0.856667 0.104000 0.118667
2 0.644000 0.946000 0.069333 0.066667
1 0.724333 0.911333 0.083333 0.105333
1 0.743667 0.813667 0.111333 0.126000
2 0.835667 0.835000 0.078000 0.086000
2 0.939667 0.933000 0.096667 0.118000
2 0.834000 0.928667 0.105333 0.106667
1 0.664667 0.751000 0.100000 0.090000
1 0.565333 0.754667 0.106667 0.097333
1 0.457667 0.749667 0.130000 0.112667
1 0.607667 0.702000 0.099333 0.069333
1 0.920667 0.759333 0.101333 0.101333
1 0.839000 0.730333 0.143333 0.126000
2 0.753333 0.695667 0.100000 0.107333
1 0.687667 0.648333 0.087333 0.095333
1 0.614667 0.632333 0.086667 0.106000
1 0.535333 0.606333 0.144000 0.148667
1 0.458333 0.546333 0.143333 0.127333
1 0.414333 0.636333 0.119333 0.116667
1 0.316000 0.600333 0.097333 0.094000
1 0.316000 0.496000 0.133333 0.130667
1 0.223000 0.474667 0.091333 0.085333
1 0.135333 0.427000 0.138667 0.114000
2 0.102333 0.530333 0.114000 0.090000
1 0.207000 0.568333 0.118000 0.111333
1 0.117667 0.613667 0.150000 0.087333
2 0.034000 0.646333 0.066667 0.106000
1 0.115333 0.677667 0.098667 0.084667
2 0.127333 0.763667 0.172000 0.128667
1 0.026333 0.049000 0.038000 0.052667
1 0.031333 0.099667 0.058667 0.054000
2 0.107667 0.118667 0.034000 0.030667
1 0.091000 0.049667 0.086000 0.084667
1 0.063667 0.151667 0.079333 0.058000
1 0.043667 0.202667 0.083333 0.093333
1 0.123000 0.324667 0.122000 0.101333
1 0.145000 0.239333 0.091333 0.086667
1 0.110333 0.187333 0.072667 0.068000
1 0.153333 0.160333 0.064000 0.055333
1 0.189667 0.084667 0.070000 0.098667
1 0.252333 0.095333 0.078000 0.062667
1 0.329333 0.135667 0.068000 0.076667
1 0.246667 0.153667 0.092000 0.079333
1 0.210333 0.201000 0.083333 0.079333
1 0.285333 0.261000 0.169333 0.112667
1 0.234000 0.373333 0.122667 0.114667
1 0.339667 0.396333 0.122000 0.111333
1 0.420333 0.436667 0.124667 0.125333
1 0.510000 0.476000 0.101333 0.088000
1 0.594667 0.519667 0.104000 0.111333
1 0.683333 0.547333 0.098667 0.100000
1 0.768000 0.570000 0.093333 0.133333
1 0.843000 0.603000 0.084667 0.122000
1 0.893333 0.595667 0.029333 0.048667
1 0.926333 0.600667 0.038000 0.066667
1 0.932667 0.518333 0.069333 0.080667
1 0.846667 0.489333 0.102667 0.097333
1 0.869667 0.435333 0.082000 0.066667
1 0.945333 0.432333 0.074667 0.080667
1 0.765333 0.475000 0.052000 0.048667
3 0.730000 0.481667 0.033333 0.031333
1 0.668333 0.442333 0.103333 0.111333
1 0.565667 0.401333 0.116667 0.129333
1 0.450667 0.360667 0.166667 0.098667
1 0.473667 0.289333 0.079333 0.066667
1 0.392000 0.278667 0.098667 0.106667
1 0.447000 0.221667 0.051333 0.054000
2 0.523667 0.253000 0.087333 0.086000
1 0.598000 0.255000 0.069333 0.082000
1 0.597333 0.324667 0.088000 0.073333
1 0.672000 0.359333 0.065333 0.057333
1 0.714000 0.407333 0.065333 0.074667
1 0.782667 0.365333 0.128000 0.100000
1 0.794333 0.427000 0.059333 0.052667
1 0.841667 0.279000 0.040667 0.046000
1 0.901333 0.326000 0.112000 0.132000
1 0.798000 0.264333 0.041333 0.060667
1 0.746667 0.269667 0.072000 0.075333
1 0.723667 0.227667 0.087333 0.087333
1 0.670000 0.217667 0.092000 0.120667
2 0.593000 0.199000 0.059333 0.063333
1 0.503000 0.164333 0.090000 0.103333
1 0.541000 0.190667 0.047333 0.049333
1 0.439000 0.151000 0.087333 0.084667
2 0.236000 0.762000 0.072000 0.060000
1 0.306000 0.690667 0.096000 0.097333
2 0.316667 0.757333 0.092000 0.074667
0 0.226667 0.682667 0.100000 0.086667
0 0.326667 0.659333 0.052000 0.038667
0 0.910667 0.660000 0.069333 0.058667
0 0.976667 0.896667 0.046667 0.050667
0 0.535333 0.681000 0.036000 0.028667
0 0.795667 0.311333 0.048667 0.044000
0 0.966667 0.032333 0.034667 0.028667
2 0.456333 0.959333 0.119333 0.081333
2 0.361000 0.981000 0.076667 0.038000
2 0.276667 0.978333 0.109333 0.043333
2 0.099000 0.971667 0.079333 0.056667
2 0.038333 0.513333 0.075333 0.118667
2 0.032000 0.404000 0.061333 0.098667
2 0.037333 0.304333 0.072000 0.107333
2 0.961333 0.350667 0.077333 0.164000
2 0.977333 0.520000 0.045333 0.072000
2 0.957667 0.707333 0.084667 0.156000
