2 0.041000 0.824000 0.080667 0.133333
1 0.045000 0.915000 0.086000 0.076667
2 0.144000 0.840000 0.128000 0.142667
1 0.133333 0.943000 0.090667 0.079333
2 0.195333 0.963333 0.036000 0.034667
2 0.220667 0.844333 0.065333 0.120667
2 0.274333 0.869000 0.088667 0.118000
1 0.327000 0.919667 0.052667 0.055333
1 0.373333 0.886000 0.068000 0.098667
1 0.319333 0.980000 0.029333 0.029333
2 0.488333 0.911667 0.147333 0.158000
0 0.160000 0.443000 0.086667 0.083333
0 0.271667 0.448333 0.062000 0.082000
0 0.336333 0.420667 0.115333 0.098667
0 0.492333 0.488667 0.116667 0.081333
0 0.931667 0.402000 0.132667 0.137333
0 0.081333 0.433000 0.056000 0.034000
0 0.286333 0.327000 0.118000 0.075333
0 0.583667 0.297000 0.119333 0.111333
0 0.734333 0.325000 0.107333 0.110000
0 0.873333 0.216000 0.106667 0.146667
0 0.787000 0.201000 0.100667 0.124667
0 0.701000 0.167333 0.103333 0.090667
0 0.700000 0.245667 0.056000 0.066000
0 0.535333 0.178000 0.072000 0.062667
0 0.641333 0.208333 0.090667 0.074000
0 0.454000 0.189333 0.069333 0.066667
0 0.283333 0.255000 0.076000 0.084667
0 0.145000 0.197000 0.104667 0.094000
0 0.163667 0.295333 0.062000 0.056000
0 0.068000 0.094667 0.053333 0.060000
0 0.063667 0.040000 0.066000 0.066667
0 0.347333 0.115000 0.153333 0.126000
0 0.491333 0.082333 0.109333 0.135333
0 0.704667 0.061000 0.072000 0.076667
2 0.405333 0.966667 0.129333 0.066667
1 0.058667 0.973333 0.106667 0.052000
