3 0.226000 0.262333 0.064000 0.072667
3 0.119333 0.311667 0.066667 0.055333
3 0.280667 0.396667 0.052000 0.040000
2 0.262667 0.368667 0.038667 0.040000
3 0.265000 0.306000 0.038000 0.041333
3 0.063000 0.397000 0.051333 0.067333
3 0.113333 0.402667 0.049333 0.076000
3 0.084333 0.474333 0.098000 0.066000
3 0.327333 0.428000 0.049333 0.044000
3 0.324000 0.477000 0.049333 0.038000
3 0.343000 0.376333 0.064667 0.066000
3 0.343333 0.287667 0.093333 0.095333
3 0.429333 0.281000 0.054667 0.083333
3 0.482000 0.276333 0.054667 0.083333
3 0.571000 0.253333 0.098000 0.101333
3 0.669333 0.278333 0.106667 0.092667
3 0.771000 0.182333 0.020667 0.030000
3 0.433333 0.395667 0.038667 0.040667
3 0.463000 0.371000 0.071333 0.074000
3 0.574000 0.364333 0.126667 0.136667
3 0.672333 0.385333 0.083333 0.086667
3 0.550000 0.461667 0.029333 0.027333
3 0.752333 0.417333 0.059333 0.061333
3 0.065000 0.550000 0.090000 0.089333
3 0.055667 0.631000 0.051333 0.072667
3 0.147667 0.578333 0.079333 0.067333
3 0.251333 0.497000 0.142667 0.124667
3 0.402667 0.510000 0.085333 0.066667
3 0.447667 0.470333 0.106000 0.103333
2 0.572667 0.477333 0.024000 0.022667
3 0.640333 0.490333 0.084667 0.087333
3 0.634333 0.589667 0.130000 0.106000
3 0.500333 0.605000 0.082000 0.087333
3 0.548333 0.638000 0.034000 0.030667
3 0.427000 0.565000 0.054000 0.050000
3 0.452333 0.654333 0.026000 0.031333
3 0.394000 0.610333 0.082667 0.058000
3 0.400667 0.665667 0.073333 0.063333
2 0.584667 0.668000 0.030667 0.033333
3 0.304667 0.594333 0.086667 0.110000
3 0.222333 0.605333 0.066000 0.062667
3 0.198667 0.690333 0.088000 0.099333
3 0.019333 0.631667 0.037333 0.050000
3 0.031000 0.695333 0.058000 0.056000
3 0.263667 0.744000 0.038000 0.036000
3 0.615333 0.742333 0.084000 0.102000
3 0.516000 0.745667 0.086667 0.100667
3 0.353000 0.729333 0.079333 0.080000
3 0.420333 0.745333 0.064667 0.088000
2 0.464333 0.747333 0.027333 0.045333
2 0.288333 0.664333 0.035333 0.026000
3 0.089333 0.765667 0.128000 0.086000
3 0.052000 0.909000 0.096000 0.078000
3 0.075333 0.870000 0.076000 0.069333
3 0.198000 0.874333 0.042667 0.043333
3 0.222000 0.913333 0.088000 0.086667
3 0.245667 0.819000 0.036667 0.034000
3 0.184333 0.782000 0.032667 0.026667
3 0.068000 0.804667 0.089333 0.054667
3 0.318333 0.907667 0.094000 0.091333
3 0.296000 0.950333 0.050667 0.035333
3 0.395000 0.896667 0.058000 0.049333
3 0.322000 0.816667 0.088000 0.096000
3 0.404333 0.835333 0.074000 0.092000
2 0.481000 0.862667 0.042000 0.033333
3 0.575333 0.854000 0.082667 0.086667
3 0.635000 0.822667 0.054000 0.048000
2 0.494000 0.813000 0.036000 0.026000
3 0.478667 0.949000 0.088000 0.102000
3 0.574333 0.968000 0.082000 0.062667
3 0.570000 0.916667 0.053333 0.045333
3 0.645000 0.919000 0.043333 0.043333
3 0.677333 0.910000 0.017333 0.020000
2 0.703000 0.936333 0.046000 0.035333
3 0.717000 0.813000 0.058000 0.048667
3 0.901000 0.717333 0.138000 0.130667
3 0.719333 0.696667 0.146667 0.140000
3 0.748000 0.581000 0.098667 0.090000
3 0.855333 0.605333 0.124000 0.129333
2 0.822333 0.778667 0.023333 0.028000
3 0.912333 0.501000 0.103333 0.100667
3 0.910333 0.417667 0.044667 0.048667
3 0.812667 0.385333 0.053333 0.050667
2 0.700667 0.489667 0.033333 0.031333
3 0.815667 0.476000 0.040667 0.040000
3 0.760667 0.492667 0.086667 0.093333
3 0.774000 0.282667 0.069333 0.073333
2 0.816000 0.300000 0.020000 0.020000
3 0.946667 0.308667 0.081333 0.094667
3 0.833333 0.145667 0.033333 0.030000
2 0.911667 0.135000 0.028667 0.031333
3 0.949667 0.211000 0.099333 0.094000
0 0.706333 0.879333 0.043333 0.057333
0 0.139333 0.860000 0.062667 0.041333
0 0.297667 0.716000 0.039333 0.045333
0 0.489667 0.663000 0.043333 0.054000
0 0.359667 0.667667 0.048667 0.046000
0 0.246000 0.572000 0.045333 0.048000
0 0.546667 0.591333 0.033333 0.030667
0 0.830667 0.516000 0.042667 0.048000
0 0.549000 0.525000 0.054000 0.040667
0 0.480000 0.532000 0.037333 0.034667
0 0.147333 0.487000 0.040000 0.038000
0 0.378000 0.420000 0.061333 0.076000
0 0.864000 0.413000 0.030667 0.034000
0 0.159333 0.348667 0.058667 0.060000
0 0.310000 0.329667 0.042667 0.046000
0 0.842000 0.279000 0.034667 0.032667
0 0.696667 0.108000 0.204000 0.214667
0 0.540333 0.064000 0.122000 0.126667
0 0.428333 0.140333 0.128667 0.147333
0 0.342000 0.094000 0.108000 0.128000
3 0.198000 0.979000 0.072000 0.042000
3 0.041667 0.972667 0.080667 0.054667
3 0.031000 0.369667 0.060667 0.100667
