2 0.195000 0.043000 0.088667 0.084667
2 0.292333 0.038667 0.094000 0.076000
2 0.363333 0.054000 0.046667 0.062667
2 0.458000 0.053667 0.129333 0.103333
3 0.560000 0.029333 0.056000 0.052000
2 0.559000 0.100667 0.074000 0.078667
2 0.378000 0.125667 0.052000 0.060667
2 0.453000 0.146667 0.090000 0.070667
2 0.286667 0.127333 0.102667 0.092000
2 0.195333 0.128000 0.089333 0.081333
2 0.123000 0.140000 0.056667 0.053333
2 0.099000 0.224000 0.103333 0.104000
2 0.176333 0.205333 0.064667 0.076000
2 0.266667 0.224000 0.118667 0.125333
2 0.367000 0.196333 0.088667 0.075333
2 0.446333 0.208667 0.070000 0.064000
2 0.624000 0.128667 0.114667 0.124000
2 0.592333 0.220333 0.114000 0.084667
2 0.724000 0.084333 0.096000 0.115333
2 0.425333 0.298000 0.102667 0.110667
3 0.174333 0.301000 0.083333 0.091333
2 0.028000 0.317000 0.044000 0.070000
2 0.091000 0.327333 0.086000 0.081333
2 0.169000 0.392333 0.067333 0.082000
2 0.516333 0.285333 0.084667 0.132000
2 0.580000 0.330667 0.088000 0.121333
3 0.664333 0.354000 0.059333 0.050667
2 0.738667 0.398333 0.076000 0.068667
2 0.578000 0.421667 0.094667 0.078000
2 0.666000 0.454333 0.108000 0.088667
3 0.237667 0.406000 0.079333 0.084000
2 0.328667 0.431333 0.094667 0.121333
2 0.421333 0.445000 0.102667 0.108667
3 0.479333 0.465667 0.040000 0.042000
2 0.547000 0.492333 0.098000 0.102000
2 0.640333 0.529667 0.096667 0.071333
2 0.733667 0.496333 0.050000 0.064667
2 0.085000 0.430667 0.083333 0.066667
2 0.122667 0.475667 0.104000 0.087333
2 0.100667 0.560000 0.088000 0.086667
2 0.233333 0.520333 0.145333 0.136667
2 0.189333 0.604333 0.121333 0.091333
2 0.029667 0.583333 0.058000 0.058667
2 0.701333 0.577667 0.090667 0.108667
2 0.627333 0.634667 0.089333 0.085333
2 0.544667 0.604000 0.093333 0.094667
2 0.456000 0.561000 0.090667 0.120667
2 0.362667 0.550333 0.098667 0.096667
2 0.027333 0.640667 0.046667 0.065333
2 0.086000 0.647667 0.084000 0.090000
2 0.174000 0.672333 0.104000 0.064667
2 0.074000 0.745333 0.094667 0.102667
2 0.025000 0.800333 0.046000 0.046000
2 0.160000 0.740667 0.078667 0.086667
2 0.269333 0.758000 0.137333 0.146667
2 0.122667 0.819333 0.118667 0.078667
2 0.142000 0.874333 0.052000 0.038000
2 0.202333 0.856667 0.059333 0.054667
2 0.059667 0.887333 0.062000 0.064000
2 0.043000 0.960667 0.070000 0.066667
2 0.118000 0.938000 0.072000 0.093333
2 0.172333 0.968667 0.035333 0.044000
2 0.218000 0.925000 0.086667 0.086000
2 0.312000 0.912333 0.086667 0.119333
2 0.388667 0.944000 0.046667 0.080000
2 0.467333 0.891667 0.112000 0.095333
2 0.405000 0.761000 0.139333 0.144667
2 0.419000 0.672000 0.116667 0.101333
2 0.487667 0.786667 0.091333 0.140000
2 0.557667 0.728000 0.100667 0.122667
2 0.656333 0.753000 0.111333 0.142000
1 0.584000 0.856333 0.112000 0.123333
1 0.569333 0.939667 0.097333 0.082000
2 0.731000 0.909667 0.194000 0.166000
2 0.833000 0.835000 0.114000 0.128667
2 0.837333 0.739667 0.077333 0.064667
1 0.735667 0.806667 0.078000 0.112000
2 0.784667 0.642667 0.112000 0.128000
1 0.872000 0.655000 0.122667 0.131333
1 0.935000 0.689000 0.058000 0.103333
1 0.927667 0.569333 0.064667 0.066667
2 0.831333 0.530000 0.133333 0.113333
2 0.938000 0.475333 0.093333 0.105333
2 0.832333 0.438333 0.116667 0.086000
2 0.732000 0.297333 0.126667 0.102667
2 0.852333 0.316333 0.144667 0.134000
2 0.932667 0.264000 0.044000 0.048000
2 0.771333 0.204000 0.104000 0.070667
2 0.798667 0.109333 0.112000 0.105333
0 0.826000 0.958000 0.077333 0.084000
0 0.902667 0.778333 0.061333 0.060667
0 0.344667 0.665000 0.056000 0.047333
0 0.257333 0.320667 0.061333 0.061333
0 0.661667 0.387000 0.063333 0.047333
1 0.922333 0.924000 0.155333 0.152000
2 0.462000 0.971333 0.096000 0.057333
2 0.050667 0.097000 0.100000 0.126000
2 0.939333 0.050667 0.104000 0.100000
2 0.947667 0.175000 0.104667 0.138000
2 0.972000 0.421667 0.056000 0.076667
2 0.977333 0.697000 0.045333 0.104667
2 0.964333 0.592667 0.071333 0.116000
