2 0.133333 0.102333 0.085333 0.087333
2 0.226333 0.114333 0.112667 0.111333
2 0.274333 0.060000 0.086000 0.094667
2 0.323667 0.125333 0.068667 0.077333
2 0.197333 0.201667 0.070667 0.094000
2 0.282667 0.215667 0.110667 0.122000
2 0.385333 0.208000 0.061333 0.070667
2 0.354000 0.051000 0.040000 0.054000
2 0.425000 0.073333 0.107333 0.124000
2 0.513333 0.085000 0.069333 0.108667
2 0.611333 0.067333 0.132000 0.130667
2 0.702000 0.041333 0.074667 0.070667
1 0.489000 0.177000 0.082000 0.086000
2 0.580000 0.188000 0.097333 0.169333
2 0.561000 0.250333 0.051333 0.047333
2 0.750667 0.111667 0.089333 0.078000
2 0.829333 0.094000 0.065333 0.057333
2 0.940667 0.080000 0.118667 0.096000
2 0.924333 0.171000 0.099333 0.086000
2 0.822000 0.181667 0.104000 0.131333
2 0.734000 0.197333 0.080000 0.097333
2 0.662667 0.208667 0.062667 0.100000
2 0.461667 0.248000 0.122000 0.098667
2 0.456667 0.324000 0.098667 0.077333
2 0.377333 0.280000 0.061333 0.070667
2 0.503000 0.393333 0.082000 0.100000
2 0.534667 0.509333 0.065333 0.073333
2 0.509000 0.593667 0.047333 0.050000
2 0.472333 0.667667 0.095333 0.087333
2 0.456333 0.745667 0.050000 0.051333
2 0.497000 0.906000 0.079333 0.092000
2 0.573000 0.935000 0.080667 0.106000
2 0.660667 0.935333 0.136000 0.128000
2 0.584667 0.846667 0.032000 0.037333
2 0.677667 0.856667 0.074000 0.060000
2 0.696333 0.797667 0.044667 0.050000
2 0.775000 0.294333 0.092667 0.090000
2 0.857667 0.329000 0.052667 0.059333
2 0.929667 0.374000 0.080667 0.100000
2 0.963667 0.304000 0.072667 0.088000
2 0.832667 0.390667 0.097333 0.086667
2 0.739667 0.375000 0.080667 0.118000
2 0.662667 0.365000 0.073333 0.074000
2 0.657667 0.428000 0.070000 0.064000
2 0.887333 0.449000 0.060000 0.063333
2 0.827667 0.482333 0.087333 0.094000
2 0.822333 0.561000 0.107333 0.084667
2 0.903000 0.616667 0.054000 0.068000
1 0.953667 0.570333 0.092667 0.075333
2 0.704333 0.519000 0.126000 0.151333
2 0.616000 0.504333 0.084000 0.080667
2 0.597000 0.580333 0.112667 0.112667
2 0.575000 0.676667 0.120667 0.105333
2 0.666667 0.682667 0.096000 0.133333
2 0.771667 0.651000 0.119333 0.115333
2 0.859000 0.678667 0.078000 0.093333
2 0.912667 0.712333 0.060000 0.074000
2 0.898667 0.805000 0.129333 0.154000
2 0.957667 0.856000 0.050000 0.053333
2 0.782000 0.744333 0.101333 0.084667
2 0.550000 0.756000 0.073333 0.069333
2 0.630000 0.771333 0.092000 0.092000
2 0.786333 0.831000 0.120667 0.108667
2 0.784000 0.917667 0.097333 0.112667
2 0.857000 0.946000 0.079333 0.100000
2 0.931333 0.936333 0.074667 0.086000
2 0.063333 0.243667 0.100000 0.083333
2 0.051000 0.322000 0.080667 0.062667
2 0.029000 0.378333 0.043333 0.047333
2 0.148000 0.264667 0.092000 0.101333
2 0.213333 0.359333 0.105333 0.096000
1 0.116333 0.350333 0.083333 0.072667
2 0.180000 0.432333 0.105333 0.086000
2 0.072000 0.436000 0.106667 0.112000
2 0.047333 0.542000 0.090667 0.105333
2 0.148667 0.494333 0.114667 0.076667
2 0.135333 0.562000 0.105333 0.062667
2 0.075333 0.717000 0.098667 0.116667
2 0.083667 0.616667 0.048667 0.068000
2 0.142333 0.615000 0.072667 0.064667
2 0.184000 0.670667 0.113333 0.126667
2 0.261333 0.647000 0.068000 0.082000
2 0.268000 0.567000 0.096000 0.083333
2 0.299333 0.497000 0.050667 0.062000
2 0.339667 0.336667 0.088667 0.064000
2 0.324333 0.419333 0.086000 0.096000
2 0.423000 0.379667 0.055333 0.052667
2 0.415333 0.437000 0.093333 0.084667
2 0.473000 0.472000 0.039333 0.045333
2 0.376333 0.476333 0.118000 0.079333
2 0.361333 0.524667 0.070667 0.052000
2 0.451333 0.547000 0.096000 0.095333
2 0.397000 0.592333 0.087333 0.083333
2 0.341000 0.618333 0.086000 0.083333
2 0.320667 0.694667 0.126667 0.102667
2 0.153333 0.797000 0.081333 0.082000
1 0.286667 0.790667 0.074667 0.100000
2 0.419000 0.819000 0.111333 0.087333
2 0.412667 0.885000 0.037333 0.044667
1 0.339667 0.851000 0.052667 0.079333
2 0.084000 0.861000 0.041333 0.043333
2 0.122333 0.946667 0.059333 0.070667
2 0.178333 0.855333 0.075333 0.101333
2 0.261667 0.873333 0.086000 0.098667
2 0.242667 0.951000 0.064000 0.071333
2 0.400667 0.933333 0.069333 0.065333
0 0.486333 0.847667 0.039333 0.031333
0 0.179000 0.937000 0.078000 0.064667
0 0.110333 0.813333 0.063333 0.044000
0 0.369000 0.763667 0.090000 0.086000
0 0.223333 0.730333 0.069333 0.055333
0 0.519667 0.802000 0.058000 0.049333
0 0.233333 0.480667 0.084000 0.076000
0 0.586000 0.421333 0.088000 0.093333
0 0.289000 0.327000 0.048667 0.044667
0 0.177667 0.047333 0.056667 0.036000
0 0.908000 0.022333 0.032000 0.027333
2 0.464000 0.959333 0.088000 0.081333
2 0.378333 0.959333 0.108667 0.081333
2 0.035667 0.623333 0.068667 0.080000
2 0.089667 0.031667 0.067333 0.062000
2 0.940667 0.483000 0.118667 0.102000
