2 0.052000 0.046333 0.056000 0.058000
2 0.056667 0.140000 0.068000 0.090667
1 0.032667 0.192000 0.056000 0.053333
2 0.149333 0.033667 0.072000 0.055333
2 0.136000 0.117000 0.090667 0.091333
2 0.214667 0.132333 0.058667 0.067333
2 0.240333 0.039333 0.074000 0.072000
2 0.387667 0.074667 0.082000 0.106667
2 0.280667 0.165667 0.026667 0.030000
2 0.357000 0.159333 0.040667 0.042667
2 0.250333 0.250333 0.051333 0.052667
2 0.334667 0.224000 0.057333 0.061333
2 0.476333 0.107667 0.087333 0.083333
3 0.450667 0.186333 0.086667 0.088667
2 0.574333 0.067333 0.032667 0.033333
2 0.556000 0.108000 0.036000 0.040000
2 0.605667 0.144333 0.076667 0.082000
2 0.582000 0.195333 0.029333 0.032000
2 0.523667 0.181000 0.031333 0.030000
2 0.570333 0.239333 0.050000 0.058667
2 0.510667 0.233000 0.064000 0.064667
2 0.554333 0.296667 0.026000 0.029333
1 0.491667 0.287333 0.031333 0.029333
2 0.424000 0.261000 0.066667 0.054000
2 0.414000 0.310667 0.029333 0.034667
2 0.400000 0.372667 0.088000 0.069333
2 0.309000 0.305333 0.058000 0.037333
2 0.176667 0.267000 0.070667 0.055333
2 0.056333 0.331000 0.080667 0.088667
2 0.132333 0.338667 0.083333 0.088000
2 0.244000 0.311667 0.064000 0.042000
3 0.224333 0.350667 0.070000 0.069333
2 0.191667 0.412333 0.038000 0.051333
2 0.041000 0.397667 0.078000 0.088667
2 0.096667 0.427333 0.028000 0.032000
2 0.031333 0.468333 0.053333 0.052667
2 0.156333 0.473333 0.083333 0.068000
2 0.145667 0.531667 0.046000 0.051333
2 0.023000 0.646333 0.039333 0.044667
3 0.076333 0.649000 0.074000 0.058000
2 0.079333 0.514333 0.057333 0.044667
2 0.061667 0.570667 0.119333 0.093333
2 0.190333 0.587667 0.048667 0.044667
1 0.281333 0.555333 0.022667 0.024000
2 0.339667 0.605000 0.016667 0.015333
2 0.383333 0.645333 0.032000 0.037333
2 0.393667 0.693333 0.042000 0.041333
2 0.525000 0.715000 0.071333 0.074000
2 0.487000 0.958000 0.052667 0.054667
2 0.437333 0.908000 0.060000 0.062667
2 0.389667 0.902667 0.039333 0.060000
2 0.306333 0.919000 0.075333 0.087333
2 0.319333 0.843333 0.060000 0.072000
2 0.266667 0.824000 0.037333 0.053333
2 0.358333 0.767667 0.095333 0.079333
2 0.288000 0.763667 0.030667 0.028667
2 0.306333 0.718333 0.060667 0.047333
2 0.234667 0.749000 0.040000 0.032667
2 0.250000 0.624000 0.048000 0.033333
2 0.271667 0.661667 0.058000 0.055333
2 0.230667 0.702333 0.037333 0.043333
2 0.171000 0.659333 0.040667 0.040000
2 0.146667 0.727333 0.041333 0.037333
2 0.075667 0.724667 0.042000 0.040000
2 0.050000 0.809333 0.093333 0.096000
2 0.129333 0.808000 0.037333 0.032000
2 0.077333 0.892000 0.069333 0.072000
2 0.021333 0.919333 0.030667 0.040000
2 0.064333 0.962667 0.083333 0.072000
2 0.145000 0.972667 0.044667 0.046667
2 0.152667 0.905000 0.060000 0.082000
2 0.244333 0.883667 0.048667 0.058000
2 0.187000 0.820333 0.058000 0.051333
3 0.420333 0.967667 0.052667 0.062000
2 0.660333 0.271333 0.039333 0.038667
2 0.641667 0.047667 0.031333 0.039333
2 0.684000 0.090667 0.036000 0.046667
3 0.757000 0.098333 0.118000 0.123333
2 0.874333 0.072667 0.058000 0.058667
2 0.862667 0.140667 0.068000 0.072000
2 0.902000 0.190667 0.074667 0.058667
2 0.809667 0.214667 0.084667 0.068000
2 0.787667 0.296333 0.115333 0.088667
2 0.880667 0.298333 0.078667 0.087333
2 0.956333 0.304000 0.072667 0.065333
0 0.929667 0.792333 0.140667 0.154000
0 0.812333 0.867333 0.335333 0.258667
0 0.633333 0.878000 0.045333 0.041333
0 0.191000 0.888000 0.043333 0.042667
0 0.536000 0.764667 0.049333 0.037333
0 0.422000 0.663000 0.036000 0.032667
0 0.553667 0.641667 0.070000 0.066000
0 0.648000 0.651333 0.052000 0.048000
0 0.664667 0.616667 0.042667 0.038667
0 0.708333 0.554667 0.054000 0.044000
0 0.966333 0.576000 0.067333 0.118667
0 0.558333 0.570667 0.064667 0.052000
0 0.457667 0.552667 0.051333 0.045333
0 0.405000 0.567333 0.058000 0.050667
0 0.327333 0.535333 0.044000 0.042667
0 0.577333 0.494333 0.049333 0.052667
0 0.615000 0.529333 0.052667 0.057333
0 0.684667 0.484333 0.065333 0.050000
0 0.724000 0.423333 0.050667 0.044000
0 0.681000 0.358667 0.051333 0.057333
0 0.703667 0.324000 0.042000 0.049333
0 0.660333 0.306333 0.052667 0.050000
0 0.608667 0.307000 0.057333 0.056667
0 0.474000 0.350000 0.080000 0.048000
0 0.540333 0.529667 0.032667 0.031333
0 0.070667 0.244000 0.044000 0.053333
0 0.534000 0.071667 0.048000 0.042000
0 0.907000 0.024667 0.066000 0.048000
2 0.338333 0.973667 0.063333 0.052667
2 0.316000 0.035000 0.064000 0.067333
3 0.962000 0.030667 0.076000 0.060000
3 0.950000 0.104333 0.098667 0.098000
2 0.977333 0.169333 0.045333 0.057333
2 0.972000 0.350333 0.052000 0.063333
