2 0.087333 0.101000 0.101333 0.120667
1 0.185667 0.058000 0.119333 0.104000
1 0.177667 0.148333 0.107333 0.095333
1 0.072000 0.215000 0.101333 0.104667
1 0.143000 0.222000 0.054000 0.073333
2 0.255000 0.187000 0.042000 0.046000
2 0.289667 0.113000 0.114000 0.094000
1 0.317333 0.036000 0.089333 0.070667
1 0.386333 0.040667 0.056667 0.061333
2 0.434000 0.069333 0.105333 0.106667
2 0.367333 0.147667 0.086667 0.094000
2 0.545000 0.061000 0.116667 0.118000
2 0.436000 0.165667 0.096000 0.096667
2 0.527000 0.161667 0.124667 0.142000
1 0.644000 0.091333 0.094667 0.104000
1 0.751333 0.066333 0.134667 0.120667
1 0.811667 0.034333 0.055333 0.056667
1 0.914000 0.091667 0.078667 0.115333
1 0.843667 0.100333 0.075333 0.075333
1 0.720000 0.141333 0.102667 0.118667
1 0.622000 0.200333 0.129333 0.106000
1 0.691000 0.242000 0.060667 0.056000
1 0.780667 0.185000 0.129333 0.122000
1 0.890000 0.196000 0.101333 0.094667
2 0.071333 0.200333 0.100000 0.078000
1 0.205333 0.244000 0.101333 0.098667
1 0.312667 0.222667 0.104000 0.102667
1 0.260667 0.287000 0.097333 0.076667
2 0.391000 0.252333 0.096667 0.090000
1 0.569667 0.275333 0.118000 0.102667
1 0.930667 0.277667 0.070667 0.090000
1 0.837667 0.297667 0.118000 0.188667
1 0.755000 0.285667 0.108667 0.107333
1 0.653333 0.304667 0.108000 0.102667
2 0.088667 0.307333 0.134667 0.120000
1 0.187667 0.339667 0.110000 0.118000
2 0.257000 0.372667 0.095333 0.089333
2 0.342333 0.333667 0.094000 0.108667
1 0.407667 0.379667 0.083333 0.078000
1 0.446667 0.324667 0.133333 0.129333
1 0.559000 0.379000 0.183333 0.107333
2 0.124333 0.398000 0.067333 0.068000
1 0.188000 0.424000 0.102667 0.100000
2 0.033333 0.466333 0.052000 0.054000
2 0.129000 0.488000 0.156667 0.141333
2 0.207667 0.525333 0.067333 0.064000
2 0.035333 0.548333 0.058667 0.068667
2 0.105667 0.572000 0.082000 0.070667
1 0.179333 0.618333 0.109333 0.116667
2 0.088333 0.655667 0.080667 0.086000
2 0.078333 0.739333 0.144667 0.125333
2 0.167333 0.705000 0.053333 0.048667
1 0.236000 0.679000 0.109333 0.092667
2 0.344333 0.633667 0.056667 0.042000
2 0.061667 0.833000 0.088667 0.064667
2 0.137333 0.803333 0.065333 0.058667
2 0.106333 0.931000 0.060667 0.063333
1 0.199333 0.853333 0.116000 0.072000
1 0.227667 0.815667 0.084667 0.042000
2 0.227333 0.767667 0.138667 0.090000
1 0.270333 0.452667 0.055333 0.065333
2 0.318667 0.533667 0.156000 0.183333
2 0.415333 0.499667 0.054667 0.056667
1 0.398667 0.570667 0.054667 0.057333
1 0.899333 0.415667 0.094667 0.086000
1 0.868333 0.485667 0.120667 0.110000
1 0.791667 0.431667 0.087333 0.102000
1 0.704667 0.438667 0.136000 0.160000
1 0.598667 0.488000 0.109333 0.105333
2 0.493000 0.462000 0.138000 0.101333
2 0.472333 0.549667 0.118000 0.104667
1 0.568667 0.575333 0.108000 0.102667
1 0.671333 0.563667 0.097333 0.107333
1 0.770000 0.537667 0.125333 0.152667
1 0.742333 0.644333 0.091333 0.076667
1 0.863333 0.609333 0.141333 0.154667
1 0.950000 0.552000 0.088000 0.094667
2 0.859000 0.729667 0.186000 0.147333
1 0.828000 0.810000 0.170667 0.141333
1 0.837000 0.915000 0.111333 0.118000
1 0.925000 0.956333 0.100667 0.087333
2 0.843667 0.976667 0.047333 0.044000
1 0.409667 0.775667 0.087333 0.080667
1 0.321000 0.734333 0.092667 0.090000
2 0.309667 0.830333 0.092667 0.095333
2 0.265333 0.929667 0.093333 0.083333
2 0.353667 0.913667 0.086000 0.084667
2 0.388667 0.840000 0.065333 0.060000
1 0.429333 0.682333 0.173333 0.178000
1 0.637667 0.655667 0.076667 0.080667
1 0.538000 0.662333 0.138667 0.123333
1 0.568333 0.790000 0.182000 0.168000
2 0.473667 0.876333 0.120667 0.115333
2 0.562667 0.901000 0.076000 0.092667
1 0.705667 0.720333 0.110000 0.084667
1 0.677667 0.794000 0.092667 0.098667
1 0.665333 0.885333 0.112000 0.105333
1 0.748667 0.883667 0.068000 0.119333
2 0.538000 0.967667 0.096000 0.064667
1 0.098333 0.037000 0.083333 0.072667
1 0.959667 0.379333 0.080667 0.093333
1 0.966333 0.785333 0.067333 0.086667
