1 0.917333 0.949000 0.164000 0.099333
1 0.893000 0.855667 0.190000 0.151333
1 0.865333 0.711667 0.198667 0.158000
2 0.844333 0.628000 0.118000 0.093333
1 0.913667 0.545000 0.118000 0.087333
1 0.783333 0.567000 0.185333 0.110000
1 0.747667 0.460667 0.186000 0.120000
1 0.866333 0.448667 0.102000 0.101333
2 0.950000 0.463333 0.081333 0.072000
2 0.878333 0.370333 0.127333 0.083333
1 0.718333 0.359333 0.172667 0.125333
1 0.915333 0.263333 0.134667 0.174667
2 0.836000 0.270667 0.109333 0.130667
1 0.656667 0.267667 0.137333 0.114000
1 0.760000 0.183333 0.168000 0.165333
2 0.629667 0.159333 0.114000 0.098667
2 0.968000 0.099667 0.060000 0.088667
1 0.883667 0.086667 0.150000 0.170667
2 0.796667 0.051000 0.074667 0.083333
0 0.114000 0.034333 0.118667 0.068667
0 0.188333 0.094667 0.131333 0.085333
0 0.099667 0.129333 0.064667 0.066667
0 0.231667 0.177333 0.152667 0.102667
0 0.101333 0.234333 0.050667 0.064667
0 0.055000 0.226667 0.046000 0.056000
0 0.062333 0.291667 0.055333 0.064667
0 0.118333 0.327333 0.102000 0.088000
0 0.277667 0.353333 0.170000 0.136000
0 0.162000 0.400000 0.088000 0.088000
0 0.110000 0.479667 0.112000 0.111333
0 0.217667 0.492333 0.064667 0.075333
0 0.401667 0.461000 0.174000 0.151333
0 0.032333 0.554333 0.060667 0.084667
0 0.178333 0.576667 0.080667 0.069333
0 0.271667 0.610000 0.110000 0.102667
0 0.367333 0.573667 0.116000 0.110000
0 0.454000 0.646000 0.205333 0.178667
0 0.340667 0.760667 0.080000 0.090667
0 0.089000 0.681333 0.080667 0.089333
0 0.210000 0.675333 0.084000 0.092000
0 0.296000 0.690333 0.076000 0.062000
0 0.421667 0.758000 0.090000 0.077333
0 0.517000 0.825667 0.158000 0.151333
0 0.312333 0.886000 0.099333 0.109333
0 0.214333 0.894000 0.080667 0.084000
0 0.051667 0.865667 0.099333 0.111333
0 0.604667 0.947667 0.142667 0.103333
0 0.460333 0.954333 0.131333 0.087333
0 0.036000 0.953000 0.068000 0.075333
0 0.332667 0.972333 0.132000 0.051333
2 0.962333 0.384667 0.074000 0.128000
1 0.688000 0.062333 0.128000 0.124667
1 0.553000 0.063000 0.166000 0.126000
0 0.057000 0.403333 0.062000 0.064000
0 0.174000 0.497000 0.046667 0.070000
0 0.221000 0.788667 0.096667 0.097333
0 0.126000 0.788000 0.061333 0.058667
0 0.035667 0.772333 0.071333 0.068667
