2 0.065667 0.083000 0.088667 0.086000
2 0.156000 0.126667 0.100000 0.100000
2 0.134667 0.213333 0.124000 0.112000
2 0.055000 0.156000 0.106000 0.124000
2 0.316333 0.186000 0.148667 0.136000
2 0.444333 0.192667 0.124667 0.142667
2 0.404333 0.301667 0.071333 0.071333
2 0.232333 0.258667 0.091333 0.089333
2 0.103333 0.399667 0.065333 0.075333
2 0.141333 0.356667 0.037333 0.044000
2 0.196333 0.367333 0.096667 0.126667
2 0.302000 0.390333 0.114667 0.166000
2 0.415333 0.410000 0.136000 0.142667
2 0.496333 0.322667 0.112667 0.129333
2 0.604667 0.307333 0.110667 0.134667
2 0.717667 0.275333 0.111333 0.113333
2 0.624000 0.410000 0.117333 0.097333
2 0.257000 0.511667 0.142000 0.135333
2 0.107333 0.497333 0.078667 0.069333
2 0.173667 0.595000 0.135333 0.136667
2 0.387000 0.538333 0.124667 0.135333
2 0.355667 0.628000 0.064667 0.060000
2 0.515000 0.506000 0.132667 0.150667
2 0.639667 0.516333 0.122000 0.139333
2 0.741000 0.510000 0.084667 0.104000
3 0.680333 0.626000 0.100667 0.098667
2 0.583333 0.644000 0.089333 0.085333
2 0.474333 0.632000 0.108667 0.106667
2 0.148667 0.711667 0.090667 0.098000
2 0.244000 0.710333 0.090667 0.116667
2 0.343667 0.730667 0.114000 0.141333
2 0.431667 0.766000 0.108667 0.132000
2 0.300333 0.837667 0.083333 0.096667
3 0.207000 0.822667 0.099333 0.109333
3 0.133333 0.787667 0.046667 0.050000
3 0.520000 0.852667 0.112000 0.101333
2 0.651667 0.840333 0.116667 0.084667
2 0.538667 0.732333 0.122667 0.144667
2 0.659000 0.744667 0.136667 0.128000
2 0.808333 0.870000 0.164667 0.112000
2 0.887000 0.787000 0.154000 0.142000
2 0.770667 0.703000 0.120000 0.126000
2 0.758333 0.593000 0.082000 0.080667
2 0.881667 0.677000 0.100667 0.091333
2 0.878333 0.578333 0.115333 0.102000
2 0.854667 0.490000 0.141333 0.118667
2 0.757667 0.393333 0.152667 0.126667
2 0.835333 0.275000 0.120000 0.143333
2 0.927333 0.287000 0.100000 0.135333
2 0.824000 0.158333 0.140000 0.099333
2 0.818333 0.066333 0.152667 0.114000
2 0.571000 0.171667 0.138000 0.138000
2 0.598000 0.908000 0.168000 0.142667
3 0.293667 0.924667 0.088667 0.080000
3 0.187667 0.918000 0.087333 0.098667
3 0.084000 0.904000 0.132000 0.129333
2 0.840000 0.951667 0.120000 0.080667
0 0.687667 0.153333 0.147333 0.150667
0 0.053000 0.277333 0.104667 0.106667
0 0.381000 0.932000 0.050000 0.053333
0 0.273333 0.634667 0.066667 0.058667
2 0.288333 0.076333 0.207333 0.151333
2 0.501667 0.071333 0.202000 0.141333
2 0.950333 0.897333 0.099333 0.117333
2 0.958000 0.616667 0.084000 0.136000
2 0.935333 0.411667 0.129333 0.170000
