1 0.100667 0.063333 0.105333 0.109333
1 0.245000 0.098667 0.090000 0.089333
1 0.144000 0.160000 0.113333 0.117333
2 0.075000 0.218000 0.074000 0.081333
2 0.072000 0.323333 0.094667 0.096000
1 0.151667 0.268333 0.127333 0.102000
1 0.182667 0.360333 0.138667 0.110000
2 0.287333 0.261000 0.137333 0.136667
1 0.231000 0.190333 0.088667 0.079333
1 0.341000 0.126667 0.123333 0.142667
2 0.351667 0.199333 0.039333 0.057333
2 0.428667 0.048667 0.104000 0.094667
1 0.475333 0.111000 0.082667 0.095333
1 0.548000 0.057000 0.124000 0.112667
1 0.637333 0.098333 0.116000 0.100667
1 0.727000 0.145667 0.088667 0.090000
1 0.661667 0.177667 0.102000 0.099333
2 0.535667 0.173667 0.122000 0.131333
2 0.578667 0.228667 0.100000 0.089333
2 0.423667 0.213667 0.130000 0.142000
2 0.292667 0.388000 0.084000 0.082667
2 0.349667 0.328333 0.058000 0.068667
2 0.384000 0.286333 0.069333 0.055333
2 0.477333 0.295667 0.093333 0.078000
2 0.409333 0.368667 0.133333 0.116000
2 0.515000 0.363333 0.102000 0.106667
2 0.619333 0.288333 0.130667 0.088667
2 0.716000 0.249000 0.096000 0.107333
2 0.765667 0.306333 0.038000 0.047333
2 0.620000 0.353333 0.097333 0.086667
2 0.680667 0.382333 0.089333 0.092667
2 0.196333 0.493333 0.156667 0.161333
3 0.086333 0.662000 0.063333 0.049333
2 0.316667 0.471000 0.081333 0.078000
2 0.413333 0.502000 0.146667 0.168000
2 0.536333 0.512667 0.143333 0.181333
2 0.641333 0.547333 0.069333 0.060000
2 0.640000 0.478667 0.072000 0.086667
2 0.479000 0.635000 0.052667 0.062000
2 0.469000 0.707667 0.044667 0.046000
2 0.177667 0.751000 0.050000 0.058000
2 0.294667 0.702667 0.190667 0.253333
2 0.361333 0.893333 0.136000 0.152000
3 0.465333 0.874000 0.068000 0.096000
2 0.545000 0.794000 0.147333 0.124000
2 0.568333 0.680000 0.131333 0.133333
2 0.556333 0.914333 0.122000 0.130000
2 0.658667 0.901667 0.086667 0.103333
2 0.667667 0.812667 0.070000 0.065333
2 0.692000 0.699667 0.129333 0.148667
2 0.748000 0.902667 0.066667 0.065333
2 0.862667 0.870000 0.122667 0.105333
2 0.956333 0.880667 0.087333 0.113333
2 0.972667 0.761333 0.054667 0.084000
2 0.801000 0.706667 0.091333 0.145333
2 0.764000 0.823333 0.126667 0.094667
2 0.878000 0.765667 0.121333 0.152667
2 0.955333 0.614000 0.089333 0.106667
2 0.868000 0.547667 0.172000 0.131333
2 0.952000 0.476667 0.096000 0.089333
2 0.731000 0.469667 0.148667 0.174000
2 0.820333 0.475000 0.115333 0.138000
2 0.922333 0.366667 0.154000 0.145333
1 0.821333 0.258667 0.036000 0.041333
2 0.794000 0.221333 0.081333 0.104000
2 0.811000 0.153667 0.088667 0.078000
2 0.916667 0.204667 0.140000 0.142667
2 0.894000 0.125000 0.117333 0.114000
2 0.945000 0.053667 0.092667 0.103333
1 0.797333 0.071667 0.084000 0.082000
3 0.252667 0.897667 0.102667 0.130000
0 0.856333 0.312000 0.091333 0.074667
0 0.804667 0.359667 0.125333 0.096667
0 0.116000 0.395333 0.073333 0.058667
0 0.307333 0.545000 0.074667 0.067333
0 0.100000 0.575667 0.113333 0.112667
0 0.187333 0.593000 0.089333 0.083333
0 0.082667 0.873333 0.114667 0.097333
0 0.181000 0.880000 0.095333 0.121333
0 0.419000 0.783333 0.082000 0.077333
0 0.364000 0.607000 0.061333 0.068667
0 0.091667 0.788667 0.079333 0.066667
1 0.313667 0.035667 0.136667 0.070000
1 0.200000 0.047667 0.096000 0.094000
2 0.042333 0.151667 0.083333 0.127333
2 0.044333 0.387333 0.087333 0.118667
2 0.085333 0.946000 0.169333 0.108000
2 0.826333 0.950333 0.171333 0.099333
2 0.944000 0.962000 0.112000 0.074667
1 0.954000 0.278333 0.089333 0.122000
1 0.715333 0.044333 0.152000 0.087333
