2 0.180333 0.113333 0.138000 0.125333
2 0.311667 0.131333 0.127333 0.154667
2 0.400000 0.158333 0.096000 0.140667
2 0.105667 0.220333 0.130000 0.147333
2 0.217000 0.247000 0.120667 0.155333
2 0.343333 0.261333 0.138667 0.112000
2 0.353333 0.343000 0.150667 0.147333
2 0.465333 0.347667 0.096000 0.119333
2 0.115667 0.403333 0.212667 0.172000
2 0.316000 0.431333 0.128000 0.117333
2 0.424667 0.442000 0.082667 0.092000
2 0.525667 0.449000 0.120667 0.127333
2 0.494667 0.272667 0.109333 0.092000
2 0.580333 0.336000 0.156667 0.136000
2 0.695333 0.153333 0.145333 0.150667
2 0.558667 0.144333 0.154667 0.214000
2 0.713000 0.295000 0.142000 0.152667
2 0.646667 0.453333 0.128000 0.189333
2 0.498000 0.547333 0.105333 0.104000
2 0.396000 0.547000 0.116000 0.138000
2 0.290667 0.549000 0.110667 0.126000
2 0.200333 0.506667 0.136667 0.124000
2 0.093000 0.597667 0.122000 0.151333
2 0.211333 0.634667 0.149333 0.136000
2 0.514667 0.648000 0.146667 0.134667
2 0.707000 0.579667 0.163333 0.111333
2 0.235667 0.726667 0.091333 0.080000
2 0.628333 0.667000 0.096667 0.104667
2 0.728333 0.683333 0.119333 0.104000
2 0.678000 0.786333 0.113333 0.139333
2 0.706333 0.864000 0.079333 0.065333
2 0.564000 0.770000 0.129333 0.118667
2 0.437000 0.760667 0.124667 0.136000
2 0.490333 0.852333 0.104667 0.104667
2 0.359333 0.807667 0.104000 0.094000
3 0.290000 0.788667 0.089333 0.077333
3 0.356000 0.734667 0.030667 0.033333
2 0.163667 0.775667 0.148667 0.136667
2 0.135000 0.895000 0.102000 0.095333
2 0.248667 0.910667 0.161333 0.170667
2 0.369333 0.920667 0.097333 0.130667
2 0.571333 0.932667 0.126667 0.133333
3 0.757000 0.942000 0.064667 0.085333
2 0.919000 0.875000 0.151333 0.171333
3 0.860667 0.955667 0.106667 0.086000
2 0.788000 0.804000 0.116000 0.164000
2 0.840333 0.685333 0.114000 0.116000
2 0.873000 0.480000 0.110000 0.156000
2 0.759000 0.469333 0.112667 0.168000
2 0.831667 0.337667 0.156667 0.140667
2 0.942333 0.377000 0.114000 0.104667
2 0.851667 0.598333 0.048667 0.054000
2 0.939000 0.629333 0.122000 0.134667
2 0.898000 0.190667 0.140000 0.144000
2 0.786000 0.092000 0.132000 0.182667
0 0.052667 0.109000 0.104000 0.092667
0 0.909333 0.291000 0.098667 0.080667
0 0.307333 0.717000 0.074667 0.064667
0 0.455000 0.251333 0.107333 0.078667
0 0.468333 0.165667 0.072667 0.088667
0 0.851667 0.775667 0.056667 0.060667
0 0.064000 0.829333 0.101333 0.114667
2 0.049667 0.727667 0.098000 0.120667
2 0.946333 0.106000 0.107333 0.160000
2 0.673000 0.944333 0.111333 0.111333
2 0.047667 0.946000 0.094000 0.108000
