2 0.329000 0.062667 0.084667 0.082667
3 0.409667 0.106333 0.060667 0.072667
2 0.448667 0.043333 0.110667 0.085333
3 0.537000 0.090667 0.044667 0.076000
2 0.468000 0.180333 0.072000 0.094000
2 0.544000 0.222000 0.069333 0.078667
2 0.600667 0.250333 0.080000 0.087333
2 0.685667 0.297333 0.092667 0.101333
2 0.673333 0.171667 0.080000 0.079333
2 0.684333 0.072667 0.055333 0.065333
2 0.605000 0.137333 0.100667 0.129333
2 0.764667 0.329333 0.064000 0.078667
2 0.854667 0.279333 0.134667 0.140000
2 0.915667 0.208333 0.052667 0.055333
3 0.940333 0.046333 0.068667 0.072667
0 0.923000 0.674667 0.135333 0.113333
0 0.934333 0.904000 0.096667 0.098667
0 0.767667 0.664667 0.107333 0.109333
0 0.946333 0.137667 0.084667 0.072667
0 0.202000 0.294000 0.094667 0.098667
0 0.391667 0.251667 0.095333 0.099333
0 0.619000 0.819333 0.092667 0.102667
0 0.312000 0.891000 0.097333 0.092667
0 0.177000 0.135000 0.120667 0.098000
0 0.822667 0.179333 0.109333 0.098667
0 0.751333 0.034333 0.065333 0.064667
0 0.844000 0.054667 0.084000 0.077333
0 0.813667 0.370333 0.076667 0.087333
0 0.440333 0.373333 0.070000 0.082667
0 0.658667 0.583667 0.109333 0.096667
0 0.802000 0.902000 0.118667 0.106667
0 0.431333 0.892667 0.121333 0.110667
0 0.300000 0.714333 0.073333 0.059333
0 0.272333 0.768000 0.064667 0.061333
0 0.180667 0.897667 0.081333 0.068667
0 0.144333 0.819000 0.054000 0.046000
0 0.098000 0.876000 0.052000 0.057333
0 0.237667 0.910667 0.050000 0.052000
0 0.032667 0.658333 0.064000 0.094000
0 0.120000 0.620000 0.088000 0.090667
0 0.287333 0.631667 0.048000 0.067333
0 0.450333 0.729667 0.098000 0.107333
0 0.071667 0.242333 0.084667 0.063333
0 0.266667 0.190000 0.122667 0.096000
0 0.730000 0.252333 0.090667 0.075333
0 0.964000 0.264333 0.072000 0.082000
0 0.505667 0.176667 0.055333 0.068000
0 0.853000 0.111667 0.063333 0.064667
0 0.945000 0.475000 0.110000 0.171333
2 0.230000 0.045000 0.108000 0.088667
