2 0.206000 0.139000 0.160000 0.154000
2 0.318667 0.133333 0.101333 0.094667
2 0.131333 0.244000 0.058667 0.060000
2 0.043667 0.235667 0.071333 0.084667
2 0.124667 0.329333 0.066667 0.072000
2 0.202333 0.310000 0.104667 0.105333
2 0.226000 0.249667 0.058667 0.051333
2 0.297667 0.231333 0.120667 0.152000
2 0.084000 0.420667 0.133333 0.141333
2 0.197667 0.402667 0.163333 0.152000
1 0.307000 0.346000 0.103333 0.093333
1 0.322000 0.411333 0.078667 0.085333
2 0.401000 0.196333 0.114000 0.158000
2 0.489667 0.174000 0.184667 0.190667
2 0.501000 0.054000 0.162000 0.105333
2 0.613000 0.102667 0.111333 0.132000
1 0.698333 0.142333 0.140667 0.170000
2 0.680667 0.254333 0.153333 0.120667
2 0.670333 0.340000 0.091333 0.089333
2 0.557667 0.348333 0.138000 0.136667
2 0.419667 0.325000 0.159333 0.139333
2 0.425667 0.402000 0.104667 0.070667
2 0.697333 0.426667 0.137333 0.138667
1 0.598667 0.459000 0.118667 0.159333
1 0.511000 0.510667 0.127333 0.125333
1 0.623000 0.566333 0.107333 0.106000
1 0.406667 0.468667 0.129333 0.101333
2 0.279667 0.497000 0.154000 0.154000
2 0.221333 0.572000 0.074667 0.113333
1 0.054000 0.579333 0.104000 0.189333
1 0.154667 0.542000 0.094667 0.138667
2 0.155667 0.652333 0.126000 0.098000
2 0.072667 0.717000 0.081333 0.068667
1 0.712000 0.533000 0.101333 0.086000
1 0.433333 0.588333 0.140000 0.144667
1 0.543667 0.627333 0.112667 0.113333
1 0.584333 0.693667 0.103333 0.092667
1 0.667667 0.643667 0.120667 0.146000
1 0.341667 0.618000 0.088667 0.101333
1 0.267000 0.638333 0.090000 0.106000
1 0.213333 0.702333 0.086667 0.058000
2 0.141333 0.756000 0.080000 0.118667
1 0.061667 0.828000 0.118000 0.126667
2 0.127000 0.909667 0.042000 0.054000
2 0.190667 0.855667 0.121333 0.127333
2 0.283333 0.772000 0.117333 0.110667
1 0.350667 0.711000 0.106667 0.115333
1 0.295333 0.893333 0.125333 0.134667
1 0.386000 0.855000 0.146667 0.132667
1 0.420000 0.794333 0.145333 0.108667
1 0.459333 0.678000 0.077333 0.074667
1 0.518000 0.737667 0.057333 0.060667
2 0.447667 0.929333 0.146000 0.117333
1 0.520000 0.859000 0.105333 0.142000
2 0.613333 0.922000 0.140000 0.152000
2 0.694333 0.955000 0.066000 0.059333
1 0.603667 0.801000 0.144667 0.168667
2 0.781000 0.924667 0.079333 0.086667
1 0.697667 0.759333 0.095333 0.097333
2 0.747333 0.830333 0.118667 0.088667
2 0.871667 0.859333 0.056667 0.053333
2 0.862000 0.798000 0.082667 0.064000
1 0.811333 0.722000 0.148000 0.145333
1 0.775667 0.616333 0.132667 0.136667
1 0.908667 0.648000 0.144000 0.104000
1 0.867000 0.557000 0.118000 0.108667
1 0.795000 0.486667 0.096667 0.114667
1 0.844333 0.456333 0.087333 0.100667
1 0.936667 0.498000 0.088000 0.106667
1 0.970000 0.465000 0.060000 0.078000
1 0.938333 0.392333 0.123333 0.112667
2 0.795333 0.308667 0.141333 0.138667
2 0.814333 0.150333 0.092667 0.142000
2 0.874333 0.240667 0.055333 0.068000
2 0.911333 0.141667 0.113333 0.135333
0 0.152000 0.202333 0.078667 0.068667
0 0.206667 0.764667 0.074667 0.066667
0 0.946333 0.053000 0.107333 0.104667
0 0.941333 0.317667 0.117333 0.106000
2 0.051000 0.109333 0.099333 0.141333
2 0.246333 0.047667 0.194000 0.094000
2 0.046333 0.320000 0.091333 0.112000
2 0.226000 0.958000 0.101333 0.066667
2 0.941000 0.769000 0.118000 0.167333
2 0.948333 0.217333 0.103333 0.176000
