2 0.058000 0.145333 0.100000 0.089333
2 0.101333 0.071333 0.162667 0.141333
1 0.299000 0.066000 0.108667 0.096000
1 0.400333 0.060333 0.107333 0.102000
1 0.258000 0.153667 0.153333 0.167333
1 0.369333 0.157000 0.074667 0.087333
2 0.191667 0.224333 0.176667 0.150000
2 0.060000 0.251667 0.116000 0.127333
2 0.249000 0.306333 0.112667 0.114000
2 0.319333 0.246000 0.048000 0.049333
2 0.399667 0.309000 0.146000 0.190000
2 0.317333 0.354333 0.093333 0.106000
1 0.249000 0.421667 0.118000 0.119333
2 0.051667 0.412000 0.055333 0.050667
2 0.143667 0.439667 0.087333 0.078000
2 0.201333 0.471667 0.077333 0.068667
2 0.393333 0.431333 0.062667 0.049333
2 0.490667 0.329667 0.060000 0.067333
2 0.514667 0.267333 0.110667 0.108000
2 0.443667 0.212000 0.066000 0.054667
2 0.470000 0.113000 0.124000 0.156667
2 0.533333 0.045000 0.116000 0.087333
3 0.627333 0.025667 0.064000 0.046000
2 0.590000 0.085667 0.109333 0.108667
2 0.686000 0.073000 0.106667 0.102000
2 0.685000 0.161667 0.102000 0.107333
2 0.610333 0.189333 0.080667 0.098667
2 0.532667 0.184333 0.110667 0.096667
1 0.709333 0.242667 0.096000 0.068000
2 0.600000 0.309000 0.137333 0.143333
1 0.709000 0.338333 0.116667 0.146000
2 0.471667 0.418333 0.082000 0.076667
2 0.584667 0.438667 0.144000 0.152000
2 0.495667 0.493667 0.104667 0.075333
2 0.537333 0.540000 0.118667 0.076000
2 0.310333 0.482333 0.084667 0.076667
2 0.089000 0.515000 0.127333 0.123333
2 0.174333 0.527000 0.059333 0.063333
2 0.255333 0.571333 0.110667 0.137333
1 0.370000 0.545000 0.146667 0.178000
2 0.699333 0.464333 0.084000 0.079333
2 0.711333 0.541667 0.056000 0.074000
2 0.649000 0.550667 0.126000 0.134667
2 0.580667 0.612667 0.097333 0.094667
2 0.465667 0.599667 0.094000 0.110000
2 0.522667 0.668333 0.080000 0.080667
2 0.124667 0.629333 0.077333 0.078667
2 0.204000 0.633667 0.104000 0.100667
2 0.131667 0.690000 0.090000 0.068000
2 0.068333 0.742333 0.116667 0.128667
2 0.195333 0.753000 0.154667 0.175333
1 0.126333 0.844333 0.127333 0.114000
2 0.281667 0.783333 0.099333 0.154667
2 0.368000 0.780667 0.082667 0.090667
2 0.456667 0.728000 0.104000 0.140000
2 0.387333 0.674333 0.116000 0.124667
2 0.582000 0.695000 0.073333 0.091333
2 0.656000 0.705667 0.113333 0.112667
1 0.331667 0.868333 0.131333 0.107333
2 0.409333 0.907667 0.097333 0.106000
2 0.461667 0.860667 0.110000 0.122667
2 0.616667 0.935667 0.109333 0.098000
2 0.558333 0.969667 0.078000 0.060667
2 0.743667 0.893333 0.095333 0.121333
2 0.679333 0.846000 0.097333 0.109333
2 0.605000 0.812667 0.136667 0.144000
2 0.527333 0.780333 0.102667 0.147333
2 0.811667 0.096000 0.066000 0.065333
1 0.901000 0.050667 0.100667 0.100000
2 0.918000 0.121667 0.078667 0.060667
2 0.760000 0.161000 0.078667 0.098000
2 0.854333 0.184000 0.143333 0.154667
2 0.959000 0.171333 0.076667 0.084000
2 0.907000 0.250333 0.054000 0.047333
1 0.921333 0.289667 0.082667 0.068667
1 0.965333 0.311000 0.058667 0.066000
1 0.792667 0.267333 0.089333 0.089333
2 0.832333 0.335000 0.128667 0.122000
1 0.898000 0.357333 0.084000 0.098667
2 0.758000 0.398000 0.085333 0.072000
1 0.849000 0.440000 0.087333 0.085333
2 0.788000 0.517000 0.134667 0.176667
2 0.938000 0.479000 0.088000 0.090000
2 0.890333 0.559000 0.119333 0.103333
2 0.832333 0.638333 0.122000 0.090000
2 0.915667 0.648000 0.071333 0.069333
2 0.784333 0.714000 0.094000 0.078667
2 0.873667 0.733667 0.111333 0.139333
1 0.955333 0.738667 0.089333 0.113333
2 0.944000 0.848333 0.112000 0.126000
2 0.801667 0.813667 0.168667 0.146000
2 0.831333 0.937333 0.090667 0.104000
2 0.916333 0.947000 0.091333 0.106000
2 0.437667 0.968333 0.103333 0.063333
0 0.721000 0.652333 0.095333 0.076667
0 0.135000 0.356333 0.139333 0.123333
0 0.040000 0.465667 0.078667 0.091333
0 0.720333 0.724000 0.060667 0.058667
2 0.944667 0.405333 0.110667 0.125333
2 0.965333 0.549667 0.069333 0.123333
2 0.749333 0.051333 0.096000 0.101333
2 0.826000 0.034333 0.108000 0.067333
2 0.693667 0.964000 0.084667 0.072000
2 0.207667 0.946667 0.152667 0.106667
2 0.329000 0.957333 0.111333 0.085333
