3 0.056333 0.112000 0.110000 0.096000
3 0.115000 0.188000 0.116667 0.136000
3 0.174000 0.123667 0.098667 0.084667
2 0.053000 0.237000 0.104667 0.128667
2 0.456667 0.076333 0.078667 0.094000
3 0.396333 0.138667 0.066000 0.066667
2 0.349000 0.208333 0.131333 0.112667
3 0.224667 0.318667 0.065333 0.074667
3 0.156000 0.375667 0.061333 0.062000
3 0.121667 0.424667 0.066000 0.070667
2 0.056000 0.469667 0.052000 0.043333
3 0.261000 0.385667 0.067333 0.079333
2 0.184667 0.458333 0.053333 0.059333
2 0.350667 0.333000 0.038667 0.048667
2 0.649333 0.093333 0.084000 0.097333
2 0.722000 0.155000 0.105333 0.118000
3 0.745333 0.060000 0.074667 0.085333
2 0.482000 0.238000 0.136000 0.141333
3 0.623000 0.268667 0.130000 0.108000
2 0.689667 0.317667 0.068667 0.075333
2 0.683333 0.414000 0.108000 0.106667
2 0.596667 0.474000 0.109333 0.153333
3 0.500333 0.411333 0.084667 0.080000
3 0.530667 0.390667 0.022667 0.024000
3 0.424333 0.409000 0.075333 0.092667
3 0.340000 0.425333 0.093333 0.093333
2 0.107667 0.510667 0.051333 0.046667
2 0.326667 0.503667 0.069333 0.067333
2 0.406667 0.501667 0.096000 0.086000
2 0.515667 0.523333 0.142000 0.148000
3 0.578333 0.559333 0.067333 0.069333
3 0.668333 0.504667 0.070000 0.070667
3 0.743667 0.499000 0.075333 0.076667
3 0.722667 0.586333 0.061333 0.084667
2 0.651667 0.589333 0.084667 0.093333
2 0.579333 0.637333 0.090667 0.085333
2 0.391000 0.600000 0.176667 0.125333
2 0.466667 0.674333 0.169333 0.166000
2 0.147667 0.606333 0.087333 0.099333
2 0.067667 0.681667 0.108667 0.099333
2 0.717667 0.679000 0.099333 0.108667
3 0.366333 0.788333 0.067333 0.071333
2 0.451667 0.795000 0.130000 0.120667
2 0.553000 0.784000 0.131333 0.145333
3 0.638667 0.760333 0.065333 0.066000
3 0.711333 0.779333 0.090667 0.101333
2 0.713333 0.895667 0.097333 0.116667
2 0.616000 0.882333 0.102667 0.120667
2 0.511000 0.884000 0.108667 0.090667
2 0.279000 0.757333 0.126000 0.134667
3 0.103000 0.745000 0.082000 0.096667
2 0.176000 0.731333 0.088000 0.117333
2 0.187667 0.806667 0.064667 0.053333
2 0.078000 0.898333 0.132000 0.147333
2 0.165667 0.924333 0.079333 0.095333
2 0.255000 0.888000 0.130000 0.136000
3 0.688333 0.851667 0.040667 0.038000
2 0.817667 0.787667 0.139333 0.164667
2 0.795333 0.878333 0.110667 0.103333
2 0.924667 0.927667 0.112000 0.096667
2 0.939000 0.837000 0.111333 0.114000
2 0.913000 0.723333 0.126000 0.096000
2 0.812333 0.601333 0.132667 0.134667
2 0.932667 0.634333 0.125333 0.095333
2 0.946333 0.545667 0.107333 0.094000
3 0.948333 0.452333 0.103333 0.094000
3 0.818333 0.494667 0.086000 0.074667
2 0.821000 0.408667 0.098000 0.100000
3 0.753333 0.406667 0.048000 0.070667
3 0.775333 0.302000 0.102667 0.128000
3 0.793000 0.139667 0.054000 0.070000
2 0.886000 0.108333 0.133333 0.127333
3 0.865000 0.219667 0.108667 0.100667
0 0.583667 0.358333 0.143333 0.135333
0 0.349333 0.884667 0.106667 0.149333
3 0.305667 0.057667 0.143333 0.114000
2 0.546333 0.042000 0.102000 0.082667
2 0.679333 0.038667 0.108000 0.076000
2 0.051333 0.590333 0.101333 0.131333
2 0.420000 0.940333 0.117333 0.119333
3 0.525667 0.954667 0.100667 0.090667
2 0.792000 0.960333 0.132000 0.079333
2 0.956667 0.305667 0.086667 0.103333
2 0.955333 0.208000 0.089333 0.102667
