2 0.078667 0.128667 0.054667 0.078667
3 0.149000 0.131333 0.088667 0.092000
2 0.362333 0.066000 0.092667 0.129333
3 0.437333 0.069000 0.066667 0.091333
3 0.535333 0.164667 0.121333 0.176000
3 0.723000 0.090667 0.111333 0.122667
3 0.648667 0.176333 0.100000 0.107333
2 0.651333 0.073000 0.038667 0.051333
3 0.621667 0.283000 0.124667 0.107333
2 0.459333 0.295667 0.061333 0.072667
2 0.338000 0.296667 0.106667 0.105333
2 0.330000 0.198667 0.106667 0.096000
2 0.227667 0.254667 0.116667 0.134667
3 0.118667 0.227000 0.106667 0.106000
2 0.074667 0.306667 0.096000 0.108000
3 0.177000 0.332000 0.124667 0.102667
3 0.210000 0.428667 0.132000 0.108000
2 0.059333 0.403333 0.116000 0.097333
3 0.319333 0.444333 0.080000 0.082000
3 0.405333 0.435667 0.093333 0.127333
3 0.490667 0.479667 0.061333 0.059333
2 0.515000 0.369000 0.108667 0.152667
2 0.616667 0.399667 0.096000 0.111333
3 0.063333 0.509667 0.125333 0.123333
3 0.172000 0.518000 0.092000 0.081333
2 0.355333 0.544333 0.173333 0.120667
2 0.292667 0.616667 0.076000 0.077333
2 0.201667 0.601333 0.110000 0.096000
3 0.103667 0.660667 0.115333 0.118667
2 0.690000 0.606333 0.130667 0.112667
3 0.718000 0.697333 0.105333 0.086667
2 0.476667 0.644000 0.074667 0.114667
1 0.459000 0.728000 0.038000 0.038667
3 0.380333 0.644000 0.111333 0.117333
2 0.376333 0.718000 0.054000 0.056000
2 0.282000 0.708000 0.097333 0.094667
2 0.086000 0.767000 0.105333 0.098000
3 0.173667 0.767000 0.080667 0.115333
2 0.282667 0.801000 0.145333 0.156667
2 0.377667 0.816333 0.110000 0.144667
3 0.062000 0.845000 0.061333 0.058000
2 0.153333 0.884333 0.152000 0.122000
2 0.467000 0.817333 0.072667 0.086667
2 0.557667 0.819667 0.100667 0.128667
3 0.927000 0.849333 0.119333 0.110667
2 0.762000 0.786000 0.056000 0.053333
2 0.813000 0.721667 0.078000 0.104667
2 0.761000 0.525333 0.116667 0.117333
3 0.858667 0.546333 0.069333 0.071333
2 0.877000 0.645000 0.092667 0.070000
2 0.969667 0.225000 0.056667 0.051333
3 0.758000 0.260667 0.150667 0.128000
3 0.776000 0.145000 0.093333 0.106000
3 0.867333 0.161333 0.121333 0.128000
3 0.862333 0.072000 0.062000 0.053333
3 0.917333 0.029000 0.052000 0.054000
2 0.802000 0.037000 0.081333 0.072667
2 0.193667 0.953667 0.114000 0.078000
2 0.470333 0.901000 0.075333 0.072667
2 0.806667 0.877000 0.160000 0.174000
2 0.752000 0.960333 0.074667 0.060667
0 0.424000 0.150000 0.092000 0.081333
0 0.053000 0.212667 0.072667 0.084000
0 0.283000 0.899000 0.087333 0.063333
0 0.614333 0.837000 0.056667 0.063333
0 0.464667 0.959000 0.064000 0.042000
0 0.662667 0.970667 0.069333 0.058667
0 0.678000 0.912000 0.076000 0.085333
0 0.876333 0.738333 0.075333 0.099333
0 0.557333 0.552333 0.066667 0.076667
0 0.817333 0.401000 0.104000 0.116667
0 0.715333 0.355667 0.096000 0.059333
0 0.412667 0.328000 0.053333 0.080000
0 0.523000 0.919333 0.074000 0.076000
3 0.224000 0.066333 0.133333 0.131333
2 0.941667 0.692333 0.116667 0.182000
2 0.596333 0.029333 0.072667 0.057333
