2 0.080333 0.052667 0.130000 0.102667
2 0.086667 0.153667 0.142667 0.126000
3 0.195667 0.133000 0.104667 0.108667
3 0.104333 0.261333 0.051333 0.060000
2 0.275333 0.204333 0.124000 0.143333
3 0.299333 0.152667 0.045333 0.048000
2 0.263000 0.309000 0.118000 0.104667
2 0.159667 0.320333 0.080667 0.095333
2 0.079000 0.367333 0.130000 0.112000
2 0.369000 0.298667 0.086000 0.106667
2 0.435333 0.115333 0.132000 0.134667
2 0.519000 0.150000 0.132667 0.201333
2 0.657000 0.166000 0.146000 0.145333
2 0.665000 0.057667 0.128667 0.110000
2 0.658000 0.275667 0.069333 0.082000
2 0.629333 0.397000 0.126667 0.131333
2 0.507667 0.371333 0.119333 0.117333
2 0.175667 0.477000 0.051333 0.059333
2 0.515000 0.480333 0.032667 0.036667
2 0.423000 0.499000 0.131333 0.126000
2 0.256667 0.475667 0.132000 0.124667
2 0.077667 0.481667 0.138000 0.132667
2 0.150000 0.580667 0.054667 0.062667
2 0.225667 0.573667 0.098000 0.072667
2 0.321333 0.569000 0.109333 0.142000
2 0.605333 0.589000 0.136000 0.150000
2 0.414667 0.611667 0.117333 0.102000
1 0.230333 0.662000 0.211333 0.129333
2 0.200333 0.771000 0.158000 0.122000
3 0.128333 0.837000 0.055333 0.058000
2 0.043000 0.838667 0.074000 0.060000
2 0.317000 0.753333 0.104667 0.122667
2 0.275000 0.860333 0.152667 0.134000
2 0.124000 0.910000 0.072000 0.070667
1 0.198667 0.927667 0.104000 0.098000
2 0.302000 0.956000 0.090667 0.084000
1 0.421667 0.936000 0.162000 0.122667
2 0.393667 0.818333 0.108667 0.144667
2 0.496667 0.804667 0.180000 0.162667
2 0.559333 0.931000 0.130667 0.131333
2 0.667000 0.928667 0.087333 0.086667
1 0.494000 0.668000 0.165333 0.160000
2 0.609667 0.709000 0.103333 0.096667
1 0.675000 0.749000 0.187333 0.155333
2 0.804333 0.750000 0.104667 0.124000
2 0.673667 0.854333 0.147333 0.094000
2 0.790333 0.896000 0.139333 0.124000
2 0.905333 0.737333 0.117333 0.125333
2 0.734667 0.601667 0.129333 0.140667
2 0.929000 0.592667 0.124667 0.146667
2 0.849000 0.509000 0.119333 0.147333
2 0.933667 0.492667 0.058000 0.042667
2 0.718000 0.482000 0.153333 0.141333
2 0.747000 0.365667 0.115333 0.130000
2 0.868333 0.381333 0.122000 0.116000
2 0.958333 0.409667 0.083333 0.127333
2 0.859000 0.316000 0.072667 0.050667
2 0.950667 0.315667 0.056000 0.058000
2 0.961333 0.233333 0.072000 0.108000
2 0.878667 0.225667 0.118667 0.154000
2 0.763667 0.222333 0.120667 0.146000
2 0.896667 0.129333 0.085333 0.068000
0 0.432667 0.389000 0.074667 0.099333
0 0.590667 0.283667 0.066667 0.115333
0 0.499333 0.556667 0.070667 0.070667
0 0.954333 0.633333 0.091333 0.078667
0 0.753000 0.132333 0.074000 0.058000
2 0.227000 0.062333 0.192667 0.122000
2 0.065000 0.626000 0.128667 0.154667
2 0.056333 0.748667 0.111333 0.136000
2 0.043000 0.932000 0.084667 0.120000
2 0.925667 0.807667 0.148667 0.208667
2 0.803333 0.062000 0.126667 0.122667
