2 0.174667 0.165333 0.036000 0.037333
3 0.035667 0.239333 0.070000 0.058667
3 0.082667 0.154000 0.130667 0.153333
3 0.250000 0.084000 0.132000 0.153333
2 0.336667 0.023667 0.046667 0.046000
2 0.364333 0.082333 0.095333 0.087333
2 0.355000 0.177667 0.096667 0.120667
3 0.439000 0.183333 0.082000 0.100000
2 0.516667 0.200333 0.076000 0.091333
3 0.542333 0.129000 0.047333 0.056667
3 0.525667 0.034667 0.064667 0.066667
3 0.647333 0.041000 0.069333 0.072667
3 0.710667 0.088333 0.032000 0.055333
3 0.619333 0.129000 0.094667 0.096667
2 0.655000 0.218667 0.167333 0.158667
3 0.523333 0.303000 0.098667 0.112667
3 0.598333 0.313333 0.056667 0.066667
3 0.280333 0.261667 0.130000 0.116667
3 0.092333 0.312667 0.142000 0.128000
3 0.091000 0.416000 0.098000 0.100000
3 0.184000 0.410667 0.098667 0.080000
2 0.358000 0.436333 0.033333 0.032667
3 0.359667 0.364333 0.116667 0.124667
2 0.442000 0.381667 0.056000 0.055333
2 0.665333 0.327333 0.077333 0.086667
3 0.252333 0.494333 0.071333 0.074000
3 0.152667 0.499000 0.096000 0.104667
2 0.070333 0.540667 0.122000 0.145333
3 0.208000 0.582000 0.101333 0.094667
2 0.298000 0.555000 0.094667 0.110000
3 0.478333 0.467667 0.099333 0.114000
3 0.582333 0.480000 0.115333 0.122667
3 0.673333 0.472333 0.082667 0.095333
3 0.654333 0.579000 0.083333 0.100667
3 0.587667 0.569333 0.055333 0.065333
3 0.463000 0.567000 0.118000 0.110000
3 0.428333 0.645000 0.080667 0.099333
3 0.350667 0.658000 0.104000 0.112000
3 0.325667 0.743000 0.096667 0.084667
3 0.417000 0.744333 0.094000 0.100667
3 0.595333 0.642333 0.076000 0.075333
2 0.622333 0.741667 0.055333 0.078000
3 0.606000 0.817667 0.057333 0.048667
3 0.545333 0.740333 0.086667 0.083333
3 0.529333 0.823333 0.129333 0.096000
3 0.477000 0.896333 0.094000 0.112667
2 0.564333 0.909667 0.092667 0.090000
3 0.338333 0.914667 0.139333 0.150667
3 0.293333 0.796333 0.082667 0.094000
3 0.078000 0.685333 0.086667 0.089333
3 0.164667 0.668667 0.090667 0.085333
3 0.209000 0.709667 0.083333 0.092667
3 0.077333 0.754333 0.082667 0.058000
3 0.105333 0.901667 0.109333 0.115333
3 0.682000 0.903333 0.096000 0.130667
3 0.770667 0.917667 0.089333 0.120667
3 0.831000 0.925667 0.048667 0.071333
3 0.896667 0.938000 0.065333 0.076000
3 0.923000 0.849000 0.068667 0.079333
3 0.841667 0.851667 0.106000 0.078000
3 0.847333 0.771333 0.108000 0.102667
2 0.763667 0.598333 0.135333 0.182000
3 0.770333 0.475000 0.092667 0.106000
2 0.882333 0.493333 0.104667 0.092000
3 0.941333 0.450000 0.114667 0.117333
3 0.804667 0.402667 0.097333 0.086667
3 0.750000 0.315000 0.097333 0.118000
3 0.902000 0.342000 0.078667 0.085333
3 0.762000 0.089667 0.056000 0.060667
3 0.772000 0.174000 0.064000 0.077333
3 0.854667 0.192333 0.097333 0.134000
3 0.929667 0.212667 0.079333 0.082667
0 0.499667 0.666667 0.072667 0.085333
0 0.701667 0.405000 0.096667 0.087333
0 0.883667 0.606000 0.076667 0.081333
0 0.837000 0.569667 0.052667 0.060667
0 0.729000 0.767667 0.103333 0.154000
0 0.559333 0.398000 0.090667 0.093333
0 0.282333 0.349333 0.062000 0.065333
0 0.208667 0.318333 0.041333 0.043333
0 0.267000 0.174000 0.098000 0.090667
0 0.252000 0.649000 0.078667 0.088667
0 0.169667 0.828333 0.088667 0.080667
0 0.187667 0.766000 0.064667 0.058667
0 0.229667 0.787667 0.050000 0.060667
0 0.925667 0.785667 0.068667 0.074000
0 0.964333 0.811000 0.062000 0.066000
0 0.870667 0.694667 0.090667 0.066667
0 0.946000 0.734000 0.068000 0.069333
0 0.883667 0.066000 0.044667 0.053333
0 0.587333 0.029000 0.057333 0.056667
0 0.951667 0.116333 0.096667 0.099333
3 0.441667 0.039333 0.120667 0.077333
3 0.968667 0.284333 0.062667 0.072667
3 0.970333 0.363000 0.059333 0.088667
