1 0.683000 0.177333 0.120667 0.201333
1 0.555333 0.152667 0.164000 0.228000
1 0.646333 0.046000 0.122000 0.092000
0 0.119667 0.763667 0.123333 0.124667
0 0.073667 0.923000 0.146000 0.144667
0 0.319333 0.752667 0.086667 0.086667
0 0.401333 0.777667 0.089333 0.096667
0 0.351000 0.641333 0.182000 0.156000
0 0.386333 0.538333 0.135333 0.155333
0 0.478000 0.662667 0.121333 0.121333
0 0.609333 0.668667 0.141333 0.153333
0 0.628667 0.774667 0.082667 0.078667
0 0.805667 0.619333 0.202000 0.200000
0 0.769000 0.786000 0.186000 0.165333
0 0.907667 0.793000 0.123333 0.139333
0 0.753000 0.386667 0.222000 0.192000
0 0.717667 0.512333 0.167333 0.131333
0 0.886333 0.350333 0.096667 0.107333
0 0.515667 0.466667 0.151333 0.165333
0 0.332667 0.461667 0.153333 0.099333
0 0.275000 0.533333 0.107333 0.089333
0 0.161000 0.477667 0.146000 0.175333
0 0.078000 0.628000 0.137333 0.137333
0 0.164000 0.604333 0.066667 0.060667
0 0.482000 0.932000 0.174667 0.134667
0 0.655667 0.932000 0.144667 0.134667
0 0.787333 0.265667 0.173333 0.127333
0 0.226667 0.328333 0.156000 0.123333
0 0.112667 0.288000 0.137333 0.168000
0 0.782333 0.150667 0.123333 0.172000
0 0.889333 0.455667 0.086667 0.103333
0 0.827333 0.944000 0.154667 0.110667
2 0.416000 0.054667 0.116000 0.109333
