2 0.056333 0.935667 0.110000 0.127333
2 0.455000 0.920333 0.139333 0.128667
2 0.550333 0.854333 0.123333 0.110000
2 0.393333 0.832000 0.149333 0.146667
2 0.330667 0.743000 0.138667 0.166000
2 0.484333 0.757667 0.162000 0.147333
2 0.613333 0.760000 0.121333 0.133333
2 0.737667 0.737667 0.131333 0.140667
2 0.661667 0.651667 0.146000 0.146000
1 0.565667 0.584667 0.140667 0.112000
2 0.529667 0.672667 0.128667 0.116000
2 0.400667 0.659333 0.113333 0.118667
2 0.192000 0.594333 0.188000 0.170000
1 0.329000 0.602333 0.134000 0.140667
1 0.403667 0.527667 0.107333 0.120667
2 0.325333 0.451333 0.145333 0.130667
1 0.498000 0.492667 0.142667 0.148000
1 0.597667 0.447000 0.139333 0.160667
1 0.522667 0.394000 0.049333 0.049333
1 0.662333 0.529333 0.103333 0.097333
1 0.123000 0.513000 0.140667 0.138000
1 0.080667 0.431667 0.108000 0.106000
2 0.197333 0.447667 0.117333 0.110000
1 0.138000 0.360667 0.108000 0.133333
1 0.098000 0.275667 0.133333 0.091333
1 0.211667 0.281667 0.107333 0.114000
1 0.271000 0.357667 0.110000 0.147333
2 0.370000 0.339667 0.112000 0.134000
1 0.312333 0.242333 0.094000 0.107333
1 0.398667 0.220667 0.090667 0.081333
1 0.233333 0.191333 0.133333 0.117333
1 0.448667 0.296333 0.113333 0.118000
1 0.560333 0.298333 0.116667 0.128667
1 0.623333 0.351667 0.092000 0.095333
1 0.655000 0.237667 0.096667 0.111333
1 0.556667 0.175667 0.169333 0.143333
1 0.713667 0.328000 0.102000 0.122667
1 0.779667 0.257667 0.114000 0.123333
1 0.723000 0.178667 0.119333 0.141333
1 0.856667 0.218333 0.124000 0.124667
1 0.933333 0.165333 0.121333 0.118667
1 0.962333 0.255000 0.075333 0.072667
1 0.925667 0.309333 0.090000 0.092000
2 0.834667 0.347000 0.124000 0.122000
2 0.778000 0.409000 0.078667 0.076667
1 0.705000 0.441333 0.120667 0.148000
2 0.833333 0.462667 0.082667 0.081333
2 0.900667 0.433667 0.105333 0.099333
2 0.905000 0.522667 0.082000 0.081333
2 0.812333 0.533000 0.108667 0.120667
2 0.757667 0.592667 0.140667 0.153333
1 0.089333 0.148667 0.113333 0.142667
1 0.188667 0.107000 0.116000 0.140667
1 0.253667 0.064000 0.143333 0.128000
1 0.338333 0.144667 0.108667 0.122667
1 0.438000 0.140000 0.110667 0.168000
1 0.377333 0.049333 0.106667 0.098667
1 0.520333 0.066667 0.099333 0.114667
1 0.642333 0.112333 0.080667 0.110000
1 0.596000 0.048667 0.097333 0.097333
1 0.743000 0.072667 0.135333 0.125333
1 0.806333 0.146667 0.095333 0.097333
2 0.867333 0.088333 0.085333 0.102000
0 0.578667 0.959333 0.081333 0.080000
0 0.588000 0.879000 0.074667 0.072667
0 0.681667 0.843333 0.100667 0.090667
0 0.674667 0.938333 0.094667 0.103333
0 0.801000 0.959333 0.084667 0.080000
0 0.882667 0.926333 0.098667 0.123333
0 0.923333 0.581667 0.070667 0.084667
0 0.857333 0.638333 0.093333 0.092667
0 0.922000 0.719000 0.093333 0.084667
0 0.854333 0.783667 0.095333 0.096667
0 0.778667 0.821333 0.085333 0.086667
0 0.783667 0.686000 0.075333 0.078667
0 0.941333 0.833333 0.078667 0.070667
0 0.965000 0.907667 0.070000 0.106000
0 0.973000 0.650667 0.054000 0.089333
2 0.040000 0.068667 0.078667 0.118667
2 0.116333 0.049000 0.111333 0.098000
2 0.930333 0.034667 0.115333 0.069333
1 0.823333 0.036333 0.094667 0.072667
1 0.958333 0.370000 0.083333 0.129333
