3 0.074000 0.050000 0.084000 0.097333
2 0.305667 0.146667 0.104667 0.117333
2 0.099333 0.216667 0.117333 0.138667
3 0.209333 0.218000 0.104000 0.156000
2 0.312000 0.277000 0.140000 0.150000
3 0.182000 0.352667 0.081333 0.076000
3 0.027000 0.316667 0.051333 0.060000
3 0.098333 0.326000 0.102000 0.094667
2 0.419667 0.175333 0.128667 0.133333
2 0.481667 0.077000 0.136667 0.142000
2 0.603667 0.125333 0.130000 0.149333
3 0.144333 0.435333 0.066000 0.061333
2 0.071667 0.517000 0.142000 0.124667
3 0.150667 0.543000 0.088000 0.082000
3 0.232667 0.453000 0.108000 0.112667
3 0.314333 0.477333 0.110000 0.133333
3 0.364667 0.383000 0.114667 0.118000
2 0.492000 0.409333 0.145333 0.157333
2 0.551333 0.339667 0.074667 0.078000
2 0.659667 0.332667 0.148667 0.126667
2 0.697667 0.240000 0.143333 0.136000
2 0.675667 0.437000 0.124667 0.098000
2 0.718000 0.547000 0.109333 0.130000
3 0.623667 0.532333 0.102000 0.172667
3 0.523667 0.511667 0.124667 0.144667
2 0.413667 0.506333 0.094000 0.114000
3 0.236667 0.551333 0.088000 0.081333
3 0.316667 0.580000 0.064000 0.073333
2 0.386000 0.605667 0.116000 0.114000
3 0.491667 0.621000 0.126000 0.131333
3 0.205667 0.638333 0.139333 0.138000
3 0.291667 0.630000 0.031333 0.034667
3 0.307667 0.678333 0.094000 0.090000
3 0.396667 0.691667 0.074667 0.064667
2 0.141000 0.725333 0.119333 0.125333
2 0.035000 0.884000 0.059333 0.057333
2 0.106000 0.835000 0.121333 0.146000
3 0.222000 0.831000 0.112000 0.143333
2 0.185000 0.942333 0.127333 0.112667
2 0.318667 0.841333 0.104000 0.124000
2 0.308333 0.943667 0.122000 0.112667
3 0.399333 0.961000 0.052000 0.052667
3 0.485000 0.908000 0.099333 0.093333
2 0.485333 0.792000 0.158667 0.192000
2 0.625667 0.805333 0.128667 0.189333
3 0.684000 0.738000 0.104000 0.126667
3 0.703000 0.849667 0.063333 0.086000
2 0.588000 0.918667 0.113333 0.094667
3 0.692000 0.922667 0.070667 0.081333
2 0.777000 0.939333 0.107333 0.120000
2 0.795000 0.851000 0.124667 0.106000
2 0.793000 0.734667 0.126000 0.150667
2 0.920000 0.758667 0.133333 0.140000
2 0.893000 0.867333 0.100667 0.094667
2 0.938000 0.952000 0.120000 0.090667
2 0.934333 0.651333 0.068667 0.074667
3 0.977333 0.580667 0.045333 0.092000
2 0.901333 0.557000 0.130667 0.123333
2 0.811667 0.370000 0.051333 0.054667
2 0.854667 0.447333 0.185333 0.168000
3 0.816667 0.170000 0.069333 0.080000
2 0.901667 0.083333 0.060667 0.072000
2 0.833667 0.068667 0.082000 0.116000
0 0.457333 0.257333 0.097333 0.054667
0 0.474667 0.309000 0.086667 0.076667
0 0.543333 0.244667 0.106667 0.117333
0 0.846333 0.296000 0.091333 0.122667
0 0.781667 0.285667 0.091333 0.119333
0 0.918000 0.184000 0.085333 0.121333
0 0.698000 0.664667 0.109333 0.109333
0 0.599000 0.662667 0.080667 0.137333
0 0.381667 0.757667 0.087333 0.080667
0 0.859667 0.931333 0.068667 0.073333
0 0.471667 0.968667 0.084667 0.054667
0 0.060333 0.699000 0.091333 0.088667
0 0.689667 0.151333 0.068667 0.105333
0 0.753333 0.154667 0.066667 0.102667
0 0.972000 0.362667 0.056000 0.114667
0 0.922000 0.333333 0.081333 0.137333
2 0.254667 0.056333 0.134667 0.111333
2 0.363000 0.062667 0.099333 0.124000
2 0.732333 0.060000 0.139333 0.118667
2 0.967667 0.472667 0.064667 0.108000
3 0.056333 0.414667 0.111333 0.128000
2 0.039333 0.115000 0.077333 0.084667
2 0.163667 0.055000 0.114000 0.108667
