2 0.090333 0.115667 0.082000 0.084667
2 0.082333 0.214333 0.144667 0.114000
2 0.059667 0.310000 0.112667 0.114667
2 0.135000 0.353333 0.064667 0.061333
1 0.462667 0.335333 0.060000 0.064000
2 0.556667 0.367333 0.133333 0.126667
1 0.528000 0.452667 0.094667 0.073333
2 0.673000 0.381000 0.104667 0.123333
2 0.676333 0.264000 0.115333 0.106667
2 0.761333 0.318333 0.070667 0.091333
2 0.792333 0.210667 0.119333 0.116000
2 0.707000 0.131667 0.140667 0.158000
3 0.919667 0.212333 0.107333 0.094000
3 0.887000 0.310667 0.167333 0.102667
2 0.851667 0.420667 0.175333 0.117333
2 0.835333 0.517333 0.082667 0.082667
2 0.938667 0.101333 0.117333 0.116000
2 0.960000 0.027333 0.072000 0.049333
2 0.938667 0.539333 0.110667 0.108000
0 0.337333 0.409333 0.268000 0.241333
0 0.206667 0.580000 0.412000 0.328000
0 0.642333 0.713000 0.404667 0.508667
0 0.761667 0.938000 0.106000 0.124000
0 0.661333 0.951000 0.080000 0.068667
3 0.048667 0.422333 0.096000 0.134000
2 0.822000 0.068000 0.166667 0.134667
