2 0.164667 0.189667 0.096000 0.106000
2 0.049000 0.280667 0.059333 0.060000
2 0.052333 0.105333 0.099333 0.097333
2 0.334333 0.132333 0.119333 0.138000
2 0.665667 0.221333 0.134000 0.161333
3 0.751333 0.287000 0.049333 0.079333
2 0.649000 0.357667 0.095333 0.134000
3 0.737333 0.372667 0.069333 0.078667
2 0.548667 0.413333 0.100000 0.098667
2 0.095000 0.464333 0.148667 0.152667
2 0.248667 0.420667 0.180000 0.126667
2 0.260333 0.521667 0.098000 0.082000
2 0.365333 0.476000 0.066667 0.062667
2 0.647333 0.488333 0.066667 0.067333
3 0.720667 0.485667 0.034667 0.036667
2 0.146000 0.641000 0.129333 0.151333
2 0.291000 0.689000 0.072667 0.062000
2 0.385333 0.643333 0.078667 0.093333
3 0.512667 0.670667 0.061333 0.072000
2 0.624667 0.585667 0.109333 0.106000
3 0.556667 0.712667 0.052000 0.056000
3 0.524000 0.766333 0.088000 0.087333
2 0.566667 0.825000 0.084000 0.086000
3 0.465667 0.821667 0.106000 0.110000
2 0.318333 0.812000 0.115333 0.133333
2 0.692000 0.741000 0.038667 0.044667
2 0.702667 0.926000 0.086667 0.089333
2 0.621333 0.960333 0.057333 0.064667
2 0.545667 0.910667 0.086000 0.081333
2 0.474000 0.941000 0.070667 0.080667
2 0.337000 0.902333 0.066000 0.058000
3 0.130667 0.856333 0.088000 0.112667
2 0.214667 0.860667 0.096000 0.104000
2 0.188000 0.950333 0.040000 0.042000
3 0.036333 0.953000 0.071333 0.094000
2 0.114333 0.949333 0.086000 0.080000
2 0.260333 0.939667 0.074000 0.098000
3 0.350333 0.964333 0.094000 0.071333
2 0.558667 0.974000 0.058667 0.052000
2 0.964667 0.965000 0.058667 0.056667
2 0.967333 0.868667 0.064000 0.065333
2 0.773667 0.840000 0.076667 0.056000
2 0.785000 0.761667 0.098000 0.096667
3 0.791667 0.670667 0.058000 0.057333
3 0.888667 0.606667 0.080000 0.076000
3 0.793333 0.584000 0.105333 0.090667
3 0.795333 0.494333 0.094667 0.092667
3 0.814667 0.384333 0.089333 0.086000
2 0.830667 0.299333 0.112000 0.109333
2 0.787667 0.172667 0.135333 0.154667
2 0.854333 0.124667 0.051333 0.054667
2 0.937000 0.213333 0.126000 0.140000
2 0.945333 0.098000 0.109333 0.120000
0 0.454333 0.350333 0.123333 0.115333
0 0.368333 0.323333 0.076667 0.093333
0 0.285667 0.343333 0.108667 0.097333
0 0.705667 0.584000 0.056667 0.153333
0 0.624667 0.063000 0.158667 0.124667
0 0.422000 0.107000 0.062667 0.084667
0 0.544333 0.186000 0.108667 0.169333
0 0.488667 0.233333 0.070667 0.098667
0 0.102000 0.362667 0.157333 0.110667
0 0.262667 0.066667 0.066667 0.081333
0 0.200000 0.108000 0.054667 0.082667
0 0.411333 0.520000 0.076000 0.084000
0 0.382333 0.569667 0.083333 0.080667
0 0.317667 0.612000 0.062000 0.074667
0 0.074000 0.734000 0.062667 0.061333
0 0.413667 0.891333 0.080667 0.114667
0 0.959667 0.714667 0.080667 0.062667
0 0.535000 0.605000 0.056667 0.063333
0 0.566667 0.307000 0.074667 0.086000
2 0.863333 0.049333 0.129333 0.097333
