0 0.352667 0.541333 0.262667 0.254667
0 0.203667 0.386667 0.198000 0.224000
0 0.336667 0.314000 0.181333 0.228000
0 0.467000 0.342667 0.163333 0.200000
0 0.594333 0.253333 0.171333 0.192000
0 0.712333 0.303000 0.190000 0.174000
0 0.705667 0.145333 0.127333 0.141333
0 0.428667 0.135333 0.148000 0.189333
0 0.300333 0.097333 0.154000 0.193333
0 0.634667 0.458333 0.236000 0.198000
0 0.842000 0.541333 0.125333 0.137333
0 0.846000 0.439333 0.149333 0.102667
0 0.929000 0.398667 0.142000 0.166667
0 0.925000 0.582000 0.150000 0.222667
0 0.878000 0.751667 0.161333 0.206000
0 0.648000 0.848667 0.101333 0.157333
0 0.569333 0.660667 0.133333 0.161333
0 0.699333 0.590000 0.172000 0.226667
0 0.407667 0.729333 0.186000 0.165333
0 0.799333 0.211000 0.121333 0.139333
0 0.904333 0.192000 0.182000 0.222667
0 0.735667 0.812000 0.131333 0.169333
0 0.862000 0.925333 0.242667 0.149333
0 0.510667 0.865667 0.157333 0.187333
0 0.367333 0.869667 0.129333 0.127333
0 0.098000 0.691000 0.194667 0.255333
