2 0.051000 0.066000 0.100667 0.093333
2 0.179000 0.068667 0.162000 0.129333
2 0.056667 0.175000 0.110667 0.142000
2 0.174000 0.195000 0.153333 0.151333
2 0.149000 0.321667 0.116667 0.144667
2 0.327667 0.216333 0.127333 0.120667
2 0.396333 0.155000 0.116667 0.095333
2 0.465333 0.081333 0.045333 0.053333
2 0.565000 0.117000 0.134000 0.112667
2 0.552333 0.182333 0.104667 0.084667
1 0.692333 0.104667 0.127333 0.098667
2 0.684333 0.210000 0.156667 0.162667
2 0.718667 0.333333 0.120000 0.126667
1 0.487333 0.251333 0.225333 0.198667
2 0.605000 0.400000 0.080667 0.077333
2 0.363333 0.374000 0.205333 0.213333
2 0.507000 0.405000 0.126000 0.148667
2 0.252333 0.341667 0.127333 0.166000
2 0.044000 0.453333 0.086667 0.113333
2 0.169333 0.489333 0.192000 0.192000
2 0.296000 0.501333 0.122667 0.148000
2 0.397333 0.499333 0.090667 0.080000
2 0.339333 0.600667 0.090667 0.086667
2 0.688333 0.676667 0.142000 0.148000
2 0.553333 0.667333 0.182667 0.190667
2 0.153000 0.817667 0.132667 0.138000
2 0.357667 0.773333 0.206000 0.232000
2 0.636667 0.800000 0.128000 0.121333
2 0.501333 0.821667 0.166667 0.198000
2 0.525333 0.923000 0.124000 0.111333
2 0.640333 0.924667 0.127333 0.141333
2 0.724000 0.932667 0.065333 0.089333
2 0.778667 0.936333 0.052000 0.100667
2 0.755333 0.820667 0.144000 0.156000
2 0.860667 0.952333 0.128000 0.095333
2 0.741000 0.599333 0.176667 0.146667
2 0.890667 0.598333 0.149333 0.171333
3 0.848000 0.465000 0.072000 0.072667
2 0.725667 0.458000 0.186000 0.153333
2 0.851333 0.356000 0.170667 0.182667
2 0.941000 0.251000 0.118000 0.112667
2 0.883333 0.167667 0.082667 0.075333
2 0.801000 0.128667 0.070000 0.076000
0 0.606333 0.311000 0.127333 0.104667
0 0.773333 0.229333 0.129333 0.144000
0 0.558000 0.508333 0.156000 0.127333
0 0.458000 0.571667 0.141333 0.158000
0 0.153667 0.576000 0.131333 0.129333
0 0.193333 0.683667 0.153333 0.159333
0 0.058667 0.647667 0.116000 0.223333
0 0.899333 0.731333 0.148000 0.121333
0 0.934000 0.531000 0.132000 0.122000
0 0.687333 0.042667 0.124000 0.084000
0 0.885333 0.860667 0.102667 0.109333
0 0.080333 0.403000 0.080667 0.087333
2 0.051667 0.293667 0.102000 0.167333
2 0.052667 0.828667 0.104000 0.174667
2 0.210000 0.931333 0.186667 0.137333
2 0.418667 0.949333 0.128000 0.101333
2 0.937000 0.883000 0.126000 0.190000
2 0.944667 0.394333 0.108000 0.196667
2 0.329000 0.073000 0.202000 0.144667
