2 0.099667 0.050333 0.154000 0.098000
2 0.110667 0.166333 0.166667 0.152667
2 0.219000 0.062333 0.103333 0.115333
2 0.327333 0.074333 0.082667 0.066000
2 0.262000 0.162000 0.141333 0.182667
2 0.357333 0.185000 0.152000 0.208667
2 0.451667 0.096000 0.095333 0.092000
2 0.558667 0.104333 0.168000 0.163333
2 0.666333 0.151000 0.084667 0.079333
2 0.577333 0.240667 0.102667 0.108000
2 0.472000 0.205333 0.126667 0.124000
2 0.658000 0.255000 0.130667 0.127333
2 0.034000 0.368333 0.062667 0.060667
2 0.098333 0.312000 0.122000 0.154667
2 0.208667 0.327667 0.149333 0.162000
1 0.261000 0.421333 0.128667 0.108000
2 0.315667 0.337000 0.132667 0.159333
2 0.365000 0.447333 0.063333 0.072000
2 0.446333 0.354000 0.155333 0.174667
2 0.563333 0.383000 0.121333 0.162000
2 0.666667 0.386333 0.128000 0.155333
1 0.467333 0.484000 0.142667 0.141333
2 0.119667 0.520667 0.170000 0.180000
2 0.245000 0.577000 0.047333 0.051333
2 0.404667 0.581333 0.181333 0.172000
2 0.606333 0.504333 0.130000 0.112667
1 0.716333 0.506000 0.126000 0.110667
2 0.695000 0.628000 0.134000 0.154667
2 0.564333 0.625333 0.138000 0.124000
2 0.080000 0.794667 0.158667 0.145333
2 0.229333 0.758000 0.184000 0.220000
2 0.301000 0.872000 0.126000 0.117333
2 0.231333 0.933333 0.121333 0.120000
2 0.076000 0.933000 0.150667 0.134000
2 0.464333 0.830000 0.136667 0.113333
2 0.452667 0.893000 0.105333 0.079333
2 0.591667 0.839000 0.118000 0.098000
2 0.575667 0.920667 0.156667 0.158667
2 0.695000 0.829667 0.075333 0.072667
1 0.943333 0.886333 0.089333 0.079333
2 0.838333 0.800333 0.220667 0.222000
2 0.783000 0.864667 0.074000 0.073333
1 0.833000 0.652333 0.088667 0.083333
2 0.881667 0.442000 0.191333 0.206667
2 0.796000 0.388000 0.149333 0.141333
2 0.782667 0.241333 0.154667 0.200000
2 0.900667 0.277333 0.137333 0.160000
2 0.931000 0.179333 0.131333 0.117333
0 0.209333 0.497667 0.141333 0.131333
0 0.285000 0.581000 0.123333 0.131333
0 0.373000 0.731333 0.092667 0.153333
0 0.467000 0.725333 0.095333 0.161333
0 0.580333 0.738333 0.127333 0.131333
0 0.689333 0.732333 0.114667 0.139333
0 0.811333 0.730333 0.133333 0.143333
0 0.790333 0.569667 0.151333 0.158000
0 0.763000 0.108000 0.124667 0.094667
0 0.685000 0.956667 0.151333 0.078667
0 0.928000 0.936667 0.144000 0.124000
0 0.094333 0.680667 0.116667 0.105333
2 0.913000 0.075667 0.174000 0.150000
2 0.934000 0.697667 0.132000 0.175333
2 0.390333 0.912000 0.232667 0.176000
2 0.844000 0.945333 0.113333 0.109333
