3 0.071667 0.129333 0.083333 0.082667
3 0.191667 0.065333 0.126000 0.128000
3 0.413333 0.083333 0.090667 0.124000
3 0.338667 0.098667 0.094667 0.098667
3 0.058667 0.216000 0.102667 0.101333
3 0.141667 0.240333 0.071333 0.074000
3 0.208667 0.207333 0.084000 0.076000
3 0.204333 0.285000 0.071333 0.072667
3 0.136000 0.328667 0.096000 0.108000
3 0.062667 0.287667 0.065333 0.063333
3 0.022333 0.323667 0.042000 0.064667
3 0.067000 0.358333 0.079333 0.072667
2 0.022333 0.409667 0.032667 0.028667
3 0.148333 0.456000 0.082000 0.076000
3 0.237333 0.444000 0.105333 0.109333
3 0.288667 0.185000 0.097333 0.088667
3 0.334333 0.234667 0.086000 0.096000
3 0.422667 0.322000 0.074667 0.068000
3 0.456000 0.245000 0.093333 0.091333
3 0.545333 0.258000 0.096000 0.101333
3 0.478000 0.165000 0.106667 0.115333
3 0.559000 0.157000 0.079333 0.108667
3 0.577000 0.098000 0.155333 0.097333
3 0.598667 0.036667 0.128000 0.060000
3 0.707667 0.086333 0.063333 0.075333
3 0.719667 0.166333 0.074000 0.082000
2 0.746667 0.260000 0.058667 0.070667
3 0.667333 0.260333 0.093333 0.084667
3 0.655000 0.328667 0.110000 0.084000
3 0.475000 0.425000 0.151333 0.119333
3 0.615333 0.398667 0.105333 0.100000
2 0.705667 0.411667 0.096667 0.096667
3 0.684333 0.507333 0.092667 0.098667
3 0.587333 0.502000 0.104000 0.104000
3 0.223000 0.535667 0.082000 0.083333
3 0.313000 0.513667 0.128667 0.120667
3 0.281333 0.637000 0.032000 0.030000
3 0.294333 0.716667 0.059333 0.061333
3 0.364333 0.632333 0.108667 0.110000
2 0.488667 0.609333 0.112000 0.122667
3 0.494333 0.676333 0.047333 0.040667
3 0.574667 0.605667 0.078667 0.106000
3 0.646667 0.602667 0.080000 0.090667
3 0.730000 0.611667 0.085333 0.094000
3 0.686667 0.702000 0.069333 0.080000
3 0.602333 0.690333 0.098000 0.084667
3 0.479333 0.721333 0.084000 0.100000
3 0.402333 0.743000 0.087333 0.114000
2 0.244333 0.787667 0.039333 0.039333
3 0.138000 0.813667 0.042667 0.050000
3 0.181000 0.922667 0.024667 0.028000
3 0.471667 0.822000 0.087333 0.088000
2 0.554000 0.774000 0.105333 0.100000
3 0.657333 0.773667 0.102667 0.087333
3 0.493667 0.913667 0.083333 0.095333
2 0.576000 0.908667 0.096000 0.122667
3 0.670333 0.891333 0.106000 0.112000
3 0.770333 0.883000 0.096667 0.100667
3 0.761667 0.714333 0.080667 0.094000
3 0.812667 0.630333 0.078667 0.087333
3 0.895667 0.644333 0.095333 0.110000
3 0.844667 0.521333 0.074667 0.090667
3 0.772000 0.521667 0.080000 0.111333
3 0.810667 0.410333 0.108000 0.106000
3 0.905333 0.426333 0.092000 0.100667
3 0.777333 0.092333 0.078667 0.102000
2 0.880000 0.114667 0.130667 0.193333
0 0.875667 0.879667 0.202000 0.167333
0 0.929000 0.768333 0.095333 0.110000
0 0.968000 0.221667 0.064000 0.066000
0 0.617000 0.200000 0.092667 0.085333
0 0.787667 0.213000 0.083333 0.107333
0 0.518000 0.522000 0.064000 0.070667
0 0.499667 0.351667 0.076667 0.064667
0 0.299667 0.376000 0.095333 0.092000
0 0.310000 0.311000 0.072000 0.070000
0 0.334000 0.824667 0.106667 0.124000
0 0.167000 0.580667 0.074000 0.122667
0 0.390000 0.547000 0.100000 0.066000
0 0.159333 0.740333 0.130667 0.098000
0 0.234333 0.703667 0.083333 0.120667
0 0.174000 0.681667 0.056000 0.052667
0 0.123667 0.672000 0.052667 0.053333
0 0.919000 0.533333 0.039333 0.046667
0 0.910000 0.568667 0.044000 0.041333
0 0.960667 0.082667 0.072000 0.061333
3 0.692667 0.960333 0.114667 0.079333
3 0.961667 0.362333 0.076667 0.083333
3 0.959667 0.286667 0.078000 0.090667
0 0.829667 0.799000 0.126000 0.155333
0 0.969333 0.745667 0.061333 0.112667
