3 0.198667 0.062333 0.078667 0.115333
2 0.190000 0.150333 0.065333 0.059333
2 0.131000 0.253667 0.060667 0.059333
2 0.121000 0.074667 0.090000 0.146667
2 0.037667 0.153667 0.052667 0.056667
2 0.271333 0.289667 0.026667 0.030000
2 0.309667 0.386333 0.054000 0.072667
2 0.384333 0.378667 0.052667 0.057333
3 0.453667 0.379000 0.062000 0.064667
3 0.516333 0.370333 0.067333 0.067333
2 0.590000 0.261667 0.036000 0.039333
2 0.671000 0.258000 0.052667 0.060000
3 0.730667 0.248333 0.062667 0.066000
3 0.645333 0.352000 0.086667 0.096000
2 0.681000 0.492667 0.071333 0.073333
3 0.599667 0.493333 0.086000 0.074667
3 0.373667 0.484333 0.083333 0.088667
2 0.303333 0.491333 0.061333 0.066667
2 0.199333 0.549000 0.057333 0.052667
2 0.236667 0.496000 0.074667 0.076000
2 0.063000 0.666333 0.119333 0.115333
2 0.261333 0.584333 0.133333 0.110000
2 0.378000 0.582333 0.142667 0.104667
2 0.514667 0.588333 0.092000 0.114000
2 0.609333 0.585667 0.097333 0.106000
2 0.682667 0.621000 0.061333 0.066000
2 0.168667 0.665000 0.093333 0.094000
2 0.256000 0.682000 0.084000 0.100000
2 0.372667 0.675667 0.153333 0.099333
2 0.522000 0.725333 0.140000 0.145333
2 0.647333 0.749000 0.109333 0.099333
2 0.587000 0.817333 0.102000 0.114667
2 0.682000 0.840000 0.090667 0.088000
2 0.401667 0.788333 0.084667 0.107333
2 0.336667 0.762000 0.084000 0.082667
2 0.252333 0.761000 0.068667 0.066000
2 0.166667 0.758667 0.108000 0.108000
2 0.066000 0.767333 0.113333 0.086667
2 0.043333 0.857333 0.082667 0.084000
2 0.128333 0.853667 0.088667 0.100667
3 0.183000 0.869000 0.047333 0.038000
2 0.286667 0.832333 0.133333 0.092667
2 0.485667 0.825667 0.099333 0.086000
2 0.614333 0.902000 0.120667 0.098667
3 0.284667 0.911667 0.114667 0.098000
2 0.390333 0.928333 0.130000 0.143333
2 0.618000 0.977000 0.061333 0.044667
2 0.801000 0.798333 0.132667 0.130000
2 0.746333 0.928333 0.154000 0.143333
2 0.775667 0.490000 0.110000 0.109333
2 0.862333 0.308333 0.038000 0.039333
2 0.852333 0.365000 0.062000 0.067333
2 0.788000 0.361667 0.062667 0.060667
0 0.042000 0.508667 0.082667 0.076000
0 0.052333 0.434667 0.103333 0.100000
0 0.204000 0.208333 0.086667 0.072667
0 0.128000 0.187667 0.097333 0.088667
0 0.040000 0.224667 0.078667 0.088000
0 0.275667 0.056333 0.088667 0.076667
0 0.863667 0.434333 0.088667 0.092667
0 0.661333 0.682000 0.097333 0.070667
0 0.960000 0.876667 0.080000 0.068000
0 0.510667 0.480667 0.074667 0.105333
0 0.705000 0.128333 0.115333 0.107333
0 0.618000 0.175667 0.082667 0.076667
0 0.523000 0.247333 0.119333 0.164000
0 0.383667 0.064667 0.091333 0.081333
0 0.869667 0.200000 0.076667 0.101333
0 0.334000 0.219333 0.106667 0.102667
0 0.391000 0.175667 0.071333 0.098000
0 0.444000 0.134667 0.073333 0.077333
0 0.425000 0.293667 0.075333 0.083333
0 0.447667 0.454000 0.070000 0.080000
0 0.125000 0.566667 0.099333 0.096000
0 0.819667 0.551667 0.086000 0.083333
0 0.937000 0.400333 0.058000 0.064667
0 0.649333 0.425667 0.084000 0.074000
0 0.831000 0.075000 0.043333 0.042000
0 0.219000 0.370000 0.078000 0.092000
0 0.155000 0.490000 0.092667 0.069333
2 0.153667 0.949333 0.139333 0.101333
2 0.513667 0.934333 0.135333 0.131333
3 0.947000 0.585000 0.100667 0.115333
3 0.925000 0.057333 0.150000 0.112000
3 0.040333 0.053000 0.079333 0.104667
