2 0.093667 0.126333 0.080667 0.080667
2 0.197667 0.131333 0.136667 0.126667
2 0.299333 0.110000 0.074667 0.064000
2 0.295000 0.039000 0.094000 0.074000
2 0.291000 0.181000 0.124667 0.091333
2 0.103333 0.220333 0.093333 0.107333
2 0.185333 0.285667 0.148000 0.132667
2 0.288000 0.265667 0.080000 0.083333
2 0.580667 0.081333 0.073333 0.098667
2 0.506667 0.113333 0.065333 0.057333
2 0.563667 0.192000 0.098000 0.125333
2 0.470667 0.170000 0.116000 0.084000
2 0.148667 0.397000 0.094667 0.099333
2 0.259333 0.382333 0.120000 0.130000
2 0.374333 0.361667 0.124667 0.104667
2 0.340000 0.443000 0.120000 0.100667
3 0.156333 0.481667 0.067333 0.067333
2 0.476333 0.256333 0.103333 0.110000
2 0.468333 0.329000 0.066000 0.064667
2 0.653000 0.287000 0.044667 0.039333
3 0.665667 0.205333 0.034000 0.045333
2 0.509000 0.385667 0.086000 0.068667
2 0.442333 0.487000 0.064667 0.090000
2 0.512000 0.524667 0.084000 0.080000
2 0.510333 0.456667 0.066000 0.060000
2 0.623333 0.410333 0.117333 0.140667
2 0.695667 0.508333 0.079333 0.096667
2 0.606667 0.534667 0.106667 0.109333
2 0.242333 0.481333 0.096667 0.078667
2 0.326000 0.533333 0.130667 0.100000
2 0.236333 0.565333 0.079333 0.082667
2 0.054333 0.520667 0.098000 0.098667
2 0.112333 0.630333 0.146000 0.163333
2 0.419333 0.616000 0.138667 0.130667
2 0.657333 0.658667 0.036000 0.037333
2 0.206000 0.689333 0.101333 0.158667
2 0.306333 0.699667 0.151333 0.140667
2 0.425333 0.711000 0.097333 0.088667
2 0.476000 0.760333 0.084000 0.126000
2 0.587333 0.758000 0.133333 0.148000
2 0.646333 0.840000 0.076667 0.085333
3 0.564333 0.857333 0.080667 0.073333
2 0.401000 0.811333 0.071333 0.084000
2 0.447000 0.865667 0.134000 0.095333
2 0.178333 0.802000 0.076667 0.088000
2 0.278000 0.821667 0.153333 0.108667
1 0.034667 0.807333 0.044000 0.045333
2 0.074000 0.880000 0.114667 0.125333
2 0.166000 0.910667 0.093333 0.113333
1 0.272000 0.896667 0.122667 0.069333
2 0.451667 0.936667 0.074000 0.056000
2 0.760000 0.949667 0.102667 0.096667
2 0.771000 0.828000 0.088667 0.078667
2 0.842333 0.930333 0.119333 0.128667
3 0.854333 0.819667 0.074000 0.080667
2 0.798667 0.767333 0.088000 0.062667
3 0.780000 0.627333 0.060000 0.046667
3 0.767000 0.695000 0.132667 0.095333
3 0.969667 0.711000 0.060667 0.064667
2 0.970333 0.621000 0.059333 0.056667
3 0.884000 0.546333 0.048000 0.058000
3 0.903333 0.462667 0.056000 0.057333
2 0.806333 0.472333 0.172667 0.179333
2 0.822000 0.349333 0.064000 0.068000
2 0.921667 0.287333 0.156667 0.121333
2 0.862333 0.206333 0.110000 0.100667
2 0.939667 0.132667 0.055333 0.050667
3 0.957000 0.187333 0.086000 0.080000
2 0.887667 0.076667 0.107333 0.086667
2 0.739333 0.221667 0.136000 0.126000
2 0.768333 0.102000 0.164667 0.138667
0 0.931667 0.383000 0.107333 0.111333
0 0.704333 0.602000 0.100667 0.085333
0 0.524667 0.621333 0.097333 0.094667
0 0.119667 0.762667 0.091333 0.074667
0 0.368333 0.943333 0.070000 0.069333
0 0.640667 0.356667 0.062667 0.094667
0 0.895333 0.714333 0.082667 0.123333
0 0.093333 0.459333 0.066667 0.054667
0 0.374000 0.264667 0.090667 0.101333
0 0.574000 0.279000 0.070667 0.056667
0 0.407667 0.067000 0.098000 0.132667
2 0.946333 0.864333 0.107333 0.152667
3 0.635000 0.953667 0.131333 0.092667
2 0.197000 0.042667 0.116667 0.084000
2 0.037333 0.734667 0.073333 0.112000
2 0.067000 0.971667 0.104667 0.056667
2 0.264000 0.960667 0.141333 0.078667
