1 0.918333 0.949667 0.150000 0.098000
1 0.786333 0.942667 0.124667 0.113333
1 0.839333 0.871667 0.129333 0.115333
1 0.914667 0.795333 0.120000 0.124000
1 0.846667 0.741667 0.121333 0.126000
1 0.719000 0.881667 0.107333 0.132667
1 0.563333 0.925000 0.106667 0.120667
1 0.656333 0.954667 0.107333 0.089333
1 0.627333 0.838667 0.116000 0.113333
1 0.699667 0.785667 0.130000 0.118000
1 0.529333 0.812667 0.084000 0.072000
1 0.485000 0.894333 0.110000 0.122000
1 0.376667 0.883333 0.128000 0.116000
1 0.322333 0.947333 0.130000 0.102667
1 0.277667 0.846333 0.100667 0.106000
1 0.382667 0.770000 0.166667 0.152000
1 0.289667 0.715000 0.080667 0.106000
1 0.412667 0.679667 0.109333 0.111333
1 0.493667 0.729000 0.102000 0.115333
1 0.595333 0.739667 0.105333 0.114000
1 0.921667 0.658333 0.130000 0.136667
1 0.821000 0.623667 0.100667 0.092667
1 0.749667 0.701000 0.110000 0.128667
1 0.681000 0.633000 0.147333 0.156667
1 0.612667 0.575667 0.110667 0.106000
1 0.550333 0.640333 0.110000 0.116667
1 0.343333 0.630667 0.121333 0.117333
1 0.471333 0.589667 0.096000 0.102000
1 0.964333 0.570333 0.068667 0.106000
1 0.898667 0.548667 0.124000 0.117333
1 0.796333 0.513333 0.135333 0.133333
1 0.688667 0.507333 0.088000 0.092000
1 0.615000 0.458000 0.099333 0.118667
3 0.688667 0.392667 0.045333 0.046667
1 0.546333 0.525667 0.079333 0.090000
1 0.395333 0.542333 0.098667 0.111333
1 0.311667 0.515333 0.100667 0.116000
1 0.389667 0.446667 0.082000 0.090667
1 0.327000 0.390333 0.080667 0.087333
1 0.485333 0.468000 0.113333 0.106667
1 0.944000 0.445333 0.108000 0.150667
1 0.853333 0.416667 0.097333 0.105333
1 0.758667 0.426000 0.140000 0.117333
1 0.808333 0.318000 0.142000 0.118667
1 0.874667 0.236667 0.120000 0.125333
1 0.804000 0.204000 0.054667 0.080000
1 0.766333 0.207000 0.035333 0.055333
1 0.732667 0.293667 0.101333 0.116667
1 0.611667 0.326000 0.138000 0.144000
1 0.511667 0.279667 0.102000 0.090000
1 0.474000 0.372667 0.100000 0.100000
1 0.556000 0.402333 0.098667 0.080667
1 0.397000 0.339667 0.115333 0.111333
1 0.944000 0.167000 0.101333 0.082000
1 0.728333 0.154667 0.164667 0.153333
1 0.583667 0.189000 0.134000 0.150000
1 0.450333 0.236333 0.143333 0.118000
1 0.320000 0.223667 0.129333 0.128667
1 0.382333 0.128667 0.130000 0.116000
1 0.483333 0.142667 0.125333 0.122667
1 0.620667 0.089667 0.149333 0.118000
1 0.785000 0.074000 0.120667 0.120000
2 0.932333 0.066667 0.132667 0.133333
1 0.465667 0.049333 0.147333 0.098667
1 0.253000 0.054333 0.082000 0.080667
1 0.223000 0.135333 0.132667 0.124000
1 0.137667 0.079000 0.136667 0.122000
1 0.074667 0.159000 0.088000 0.092667
1 0.140000 0.199333 0.137333 0.122667
1 0.261000 0.313000 0.118000 0.104667
1 0.187667 0.263000 0.136667 0.122000
1 0.065667 0.282000 0.108667 0.125333
1 0.126333 0.338000 0.072667 0.070667
1 0.174000 0.384000 0.124000 0.141333
1 0.239000 0.443333 0.104667 0.112000
1 0.062667 0.400667 0.113333 0.101333
1 0.052333 0.515667 0.099333 0.131333
1 0.166000 0.533000 0.140000 0.151333
1 0.245667 0.585000 0.104667 0.123333
1 0.106333 0.626333 0.098000 0.092667
1 0.192667 0.675667 0.134667 0.111333
1 0.213667 0.777333 0.116667 0.124000
1 0.124000 0.740000 0.092000 0.093333
1 0.065667 0.690667 0.086000 0.098667
1 0.081667 0.809333 0.112667 0.124000
1 0.217333 0.925667 0.118667 0.115333
1 0.153000 0.848667 0.122000 0.113333
1 0.089667 0.927333 0.134000 0.133333
0 0.160333 0.950000 0.075333 0.050667
2 0.969333 0.884000 0.060000 0.144000
2 0.691667 0.036333 0.095333 0.072667
2 0.044667 0.612333 0.089333 0.098000
