1 0.918333 0.050333 0.150000 0.098000
1 0.786333 0.057333 0.124667 0.113333
1 0.839333 0.128333 0.129333 0.115333
1 0.914667 0.204667 0.120000 0.124000
1 0.846667 0.258333 0.121333 0.126000
1 0.719000 0.118333 0.107333 0.132667
1 0.563333 0.075000 0.106667 0.120667
1 0.656333 0.045333 0.107333 0.089333
1 0.627333 0.161333 0.116000 0.113333
1 0.699667 0.214333 0.130000 0.118000
1 0.529333 0.187333 0.084000 0.072000
1 0.485000 0.105667 0.110000 0.122000
1 0.376667 0.116667 0.128000 0.116000
1 0.322333 0.052667 0.130000 0.102667
1 0.277667 0.153667 0.100667 0.106000
1 0.382667 0.230000 0.166667 0.152000
1 0.289667 0.285000 0.080667 0.106000
1 0.412667 0.320333 0.109333 0.111333
1 0.493667 0.271000 0.102000 0.115333
1 0.595333 0.260333 0.105333 0.114000
1 0.921667 0.341667 0.130000 0.136667
1 0.821000 0.376333 0.100667 0.092667
1 0.749667 0.299000 0.110000 0.128667
1 0.681000 0.367000 0.147333 0.156667
1 0.612667 0.424333 0.110667 0.106000
1 0.550333 0.359667 0.110000 0.116667
1 0.343333 0.369333 0.121333 0.117333
1 0.471333 0.410333 0.096000 0.102000
1 0.964333 0.429667 0.068667 0.106000
1 0.898667 0.451333 0.124000 0.117333
1 0.796333 0.486667 0.135333 0.133333
1 0.688667 0.492667 0.088000 0.092000
1 0.615000 0.542000 0.099333 0.118667
3 0.688667 0.607333 0.045333 0.046667
1 0.546333 0.474333 0.079333 0.090000
1 0.395333 0.457667 0.098667 0.111333
1 0.311667 0.484667 0.100667 0.116000
1 0.389667 0.553333 0.082000 0.090667
1 0.327000 0.609667 0.080667 0.087333
1 0.485333 0.532000 0.113333 0.106667
1 0.944000 0.554667 0.108000 0.150667
1 0.853333 0.583333 0.097333 0.105333
1 0.758667 0.574000 0.140000 0.117333
1 0.808333 0.682000 0.142000 0.118667
1 0.874667 0.763333 0.120000 0.125333
1 0.804000 0.796000 0.054667 0.080000
1 0.766333 0.793000 0.035333 0.055333
1 0.732667 0.706333 0.101333 0.116667
1 0.611667 0.674000 0.138000 0.144000
1 0.511667 0.720333 0.102000 0.090000
1 0.474000 0.627333 0.100000 0.100000
1 0.556000 0.597667 0.098667 0.080667
1 0.397000 0.660333 0.115333 0.111333
1 0.944000 0.833000 0.101333 0.082000
1 0.728333 0.845333 0.164667 0.153333
1 0.583667 0.811000 0.134000 0.150000
1 0.450333 0.763667 0.143333 0.118000
1 0.320000 0.776333 0.129333 0.128667
1 0.382333 0.871333 0.130000 0.116000
1 0.483333 0.857333 0.125333 0.122667
1 0.620667 0.910333 0.149333 0.118000
1 0.785000 0.926000 0.120667 0.120000
2 0.932333 0.933333 0.132667 0.133333
1 0.465667 0.950667 0.147333 0.098667
1 0.253000 0.945667 0.082000 0.080667
1 0.223000 0.864667 0.132667 0.124000
1 0.137667 0.921000 0.136667 0.122000
1 0.074667 0.841000 0.088000 0.092667
1 0.140000 0.800667 0.137333 0.122667
1 0.261000 0.687000 0.118000 0.104667
1 0.187667 0.737000 0.136667 0.122000
1 0.065667 0.718000 0.108667 0.125333
1 0.126333 0.662000 0.072667 0.070667
1 0.174000 0.616000 0.124000 0.141333
1 0.239000 0.556667 0.104667 0.112000
1 0.062667 0.599333 0.113333 0.101333
1 0.052333 0.484333 0.099333 0.131333
1 0.166000 0.467000 0.140000 0.151333
1 0.245667 0.415000 0.104667 0.123333
1 0.106333 0.373667 0.098000 0.092667
1 0.192667 0.324333 0.134667 0.111333
1 0.213667 0.222667 0.116667 0.124000
1 0.124000 0.260000 0.092000 0.093333
1 0.065667 0.309333 0.086000 0.098667
1 0.081667 0.190667 0.112667 0.124000
1 0.217333 0.074333 0.118667 0.115333
1 0.153000 0.151333 0.122000 0.113333
1 0.089667 0.072667 0.134000 0.133333
0 0.160333 0.050000 0.075333 0.050667
2 0.969333 0.116000 0.060000 0.144000
2 0.691667 0.963667 0.095333 0.072667
2 0.044667 0.387667 0.089333 0.098000
