1 0.949667 0.081667 0.098000 0.150000
1 0.942667 0.213667 0.113333 0.124667
1 0.871667 0.160667 0.115333 0.129333
1 0.795333 0.085333 0.124000 0.120000
1 0.741667 0.153333 0.126000 0.121333
1 0.881667 0.281000 0.132667 0.107333
1 0.925000 0.436667 0.120667 0.106667
1 0.954667 0.343667 0.089333 0.107333
1 0.838667 0.372667 0.113333 0.116000
1 0.785667 0.300333 0.118000 0.130000
1 0.812667 0.470667 0.072000 0.084000
1 0.894333 0.515000 0.122000 0.110000
1 0.883333 0.623333 0.116000 0.128000
1 0.947333 0.677667 0.102667 0.130000
1 0.846333 0.722333 0.106000 0.100667
1 0.770000 0.617333 0.152000 0.166667
1 0.715000 0.710333 0.106000 0.080667
1 0.679667 0.587333 0.111333 0.109333
1 0.729000 0.506333 0.115333 0.102000
1 0.739667 0.404667 0.114000 0.105333
1 0.658333 0.078333 0.136667 0.130000
1 0.623667 0.179000 0.092667 0.100667
1 0.701000 0.250333 0.128667 0.110000
1 0.633000 0.319000 0.156667 0.147333
1 0.575667 0.387333 0.106000 0.110667
1 0.640333 0.449667 0.116667 0.110000
1 0.630667 0.656667 0.117333 0.121333
1 0.589667 0.528667 0.102000 0.096000
1 0.570333 0.035667 0.106000 0.068667
1 0.548667 0.101333 0.117333 0.124000
1 0.513333 0.203667 0.133333 0.135333
1 0.507333 0.311333 0.092000 0.088000
1 0.458000 0.385000 0.118667 0.099333
3 0.392667 0.311333 0.046667 0.045333
1 0.525667 0.453667 0.090000 0.079333
1 0.542333 0.604667 0.111333 0.098667
1 0.515333 0.688333 0.116000 0.100667
1 0.446667 0.610333 0.090667 0.082000
1 0.390333 0.673000 0.087333 0.080667
1 0.468000 0.514667 0.106667 0.113333
1 0.445333 0.056000 0.150667 0.108000
1 0.416667 0.146667 0.105333 0.097333
1 0.426000 0.241333 0.117333 0.140000
1 0.318000 0.191667 0.118667 0.142000
1 0.236667 0.125333 0.125333 0.120000
1 0.204000 0.196000 0.080000 0.054667
1 0.207000 0.233667 0.055333 0.035333
1 0.293667 0.267333 0.116667 0.101333
1 0.326000 0.388333 0.144000 0.138000
1 0.279667 0.488333 0.090000 0.102000
1 0.372667 0.526000 0.100000 0.100000
1 0.402333 0.444000 0.080667 0.098667
1 0.339667 0.603000 0.111333 0.115333
1 0.167000 0.056000 0.082000 0.101333
1 0.154667 0.271667 0.153333 0.164667
1 0.189000 0.416333 0.150000 0.134000
1 0.236333 0.549667 0.118000 0.143333
1 0.223667 0.680000 0.128667 0.129333
1 0.128667 0.617667 0.116000 0.130000
1 0.142667 0.516667 0.122667 0.125333
1 0.089667 0.379333 0.118000 0.149333
1 0.074000 0.215000 0.120000 0.120667
2 0.066667 0.067667 0.133333 0.132667
1 0.049333 0.534333 0.098667 0.147333
1 0.054333 0.747000 0.080667 0.082000
1 0.135333 0.777000 0.124000 0.132667
1 0.079000 0.862333 0.122000 0.136667
1 0.159000 0.925333 0.092667 0.088000
1 0.199333 0.860000 0.122667 0.137333
1 0.313000 0.739000 0.104667 0.118000
1 0.263000 0.812333 0.122000 0.136667
1 0.282000 0.934333 0.125333 0.108667
1 0.338000 0.873667 0.070667 0.072667
1 0.384000 0.826000 0.141333 0.124000
1 0.443333 0.761000 0.112000 0.104667
1 0.400667 0.937333 0.101333 0.113333
1 0.515667 0.947667 0.131333 0.099333
1 0.533000 0.834000 0.151333 0.140000
1 0.585000 0.754333 0.123333 0.104667
1 0.626333 0.893667 0.092667 0.098000
1 0.675667 0.807333 0.111333 0.134667
1 0.777333 0.786333 0.124000 0.116667
1 0.740000 0.876000 0.093333 0.092000
1 0.690667 0.934333 0.098667 0.086000
1 0.809333 0.918333 0.124000 0.112667
1 0.925667 0.782667 0.115333 0.118667
1 0.848667 0.847000 0.113333 0.122000
1 0.927333 0.910333 0.133333 0.134000
0 0.950000 0.839667 0.050667 0.075333
2 0.884000 0.030667 0.144000 0.060000
2 0.036333 0.308333 0.072667 0.095333
2 0.612333 0.955333 0.098000 0.089333
