0 0.387333 0.569667 0.161333 0.198000
0 0.257000 0.566667 0.155333 0.176000
0 0.344667 0.352333 0.242667 0.252667
0 0.147333 0.151000 0.293333 0.271333
0 0.149000 0.378667 0.198000 0.192000
0 0.101000 0.508667 0.200667 0.198667
0 0.309333 0.780667 0.176000 0.228000
0 0.179000 0.838333 0.190000 0.226000
0 0.453000 0.793667 0.147333 0.198000
0 0.565000 0.684000 0.178000 0.228000
0 0.655000 0.556333 0.131333 0.135333
0 0.749667 0.606000 0.131333 0.129333
0 0.696333 0.729333 0.162000 0.189333
0 0.619333 0.884000 0.246667 0.232000
0 0.804333 0.934333 0.131333 0.131333
0 0.818333 0.835333 0.131333 0.122667
0 0.897667 0.794667 0.204667 0.182667
0 0.594333 0.380000 0.264667 0.290667
0 0.528667 0.178667 0.145333 0.184000
0 0.813333 0.371667 0.242667 0.226000
0 0.925667 0.388667 0.131333 0.188000
0 0.875333 0.604000 0.180000 0.157333
0 0.891333 0.501000 0.216000 0.166000
0 0.935000 0.670333 0.130000 0.136667
0 0.660000 0.147667 0.141333 0.178000
0 0.710000 0.073000 0.150667 0.144667
0 0.812333 0.118667 0.167333 0.236000
0 0.340667 0.934333 0.246667 0.131333
