2 0.082667 0.097000 0.076000 0.080667
2 0.155000 0.105667 0.070000 0.072667
2 0.212333 0.214333 0.122000 0.116667
2 0.112333 0.276333 0.106000 0.128667
2 0.201333 0.307333 0.077333 0.073333
2 0.102667 0.367333 0.076000 0.076000
3 0.079000 0.441667 0.103333 0.090000
0 0.309667 0.279667 0.155333 0.151333
0 0.398333 0.344667 0.075333 0.082667
0 0.421667 0.262667 0.068667 0.048000
0 0.479000 0.279000 0.119333 0.178000
0 0.434667 0.588667 0.172000 0.196000
0 0.299333 0.835333 0.244000 0.220000
0 0.292333 0.650333 0.230000 0.210000
0 0.517333 0.768667 0.212000 0.228000
0 0.584000 0.488000 0.184000 0.172000
0 0.497333 0.448333 0.118667 0.174000
0 0.704667 0.411000 0.145333 0.155333
0 0.696333 0.632333 0.182000 0.242000
0 0.823667 0.783667 0.206000 0.190000
0 0.897333 0.686667 0.090667 0.137333
0 0.945667 0.458667 0.099333 0.121333
0 0.923667 0.349667 0.095333 0.092667
0 0.862000 0.412333 0.085333 0.072667
0 0.778000 0.298000 0.102667 0.118667
0 0.663000 0.250333 0.159333 0.178000
0 0.884333 0.236333 0.104667 0.112667
0 0.421000 0.056000 0.134000 0.110667
0 0.664000 0.101333 0.089333 0.133333
0 0.720667 0.147667 0.117333 0.088667
0 0.666000 0.829333 0.145333 0.144000
0 0.816667 0.883667 0.172000 0.127333
0 0.497333 0.929333 0.188000 0.141333
0 0.111000 0.623000 0.220667 0.204667
0 0.235667 0.432333 0.218000 0.194000
0 0.124667 0.861667 0.238667 0.276667
0 0.548667 0.031667 0.081333 0.062000
0 0.943000 0.116667 0.114000 0.158667
0 0.970000 0.243333 0.054667 0.082667
2 0.027333 0.078333 0.053333 0.083333
