0 0.367000 0.261667 0.202000 0.232667
0 0.551000 0.161667 0.178000 0.234000
0 0.557000 0.399000 0.242000 0.232667
0 0.332667 0.503333 0.282667 0.262667
0 0.328667 0.709333 0.286667 0.262667
0 0.477000 0.704000 0.038000 0.050667
0 0.546667 0.788667 0.133333 0.184000
0 0.149667 0.804000 0.298000 0.290667
0 0.602333 0.930333 0.220667 0.139333
0 0.550000 0.585667 0.216000 0.174000
0 0.761000 0.376667 0.194000 0.172000
0 0.855667 0.458667 0.214000 0.226667
0 0.744667 0.597667 0.238667 0.198000
0 0.689333 0.743667 0.176000 0.190000
0 0.846667 0.749667 0.232000 0.210000
0 0.772000 0.193000 0.289333 0.260667
0 0.117333 0.322000 0.233333 0.325333
0 0.924667 0.591000 0.133333 0.115333
