2 0.128333 0.087667 0.159333 0.132667
2 0.291000 0.100000 0.131333 0.152000
2 0.306000 0.235333 0.069333 0.128000
2 0.224667 0.221333 0.104000 0.146667
2 0.122000 0.222667 0.117333 0.132000
2 0.512000 0.242333 0.170667 0.216667
2 0.634667 0.074000 0.144000 0.085333
2 0.644667 0.176000 0.157333 0.152000
2 0.733000 0.222667 0.110000 0.142667
2 0.641667 0.294333 0.136667 0.119333
2 0.420000 0.106000 0.102667 0.097333
2 0.174333 0.360667 0.127333 0.120000
2 0.195333 0.480333 0.169333 0.158000
2 0.075000 0.494667 0.088667 0.086667
3 0.462333 0.412333 0.143333 0.130000
2 0.492333 0.522333 0.122000 0.119333
2 0.396000 0.535333 0.089333 0.118667
2 0.379333 0.602667 0.069333 0.069333
2 0.315667 0.514667 0.083333 0.101333
2 0.193333 0.601667 0.146667 0.098000
2 0.633333 0.396667 0.157333 0.136000
2 0.724333 0.439667 0.072667 0.080667
2 0.623000 0.491333 0.140667 0.114667
2 0.717000 0.532000 0.102000 0.118667
2 0.622000 0.599000 0.124000 0.119333
3 0.719667 0.638333 0.112667 0.122000
2 0.073333 0.588000 0.121333 0.114667
2 0.048667 0.708333 0.096000 0.132667
2 0.139333 0.726333 0.116000 0.160667
2 0.275667 0.796333 0.099333 0.082000
2 0.246000 0.700000 0.108000 0.158667
2 0.354000 0.700000 0.126667 0.141333
2 0.467333 0.700000 0.126667 0.124000
2 0.465000 0.807667 0.151333 0.119333
2 0.370333 0.886000 0.116667 0.153333
2 0.163667 0.871667 0.071333 0.079333
2 0.248333 0.890667 0.127333 0.108000
2 0.609333 0.773667 0.112000 0.102000
2 0.599000 0.867333 0.132667 0.113333
3 0.591333 0.958333 0.110667 0.083333
2 0.478000 0.907333 0.116000 0.093333
3 0.716667 0.823000 0.120000 0.120667
2 0.711667 0.938333 0.131333 0.122000
2 0.814333 0.891000 0.102000 0.116667
3 0.897667 0.899000 0.072667 0.080667
2 0.899000 0.829000 0.058000 0.059333
2 0.902333 0.754000 0.136667 0.093333
2 0.908667 0.665000 0.145333 0.118000
3 0.803333 0.697333 0.128000 0.120000
2 0.804667 0.571000 0.124000 0.156667
2 0.909667 0.548000 0.112667 0.122667
2 0.901000 0.459667 0.087333 0.058000
2 0.925333 0.382000 0.125333 0.122667
2 0.823667 0.380000 0.116667 0.132000
2 0.846333 0.259667 0.119333 0.143333
3 0.945667 0.271333 0.108667 0.121333
2 0.939000 0.171667 0.100667 0.111333
2 0.949667 0.089667 0.056667 0.068667
0 0.627000 0.693000 0.112667 0.092667
0 0.811000 0.803000 0.088667 0.099333
0 0.730333 0.366667 0.072667 0.090667
0 0.795667 0.143333 0.103333 0.113333
0 0.382667 0.291000 0.117333 0.088667
0 0.317000 0.417000 0.119333 0.123333
0 0.851333 0.087000 0.117333 0.100667
0 0.392667 0.197667 0.113333 0.118000
0 0.549000 0.612000 0.087333 0.089333
0 0.872000 0.031000 0.088000 0.060667
2 0.070667 0.329667 0.140000 0.103333
2 0.033667 0.210667 0.066000 0.114667
2 0.060667 0.898333 0.120000 0.120667
2 0.053000 0.813333 0.103333 0.112000
2 0.301667 0.952667 0.138000 0.094667
3 0.123667 0.958000 0.132667 0.084000
