2 0.058000 0.126667 0.092000 0.106667
2 0.142000 0.136333 0.097333 0.091333
2 0.147000 0.071667 0.090000 0.067333
2 0.219000 0.082000 0.070000 0.078667
2 0.243000 0.139333 0.068667 0.065333
2 0.309333 0.066667 0.109333 0.129333
2 0.379667 0.113000 0.044667 0.052667
2 0.448667 0.050000 0.120000 0.098667
2 0.586667 0.051000 0.120000 0.100667
2 0.703000 0.059333 0.040667 0.041333
2 0.332667 0.162000 0.056000 0.056000
2 0.450667 0.174667 0.170667 0.174667
2 0.441667 0.307000 0.071333 0.070000
2 0.380333 0.228333 0.078000 0.092667
2 0.175333 0.202667 0.069333 0.073333
2 0.270667 0.213333 0.136000 0.144000
2 0.332333 0.299000 0.144667 0.107333
2 0.338667 0.374000 0.080000 0.077333
3 0.244333 0.356000 0.066000 0.053333
2 0.037333 0.310667 0.073333 0.108000
2 0.118333 0.279667 0.111333 0.099333
2 0.152000 0.341333 0.101333 0.093333
2 0.096667 0.411667 0.110667 0.119333
2 0.186000 0.426333 0.086667 0.102000
2 0.288667 0.431333 0.142667 0.132000
2 0.385667 0.457000 0.060667 0.056667
2 0.466667 0.460667 0.082667 0.064000
2 0.755667 0.154667 0.062000 0.078667
2 0.668667 0.192333 0.164000 0.143333
2 0.733667 0.280667 0.063333 0.073333
2 0.648667 0.290667 0.112000 0.072000
2 0.484000 0.382667 0.062667 0.060000
2 0.574667 0.490667 0.066667 0.060000
2 0.588000 0.381333 0.176000 0.166667
2 0.696667 0.373333 0.058667 0.062667
2 0.704333 0.459333 0.130000 0.161333
2 0.361333 0.502667 0.062667 0.046667
2 0.159000 0.513000 0.067333 0.070000
2 0.080667 0.537000 0.093333 0.079333
2 0.251000 0.529667 0.118000 0.104667
1 0.201333 0.608667 0.113333 0.108000
2 0.624000 0.591333 0.061333 0.061333
2 0.459667 0.525667 0.088667 0.075333
2 0.442333 0.576333 0.111333 0.092667
2 0.522333 0.613667 0.120667 0.138000
1 0.578333 0.676000 0.104667 0.120000
2 0.322667 0.591667 0.084000 0.084667
2 0.102667 0.661667 0.169333 0.167333
2 0.044333 0.743000 0.083333 0.075333
2 0.736667 0.627000 0.086667 0.114000
1 0.678333 0.675333 0.110000 0.110667
1 0.465333 0.706000 0.124000 0.146667
2 0.385667 0.657667 0.098000 0.100667
2 0.292000 0.660000 0.106667 0.112000
1 0.256333 0.751333 0.135333 0.172000
2 0.357333 0.745667 0.077333 0.079333
2 0.428333 0.797000 0.046000 0.048667
1 0.386667 0.892000 0.164000 0.190667
2 0.303000 0.947333 0.072667 0.097333
2 0.241000 0.909667 0.103333 0.099333
2 0.174333 0.835000 0.152667 0.179333
2 0.042000 0.979000 0.046667 0.038000
2 0.535000 0.783333 0.103333 0.096000
2 0.609333 0.785000 0.064000 0.104667
2 0.583333 0.755000 0.046667 0.047333
2 0.676000 0.767333 0.104000 0.100000
2 0.756667 0.760000 0.073333 0.097333
2 0.693333 0.848333 0.114667 0.078000
2 0.482000 0.914000 0.049333 0.052000
2 0.508333 0.859000 0.108667 0.120667
2 0.603000 0.905333 0.122000 0.145333
1 0.702000 0.929333 0.116000 0.104000
2 0.786333 0.877000 0.098000 0.102000
2 0.841333 0.791000 0.161333 0.174000
2 0.829667 0.941333 0.114000 0.116000
2 0.899333 0.967667 0.045333 0.064667
2 0.960333 0.907000 0.063333 0.086000
2 0.916333 0.885667 0.075333 0.058000
2 0.902333 0.851000 0.052667 0.067333
2 0.807000 0.692667 0.063333 0.058667
2 0.909333 0.716333 0.072000 0.055333
2 0.946667 0.768667 0.078667 0.088000
2 0.830333 0.599667 0.130000 0.135333
2 0.894667 0.632333 0.098667 0.111333
2 0.944333 0.573000 0.066000 0.063333
2 0.783667 0.477333 0.043333 0.058667
2 0.778667 0.396333 0.074667 0.110000
2 0.895333 0.489000 0.165333 0.120667
2 0.950333 0.411333 0.052667 0.045333
2 0.967667 0.452000 0.048667 0.041333
2 0.878667 0.381667 0.140000 0.138000
2 0.808000 0.322000 0.084000 0.080000
2 0.855000 0.275000 0.043333 0.038000
2 0.900333 0.213667 0.111333 0.118000
2 0.838667 0.147333 0.088000 0.078667
2 0.766000 0.075000 0.098667 0.087333
2 0.868333 0.062333 0.091333 0.086000
0 0.114000 0.928333 0.133333 0.119333
0 0.557333 0.162333 0.102667 0.131333
0 0.946000 0.166000 0.108000 0.121333
0 0.223667 0.026333 0.084667 0.051333
0 0.505667 0.326000 0.064667 0.058667
0 0.747333 0.019667 0.056000 0.038000
0 0.367333 0.563333 0.066667 0.073333
2 0.053667 0.849667 0.106000 0.155333
2 0.969333 0.663000 0.061333 0.112667
2 0.958333 0.056000 0.083333 0.110667
