3 0.186000 0.054667 0.084000 0.088000
3 0.342667 0.126667 0.098667 0.121333
3 0.448000 0.092333 0.070667 0.071333
3 0.437333 0.157000 0.080000 0.090000
3 0.515333 0.120333 0.056000 0.064667
3 0.417667 0.227333 0.067333 0.072000
3 0.494000 0.206667 0.092000 0.098667
3 0.461667 0.300333 0.058000 0.070000
3 0.665333 0.258000 0.070667 0.064000
3 0.531667 0.066333 0.032667 0.034000
2 0.629333 0.057667 0.108000 0.112667
3 0.889333 0.057000 0.072000 0.099333
3 0.803000 0.056000 0.102000 0.110667
2 0.921000 0.144000 0.079333 0.082667
0 0.454333 0.416000 0.163333 0.157333
0 0.606000 0.382667 0.200000 0.188000
0 0.753333 0.460667 0.164000 0.161333
0 0.688667 0.544333 0.160000 0.123333
0 0.573667 0.618000 0.308667 0.254667
0 0.726000 0.756667 0.169333 0.204000
0 0.613000 0.814333 0.154000 0.186000
0 0.202667 0.283667 0.384000 0.378000
3 0.359000 0.038667 0.084667 0.076000
