1 0.054333 0.143000 0.106000 0.154000
1 0.147667 0.114000 0.118000 0.164000
1 0.259000 0.113000 0.138000 0.160667
2 0.369000 0.109000 0.088667 0.110000
1 0.471667 0.101667 0.116667 0.116667
2 0.607000 0.087667 0.160667 0.168667
2 0.706333 0.078000 0.064667 0.088000
1 0.071333 0.261000 0.138667 0.132667
1 0.284333 0.250333 0.108667 0.144667
2 0.377000 0.234667 0.139333 0.152000
1 0.528333 0.202667 0.178000 0.153333
1 0.666000 0.276000 0.102667 0.152000
1 0.558667 0.309333 0.125333 0.149333
1 0.450667 0.326000 0.110667 0.102667
1 0.340333 0.346333 0.098000 0.107333
1 0.100000 0.401667 0.188000 0.159333
2 0.215667 0.450667 0.130000 0.114667
2 0.467667 0.433333 0.180667 0.136000
2 0.595667 0.411333 0.072667 0.062667
1 0.684000 0.392000 0.113333 0.117333
2 0.050000 0.501000 0.097333 0.100667
2 0.061000 0.611000 0.119333 0.123333
2 0.163000 0.571667 0.135333 0.136667
2 0.335000 0.539000 0.108667 0.124667
1 0.439000 0.542667 0.099333 0.104000
2 0.548667 0.523000 0.092000 0.098000
1 0.635000 0.488667 0.127333 0.113333
1 0.747000 0.469000 0.067333 0.054000
1 0.728333 0.523667 0.106000 0.098000
2 0.654000 0.582000 0.126667 0.105333
2 0.563667 0.613000 0.072667 0.086000
2 0.620000 0.654000 0.076000 0.072000
2 0.529000 0.669000 0.067333 0.066000
2 0.487667 0.604667 0.083333 0.092000
2 0.393667 0.637667 0.107333 0.106000
2 0.271333 0.625000 0.092000 0.114000
1 0.032667 0.711000 0.058667 0.062000
1 0.090000 0.698000 0.073333 0.113333
2 0.169333 0.692667 0.094667 0.110667
2 0.277667 0.727667 0.086000 0.098000
2 0.362000 0.719000 0.100000 0.122000
2 0.470667 0.694333 0.102667 0.092667
2 0.646000 0.729000 0.114667 0.111333
2 0.057000 0.874333 0.107333 0.114000
2 0.057333 0.957000 0.077333 0.059333
2 0.136333 0.849000 0.120667 0.190000
2 0.237000 0.831333 0.118000 0.157333
2 0.230667 0.941333 0.121333 0.078667
2 0.351333 0.929333 0.120000 0.086667
2 0.351000 0.841333 0.128667 0.125333
2 0.481000 0.817000 0.163333 0.160667
2 0.625333 0.864333 0.157333 0.160667
2 0.710333 0.963000 0.076667 0.058000
2 0.621333 0.960667 0.092000 0.078667
2 0.738000 0.871333 0.118667 0.145333
2 0.812000 0.940000 0.077333 0.073333
2 0.829333 0.854000 0.088000 0.104000
2 0.909667 0.906667 0.108667 0.117333
2 0.908333 0.816000 0.099333 0.086667
2 0.772667 0.720000 0.173333 0.156000
2 0.938667 0.759333 0.122667 0.092000
1 0.774333 0.619667 0.139333 0.103333
1 0.847000 0.564000 0.114000 0.116000
1 0.898000 0.511000 0.108000 0.103333
1 0.775667 0.379333 0.110000 0.125333
1 0.841000 0.444667 0.110000 0.110667
1 0.941333 0.423667 0.108000 0.112667
1 0.880333 0.358667 0.120667 0.125333
1 0.728333 0.170000 0.134000 0.109333
1 0.761000 0.267333 0.127333 0.109333
2 0.861000 0.217333 0.138000 0.168000
1 0.959333 0.202333 0.081333 0.132667
1 0.898000 0.125667 0.136000 0.091333
1 0.799667 0.071000 0.151333 0.140667
2 0.913000 0.035333 0.078000 0.068000
0 0.279333 0.380667 0.078667 0.074667
0 0.323667 0.446333 0.119333 0.080667
0 0.469000 0.921000 0.119333 0.088667
0 0.132667 0.488000 0.072000 0.068000
2 0.526333 0.949333 0.136667 0.101333
2 0.921333 0.645667 0.157333 0.200667
1 0.969667 0.309667 0.060667 0.123333
