3 0.113333 0.162333 0.186667 0.172667
3 0.229667 0.106667 0.060667 0.048000
2 0.078667 0.286000 0.145333 0.121333
3 0.190333 0.274333 0.063333 0.063333
3 0.088333 0.373000 0.075333 0.059333
3 0.171000 0.369667 0.075333 0.079333
3 0.436000 0.221333 0.078667 0.082667
2 0.519333 0.233000 0.093333 0.120667
3 0.559000 0.098667 0.056667 0.064000
2 0.634333 0.160000 0.172667 0.145333
2 0.635667 0.263000 0.130000 0.100667
2 0.591667 0.343000 0.119333 0.096667
2 0.412000 0.316667 0.173333 0.168000
2 0.278667 0.357000 0.096000 0.088667
3 0.147000 0.441000 0.082000 0.064667
2 0.345667 0.441667 0.116667 0.107333
2 0.465333 0.453000 0.138667 0.168667
2 0.581667 0.450333 0.103333 0.111333
2 0.695333 0.383333 0.114667 0.126667
3 0.541667 0.548667 0.087333 0.068000
3 0.103000 0.540333 0.082000 0.090000
2 0.215333 0.543333 0.145333 0.142667
2 0.360667 0.564000 0.132000 0.122667
2 0.676667 0.489667 0.132000 0.092667
2 0.627000 0.564000 0.084667 0.066667
2 0.592333 0.728333 0.103333 0.087333
2 0.713000 0.695333 0.135333 0.100000
2 0.698333 0.777667 0.146000 0.098000
2 0.685000 0.855667 0.140667 0.082000
2 0.500000 0.757333 0.053333 0.053333
2 0.422000 0.755333 0.106667 0.146667
2 0.302333 0.764000 0.126000 0.156000
2 0.074000 0.642000 0.097333 0.080000
2 0.197333 0.668333 0.144000 0.111333
3 0.533333 0.626000 0.098667 0.077333
2 0.628333 0.640000 0.114000 0.090667
3 0.584000 0.802333 0.060000 0.056667
2 0.182000 0.772000 0.145333 0.104000
2 0.058667 0.742333 0.112000 0.102000
3 0.049000 0.909667 0.066000 0.047333
2 0.157000 0.897000 0.120667 0.159333
2 0.291667 0.906000 0.144667 0.145333
2 0.485667 0.882000 0.114000 0.116000
2 0.654000 0.940000 0.129333 0.110667
2 0.774667 0.914333 0.105333 0.132667
2 0.872000 0.890333 0.112000 0.115333
2 0.962333 0.946000 0.075333 0.080000
2 0.746667 0.588000 0.148000 0.138667
2 0.868000 0.622333 0.154667 0.134000
2 0.769333 0.494000 0.078667 0.085333
2 0.865333 0.514000 0.125333 0.113333
2 0.735000 0.203667 0.070000 0.083333
2 0.887333 0.128667 0.122667 0.082667
2 0.953000 0.190667 0.076667 0.101333
2 0.836333 0.221667 0.162000 0.108667
2 0.934333 0.297000 0.119333 0.138000
1 0.791667 0.317667 0.150000 0.098000
2 0.800000 0.403667 0.126667 0.095333
2 0.903667 0.405000 0.114000 0.118000
0 0.267333 0.254667 0.108000 0.086667
0 0.219000 0.455000 0.071333 0.063333
0 0.154333 0.305667 0.051333 0.062000
0 0.362667 0.176667 0.068000 0.086667
0 0.344000 0.131667 0.085333 0.067333
0 0.262667 0.049667 0.084000 0.098000
0 0.337333 0.046000 0.076000 0.090667
0 0.031333 0.353667 0.053333 0.050000
0 0.824000 0.815667 0.052000 0.055333
0 0.870000 0.734333 0.117333 0.124667
0 0.712667 0.077667 0.094667 0.111333
0 0.702000 0.317667 0.053333 0.051333
0 0.442667 0.913333 0.033333 0.048000
0 0.481333 0.811333 0.068000 0.049333
