3 0.220000 0.064333 0.045333 0.054000
3 0.314000 0.067000 0.057333 0.056667
3 0.393333 0.096667 0.050667 0.061333
3 0.374667 0.154000 0.080000 0.065333
3 0.466000 0.170333 0.040000 0.047333
3 0.431333 0.254000 0.061333 0.074667
3 0.481333 0.342000 0.038667 0.042667
2 0.293000 0.152333 0.064667 0.060667
3 0.125000 0.135667 0.066000 0.078000
3 0.208000 0.149000 0.110667 0.123333
3 0.038333 0.205000 0.068667 0.066000
3 0.128333 0.217333 0.050000 0.045333
3 0.403667 0.331333 0.091333 0.094667
3 0.308667 0.308333 0.101333 0.122000
2 0.244333 0.389000 0.090000 0.098000
3 0.334667 0.415000 0.101333 0.096667
2 0.105333 0.373333 0.080000 0.073333
2 0.065000 0.448667 0.122000 0.106667
3 0.181333 0.465000 0.084000 0.111333
2 0.261667 0.490000 0.088667 0.094667
2 0.346333 0.503333 0.123333 0.097333
3 0.466333 0.514000 0.092667 0.100000
3 0.543333 0.510333 0.045333 0.044667
3 0.119667 0.548000 0.038000 0.037333
2 0.197667 0.565667 0.126000 0.107333
3 0.287000 0.580000 0.066000 0.068000
2 0.061000 0.632333 0.118000 0.103333
3 0.146333 0.633667 0.055333 0.062000
3 0.220333 0.640667 0.076667 0.084000
3 0.309333 0.657333 0.114667 0.105333
3 0.533667 0.600333 0.071333 0.075333
3 0.656333 0.703333 0.054000 0.050667
3 0.580333 0.695667 0.083333 0.079333
3 0.496667 0.695667 0.077333 0.083333
2 0.464000 0.787667 0.058667 0.059333
2 0.568333 0.787333 0.047333 0.050667
2 0.308333 0.769000 0.114000 0.094000
2 0.178333 0.730667 0.142000 0.121333
2 0.053667 0.925333 0.079333 0.126667
2 0.126667 0.918000 0.100000 0.118667
3 0.199667 0.922333 0.066000 0.116667
3 0.263333 0.952000 0.089333 0.077333
2 0.288333 0.867000 0.126000 0.107333
2 0.376000 0.884000 0.080000 0.106667
3 0.453667 0.870000 0.088667 0.108000
3 0.601000 0.877667 0.090000 0.084667
3 0.807333 0.788667 0.089333 0.097333
3 0.848000 0.873000 0.082667 0.098000
3 0.946667 0.940667 0.101333 0.106667
3 0.771667 0.880667 0.084667 0.100000
3 0.692667 0.871000 0.093333 0.128667
0 0.219333 0.258667 0.081333 0.084000
0 0.197333 0.311000 0.098667 0.066000
0 0.378333 0.221333 0.075333 0.061333
0 0.083000 0.265667 0.100667 0.074000
0 0.411333 0.610333 0.061333 0.059333
0 0.371333 0.570333 0.061333 0.046000
0 0.525333 0.831333 0.092000 0.106667
0 0.418667 0.717000 0.062667 0.107333
0 0.227000 0.802667 0.087333 0.069333
0 0.072000 0.701000 0.076000 0.064667
0 0.093667 0.753000 0.064667 0.079333
0 0.132333 0.794667 0.066000 0.050667
0 0.608667 0.797000 0.046667 0.074000
0 0.682000 0.747000 0.077333 0.070000
0 0.544333 0.272000 0.032667 0.036000
0 0.530667 0.356667 0.049333 0.053333
0 0.312667 0.245333 0.077333 0.068000
0 0.289000 0.034667 0.067333 0.068000
3 0.045667 0.538333 0.090000 0.100667
3 0.405333 0.963000 0.100000 0.074000
2 0.485667 0.954000 0.091333 0.092000
3 0.566333 0.956000 0.091333 0.088000
