2 0.074667 0.180667 0.148000 0.146667
2 0.133333 0.117667 0.206667 0.234000
2 0.284000 0.125333 0.098667 0.164000
2 0.377000 0.151000 0.135333 0.190000
2 0.489000 0.052667 0.138000 0.104000
2 0.468667 0.156000 0.092000 0.161333
2 0.541667 0.179000 0.148667 0.182000
2 0.652000 0.108000 0.176000 0.213333
2 0.692333 0.190333 0.130000 0.130000
2 0.699667 0.296000 0.151333 0.138667
2 0.120000 0.295000 0.150667 0.144667
2 0.042667 0.411333 0.084000 0.126667
2 0.116333 0.444333 0.139333 0.222000
2 0.079333 0.519000 0.072000 0.068667
2 0.228667 0.446333 0.144000 0.180667
2 0.327000 0.346667 0.118000 0.153333
2 0.455333 0.366333 0.141333 0.175333
2 0.430333 0.485667 0.143333 0.126000
2 0.307333 0.536000 0.090667 0.093333
2 0.084333 0.607000 0.115333 0.111333
2 0.094000 0.675333 0.062667 0.056000
2 0.342333 0.640000 0.170000 0.157333
2 0.348333 0.780667 0.220667 0.200000
2 0.297333 0.856667 0.130667 0.134667
2 0.181333 0.823000 0.141333 0.146000
2 0.205000 0.925333 0.086000 0.116000
2 0.538333 0.878000 0.144667 0.156000
2 0.304000 0.946667 0.114667 0.106667
2 0.739000 0.894667 0.160667 0.210667
2 0.878000 0.919000 0.144000 0.162000
2 0.869667 0.735333 0.143333 0.148000
2 0.860333 0.824333 0.055333 0.050000
2 0.833333 0.555667 0.081333 0.083333
2 0.788667 0.438667 0.130667 0.156000
2 0.884000 0.467333 0.092000 0.128000
2 0.907667 0.357000 0.174000 0.131333
2 0.798333 0.203667 0.108667 0.174000
2 0.868667 0.238000 0.130667 0.166667
2 0.770667 0.090667 0.100000 0.118667
0 0.233000 0.315000 0.096667 0.096667
0 0.592667 0.405000 0.097333 0.095333
0 0.516000 0.576667 0.097333 0.078667
0 0.458333 0.653667 0.135333 0.135333
0 0.196667 0.619000 0.113333 0.147333
0 0.052333 0.767000 0.103333 0.160667
0 0.094000 0.934333 0.133333 0.131333
0 0.567333 0.638333 0.078667 0.092667
0 0.654333 0.635333 0.115333 0.122667
0 0.961000 0.473667 0.078000 0.095333
0 0.345333 0.466667 0.070667 0.085333
0 0.407000 0.255333 0.080667 0.078667
0 0.290667 0.242333 0.074667 0.076667
0 0.949333 0.072667 0.094667 0.117333
0 0.461333 0.840000 0.108000 0.122667
0 0.638000 0.916333 0.108000 0.160667
2 0.357667 0.036667 0.162000 0.072000
2 0.416000 0.954667 0.105333 0.090667
2 0.951000 0.151667 0.098000 0.152667
