2 0.150333 0.063667 0.075333 0.092667
2 0.244000 0.090667 0.113333 0.165333
2 0.361000 0.121333 0.155333 0.149333
2 0.304667 0.225000 0.073333 0.064667
2 0.232667 0.211667 0.089333 0.096667
2 0.152000 0.179333 0.074667 0.081333
2 0.057000 0.152667 0.108667 0.120000
2 0.048667 0.262667 0.096000 0.097333
3 0.110667 0.345667 0.136000 0.103333
2 0.217000 0.392000 0.074000 0.081333
2 0.255333 0.292333 0.066667 0.056667
2 0.131000 0.462667 0.178000 0.137333
3 0.207333 0.608000 0.088000 0.084000
2 0.079000 0.765667 0.112667 0.096667
2 0.114667 0.860333 0.140000 0.122000
2 0.121333 0.943333 0.061333 0.058667
0 0.379333 0.709000 0.278667 0.246000
0 0.508333 0.901000 0.222000 0.198000
0 0.671000 0.904000 0.139333 0.148000
0 0.866333 0.866667 0.267333 0.254667
0 0.700333 0.697667 0.178000 0.264667
0 0.537667 0.501000 0.127333 0.146000
0 0.872333 0.506000 0.255333 0.220000
0 0.897667 0.337333 0.204667 0.202667
0 0.861667 0.136667 0.258000 0.272000
0 0.538667 0.085333 0.173333 0.169333
0 0.698667 0.227333 0.133333 0.164000
0 0.743667 0.366667 0.127333 0.164000
0 0.657000 0.478667 0.151333 0.169333
0 0.874333 0.680000 0.251333 0.281333
0 0.554667 0.669667 0.137333 0.175333
0 0.404667 0.527333 0.196000 0.226667
0 0.516333 0.313000 0.202000 0.226000
0 0.587333 0.196000 0.129333 0.145333
0 0.160000 0.279667 0.110667 0.123333
0 0.216667 0.847333 0.074667 0.102667
0 0.293333 0.871667 0.090667 0.115333
2 0.089000 0.638000 0.176667 0.181333
