0 0.406333 0.524333 0.167333 0.155333
0 0.521667 0.444333 0.171333 0.174000
0 0.240667 0.712000 0.240000 0.236000
0 0.515667 0.700000 0.163333 0.168000
0 0.779333 0.765667 0.388000 0.412667
0 0.686333 0.240333 0.311333 0.359333
0 0.542667 0.231000 0.121333 0.135333
0 0.374000 0.277000 0.321333 0.198000
0 0.293333 0.105000 0.156000 0.206000
0 0.144667 0.322333 0.153333 0.131333
0 0.905667 0.099333 0.184667 0.197333
0 0.458000 0.105333 0.198667 0.209333
0 0.586667 0.089333 0.150667 0.177333
0 0.054667 0.222333 0.108000 0.158000
0 0.155333 0.093333 0.226667 0.185333
