2 0.135333 0.113667 0.185333 0.179333
2 0.228000 0.139333 0.053333 0.042667
2 0.107333 0.206667 0.122667 0.105333
2 0.099333 0.292667 0.094667 0.080000
2 0.261000 0.227333 0.138000 0.148000
2 0.369333 0.235667 0.112000 0.118000
2 0.372000 0.124000 0.150667 0.125333
2 0.477667 0.141667 0.102000 0.102000
2 0.601667 0.117333 0.166000 0.166667
2 0.602333 0.263667 0.107333 0.128667
2 0.701000 0.274667 0.099333 0.105333
2 0.486000 0.254000 0.145333 0.160000
2 0.437333 0.318333 0.144000 0.111333
2 0.134667 0.371000 0.122667 0.094000
2 0.043667 0.361667 0.086000 0.088667
2 0.324333 0.386000 0.152667 0.158667
2 0.440667 0.411667 0.093333 0.080667
2 0.518000 0.427333 0.069333 0.073333
2 0.634000 0.369000 0.154667 0.095333
2 0.697333 0.451667 0.120000 0.136667
2 0.639667 0.545333 0.091333 0.104000
2 0.554667 0.522000 0.102667 0.132000
2 0.469667 0.510667 0.079333 0.105333
2 0.391667 0.498667 0.139333 0.145333
2 0.276667 0.480000 0.094667 0.088000
2 0.160000 0.468667 0.154667 0.118667
2 0.112667 0.568667 0.068000 0.089333
2 0.190333 0.578000 0.114000 0.116000
2 0.298333 0.590000 0.135333 0.132000
2 0.450333 0.602333 0.098000 0.107333
2 0.071333 0.638000 0.085333 0.100000
2 0.187667 0.665333 0.147333 0.086667
2 0.450000 0.713333 0.070667 0.116000
2 0.360667 0.692667 0.133333 0.132000
2 0.551333 0.632000 0.114667 0.113333
2 0.668667 0.656000 0.141333 0.137333
2 0.652333 0.745667 0.134000 0.123333
2 0.524667 0.731667 0.134667 0.118000
2 0.056667 0.729333 0.109333 0.094667
2 0.164333 0.751333 0.159333 0.136000
2 0.123333 0.855000 0.114667 0.116667
2 0.228333 0.854333 0.099333 0.108667
2 0.326333 0.861333 0.096667 0.104000
2 0.417333 0.879000 0.092000 0.116667
2 0.537333 0.850667 0.146667 0.128000
2 0.502333 0.917000 0.076667 0.066000
2 0.644333 0.852000 0.103333 0.108000
2 0.625667 0.950333 0.131333 0.098000
3 0.905333 0.960000 0.070667 0.080000
2 0.908667 0.884333 0.086667 0.068667
2 0.748667 0.866000 0.098667 0.125333
2 0.775000 0.687333 0.096667 0.113333
3 0.846667 0.689000 0.064000 0.084667
3 0.796000 0.584333 0.089333 0.090000
2 0.779667 0.492000 0.084667 0.101333
3 0.860667 0.497000 0.086667 0.091333
2 0.809333 0.396000 0.121333 0.096000
2 0.902000 0.406667 0.070667 0.086667
2 0.873333 0.326000 0.082667 0.073333
2 0.793333 0.299333 0.101333 0.089333
2 0.765667 0.193000 0.119333 0.118000
2 0.857000 0.123000 0.084667 0.071333
2 0.864000 0.215333 0.101333 0.102667
2 0.915333 0.160667 0.050667 0.060000
2 0.935667 0.244333 0.098000 0.103333
2 0.914667 0.070333 0.078667 0.090000
3 0.836667 0.041000 0.054667 0.064667
0 0.941000 0.805000 0.118000 0.159333
0 0.528667 0.356667 0.073333 0.070667
0 0.325667 0.786667 0.103333 0.078667
0 0.256667 0.726333 0.074667 0.119333
0 0.214667 0.382667 0.066667 0.074667
0 0.234667 0.932333 0.118667 0.095333
2 0.047667 0.924000 0.094000 0.126667
2 0.814333 0.944333 0.119333 0.111333
2 0.280000 0.053000 0.133333 0.104667
2 0.389000 0.049667 0.112667 0.098000
2 0.037333 0.078000 0.073333 0.116000
