2 0.280000 0.128000 0.130667 0.129333
3 0.413667 0.042000 0.119333 0.082667
2 0.393667 0.124000 0.144667 0.129333
2 0.367000 0.215333 0.118000 0.105333
3 0.247333 0.216667 0.120000 0.097333
2 0.153000 0.314667 0.088667 0.117333
2 0.209667 0.321667 0.043333 0.062000
3 0.088000 0.282000 0.074667 0.088000
2 0.271000 0.307333 0.103333 0.112000
2 0.368667 0.308667 0.104000 0.105333
2 0.243333 0.395667 0.061333 0.062000
2 0.153667 0.405333 0.067333 0.062667
2 0.333000 0.402000 0.132667 0.126667
2 0.467333 0.293333 0.101333 0.118667
2 0.524667 0.228333 0.149333 0.122000
3 0.558000 0.138667 0.124000 0.130667
2 0.651333 0.154000 0.069333 0.080000
2 0.704667 0.060667 0.093333 0.113333
3 0.667667 0.270667 0.128667 0.141333
2 0.761000 0.292000 0.055333 0.069333
3 0.573333 0.327667 0.089333 0.083333
2 0.461000 0.398000 0.127333 0.110667
2 0.205667 0.474000 0.140667 0.141333
2 0.305333 0.485000 0.088000 0.084667
2 0.360333 0.565000 0.080667 0.083333
3 0.393333 0.489000 0.072000 0.075333
2 0.490000 0.507667 0.118667 0.148667
2 0.582333 0.502333 0.086000 0.114000
2 0.660000 0.517667 0.073333 0.076667
3 0.722000 0.444667 0.088000 0.102667
2 0.451667 0.591000 0.091333 0.107333
2 0.090333 0.553667 0.060667 0.059333
2 0.189000 0.573000 0.135333 0.108667
2 0.055333 0.628000 0.029333 0.033333
2 0.199000 0.655667 0.074000 0.079333
3 0.119000 0.644000 0.091333 0.085333
3 0.049000 0.706667 0.092667 0.112000
3 0.169333 0.714667 0.061333 0.057333
2 0.296667 0.659000 0.114667 0.140667
2 0.359667 0.765667 0.143333 0.156667
3 0.461333 0.769333 0.044000 0.049333
3 0.547667 0.676333 0.168667 0.179333
3 0.543667 0.787667 0.070000 0.074000
2 0.646333 0.740000 0.104667 0.124000
2 0.732667 0.715333 0.089333 0.096000
2 0.708333 0.814333 0.096667 0.099333
3 0.644333 0.891333 0.163333 0.149333
2 0.531333 0.892333 0.056000 0.058000
3 0.466667 0.895667 0.084000 0.156667
3 0.383667 0.893333 0.083333 0.136000
2 0.289000 0.903333 0.106000 0.106667
2 0.183667 0.819667 0.116667 0.182000
2 0.072333 0.842000 0.104667 0.141333
3 0.117333 0.804667 0.040000 0.048000
3 0.762000 0.566667 0.148000 0.146667
2 0.922000 0.657667 0.081333 0.068667
3 0.854333 0.937333 0.128667 0.121333
2 0.914000 0.843667 0.129333 0.120667
3 0.954333 0.949000 0.080667 0.102000
3 0.813667 0.482333 0.098000 0.096667
3 0.878000 0.384667 0.138667 0.136000
3 0.874333 0.286333 0.114000 0.080667
3 0.916667 0.186333 0.130667 0.130000
3 0.942000 0.093333 0.085333 0.090667
3 0.834667 0.077667 0.148000 0.152667
0 0.761333 0.903000 0.074667 0.064667
0 0.165333 0.141333 0.094667 0.089333
0 0.415000 0.664667 0.096667 0.113333
0 0.953333 0.752667 0.086667 0.102667
0 0.646333 0.620000 0.095333 0.113333
0 0.631000 0.440333 0.096667 0.076667
0 0.277667 0.803667 0.086000 0.087333
0 0.939667 0.581000 0.102000 0.087333
0 0.620000 0.225333 0.080000 0.069333
0 0.718000 0.160667 0.058667 0.086667
2 0.058667 0.447333 0.116000 0.130667
2 0.068667 0.065000 0.136000 0.128667
2 0.304333 0.042667 0.100667 0.084000
3 0.960333 0.340333 0.079333 0.163333
2 0.189667 0.044667 0.108667 0.088000
