2 0.133667 0.108333 0.104667 0.119333
2 0.321333 0.095000 0.141333 0.143333
3 0.430000 0.141333 0.069333 0.068000
3 0.523667 0.122333 0.116667 0.126000
3 0.640667 0.123333 0.090667 0.104000
3 0.391000 0.213667 0.091333 0.096667
3 0.503333 0.272667 0.065333 0.078667
2 0.615667 0.249000 0.171333 0.154000
2 0.364667 0.328667 0.089333 0.080000
2 0.053000 0.353000 0.078000 0.072667
2 0.184667 0.350667 0.077333 0.088000
2 0.263000 0.386333 0.098000 0.098000
3 0.141000 0.455000 0.104667 0.108667
2 0.237667 0.478667 0.095333 0.084000
3 0.490000 0.400000 0.125333 0.141333
3 0.600333 0.378667 0.098000 0.092000
3 0.587667 0.482333 0.080667 0.116667
2 0.722667 0.354000 0.110667 0.116000
2 0.121000 0.548000 0.095333 0.064000
2 0.216000 0.570333 0.109333 0.095333
2 0.678667 0.612333 0.146667 0.184667
2 0.558333 0.673000 0.140667 0.142000
2 0.419000 0.739333 0.178000 0.170667
2 0.530333 0.782000 0.063333 0.068000
2 0.092667 0.654667 0.174667 0.154667
3 0.188333 0.739333 0.050000 0.044000
2 0.595333 0.848667 0.178667 0.164000
2 0.701333 0.882667 0.081333 0.108000
2 0.401000 0.877667 0.082000 0.094000
2 0.483333 0.898333 0.084000 0.118000
2 0.064000 0.833000 0.122667 0.140667
2 0.153000 0.921000 0.056667 0.068667
2 0.597000 0.950333 0.110000 0.095333
2 0.803333 0.932667 0.165333 0.121333
2 0.918000 0.895333 0.081333 0.092000
2 0.832333 0.850667 0.107333 0.078667
2 0.871000 0.751000 0.195333 0.166000
2 0.751333 0.699667 0.065333 0.064667
2 0.787667 0.597000 0.110000 0.106000
2 0.885000 0.622000 0.110000 0.117333
2 0.800667 0.482000 0.146667 0.108000
2 0.917333 0.425333 0.101333 0.085333
2 0.846333 0.327667 0.138000 0.140667
2 0.755667 0.240000 0.106000 0.110667
3 0.858000 0.227000 0.094667 0.075333
2 0.780000 0.120333 0.146667 0.135333
0 0.235667 0.038000 0.144667 0.074667
0 0.217667 0.111000 0.084667 0.055333
0 0.038667 0.036333 0.076000 0.071333
0 0.060667 0.167667 0.098667 0.084667
0 0.089333 0.261667 0.125333 0.112667
0 0.583333 0.046000 0.116000 0.090667
0 0.265000 0.235000 0.134000 0.119333
0 0.283000 0.328333 0.070000 0.087333
0 0.300000 0.923333 0.070667 0.090667
0 0.235667 0.874000 0.102000 0.105333
0 0.233333 0.665000 0.096000 0.099333
0 0.297333 0.704000 0.088000 0.074667
0 0.461000 0.615000 0.095333 0.107333
0 0.543333 0.570667 0.110667 0.098667
0 0.501667 0.486000 0.103333 0.092000
0 0.385000 0.491333 0.083333 0.100000
0 0.312667 0.476333 0.078667 0.096667
0 0.421333 0.414000 0.086667 0.058667
0 0.692333 0.042000 0.127333 0.082667
0 0.788667 0.420000 0.086667 0.076000
0 0.665667 0.492667 0.088667 0.068000
0 0.906000 0.529667 0.085333 0.143333
0 0.970000 0.483000 0.060000 0.110000
0 0.680000 0.752333 0.113333 0.124667
0 0.317333 0.781667 0.094667 0.100667
0 0.413667 0.305667 0.063333 0.051333
2 0.455000 0.056000 0.187333 0.109333
3 0.048000 0.453333 0.094667 0.134667
2 0.057000 0.945000 0.112667 0.108667
2 0.378667 0.955333 0.168000 0.089333
3 0.955333 0.601333 0.081333 0.158667
2 0.951000 0.295667 0.098000 0.163333
3 0.947333 0.159667 0.105333 0.123333
