3 0.271333 0.188333 0.046667 0.044667
3 0.821667 0.018667 0.028667 0.026667
3 0.799000 0.121333 0.111333 0.118667
3 0.697667 0.148667 0.076667 0.084000
3 0.675333 0.243667 0.093333 0.099333
3 0.765667 0.255333 0.114000 0.104000
3 0.908000 0.259667 0.145333 0.110000
2 0.721000 0.047000 0.122000 0.092667
3 0.755000 0.356667 0.092667 0.094667
2 0.635000 0.346000 0.143333 0.129333
2 0.912000 0.377333 0.165333 0.140000
2 0.686667 0.475333 0.174667 0.133333
2 0.745333 0.560333 0.101333 0.083333
2 0.873667 0.582333 0.146000 0.128667
2 0.715000 0.696667 0.210000 0.213333
2 0.844333 0.703333 0.082000 0.105333
2 0.798333 0.779333 0.076667 0.064000
3 0.924667 0.740000 0.106667 0.114667
3 0.879000 0.827667 0.123333 0.102000
3 0.858000 0.918333 0.068000 0.078000
2 0.586000 0.898667 0.082667 0.102667
2 0.666333 0.948000 0.084667 0.101333
0 0.239000 0.067000 0.131333 0.132667
0 0.739667 0.863667 0.103333 0.099333
0 0.651000 0.826333 0.096667 0.106000
0 0.569667 0.787333 0.103333 0.110667
0 0.492333 0.944000 0.099333 0.101333
0 0.844000 0.205000 0.096000 0.083333
0 0.908667 0.493333 0.086667 0.088000
0 0.820000 0.498667 0.082667 0.086667
0 0.513000 0.863667 0.055333 0.071333
0 0.612000 0.547000 0.072000 0.060667
2 0.933000 0.093333 0.134000 0.169333
2 0.947333 0.942333 0.105333 0.115333
