2 0.095667 0.120000 0.124667 0.172000
2 0.210667 0.087000 0.106667 0.151333
2 0.321333 0.131000 0.126667 0.152667
2 0.214667 0.214667 0.045333 0.041333
3 0.304333 0.251667 0.070000 0.090000
2 0.423667 0.138667 0.074000 0.092000
2 0.527667 0.160667 0.100667 0.084000
2 0.080667 0.290667 0.148000 0.162667
2 0.099000 0.397000 0.063333 0.054000
2 0.383000 0.321667 0.122000 0.116667
2 0.496333 0.330333 0.112667 0.114000
2 0.491333 0.250000 0.121333 0.089333
2 0.585000 0.270667 0.056667 0.053333
2 0.660667 0.276333 0.148000 0.122000
2 0.634333 0.408333 0.163333 0.142000
2 0.364667 0.403667 0.108000 0.090000
2 0.472333 0.435000 0.074000 0.091333
2 0.270333 0.426667 0.076667 0.076000
2 0.148333 0.478000 0.106000 0.134667
2 0.246667 0.514667 0.105333 0.140000
2 0.354333 0.507667 0.130000 0.127333
2 0.456000 0.515667 0.113333 0.083333
2 0.618667 0.533667 0.050667 0.052667
2 0.519000 0.617000 0.111333 0.150000
2 0.439333 0.603000 0.065333 0.090000
3 0.364333 0.608000 0.100667 0.081333
2 0.294333 0.656000 0.100667 0.101333
2 0.212333 0.697000 0.088667 0.118000
2 0.093000 0.652667 0.159333 0.206667
2 0.579000 0.726333 0.095333 0.116667
1 0.306333 0.745000 0.074000 0.063333
3 0.710000 0.709667 0.097333 0.126000
3 0.679333 0.835000 0.101333 0.103333
2 0.596333 0.824000 0.070000 0.076000
2 0.503667 0.800333 0.106000 0.124667
2 0.391667 0.783000 0.118000 0.139333
2 0.477333 0.892000 0.105333 0.086667
3 0.377667 0.885667 0.075333 0.063333
2 0.286000 0.861000 0.112000 0.091333
3 0.268667 0.949333 0.076000 0.097333
2 0.190333 0.870667 0.094000 0.102667
2 0.163333 0.949333 0.112000 0.101333
3 0.576000 0.934000 0.114667 0.132000
3 0.789333 0.851667 0.105333 0.120667
2 0.894667 0.891667 0.109333 0.146000
3 0.921333 0.750000 0.146667 0.153333
3 0.807333 0.718333 0.105333 0.127333
3 0.819000 0.622333 0.147333 0.136667
3 0.846667 0.515333 0.112000 0.086667
3 0.783333 0.450000 0.145333 0.136000
2 0.811333 0.323000 0.180000 0.164667
2 0.788000 0.222333 0.105333 0.086000
2 0.810000 0.149000 0.057333 0.062000
2 0.916000 0.150000 0.082667 0.062667
2 0.959000 0.043000 0.068667 0.083333
2 0.905333 0.228333 0.130667 0.116667
0 0.175333 0.356667 0.052000 0.066667
0 0.217667 0.297000 0.108667 0.076667
0 0.559000 0.049667 0.100667 0.098000
0 0.660333 0.196000 0.078000 0.090667
0 0.082333 0.446333 0.062000 0.058000
0 0.688000 0.553000 0.080000 0.127333
2 0.338667 0.050667 0.180000 0.100000
2 0.062000 0.941667 0.122667 0.115333
2 0.368333 0.948333 0.166000 0.103333
2 0.771000 0.944000 0.131333 0.112000
2 0.672667 0.953333 0.093333 0.093333
2 0.946000 0.537667 0.105333 0.136667
2 0.954667 0.425333 0.090667 0.120000
2 0.845000 0.062667 0.150000 0.124000
