3 0.181667 0.129333 0.068667 0.060000
2 0.136333 0.201667 0.104667 0.092667
2 0.114333 0.299333 0.106000 0.122667
2 0.046000 0.209333 0.090667 0.100000
2 0.215667 0.285333 0.123333 0.113333
2 0.156667 0.381333 0.118667 0.128000
2 0.042333 0.400333 0.078000 0.070000
2 0.272333 0.410333 0.138000 0.140667
2 0.315667 0.201000 0.138000 0.144667
2 0.382000 0.069000 0.106667 0.110000
2 0.489333 0.057667 0.093333 0.114000
2 0.679000 0.062333 0.138000 0.122000
1 0.690000 0.153667 0.098667 0.127333
2 0.582000 0.168333 0.126667 0.130000
2 0.464000 0.173333 0.108000 0.125333
2 0.406667 0.296000 0.133333 0.108000
3 0.391667 0.386667 0.087333 0.072000
2 0.499000 0.346667 0.119333 0.126667
3 0.538000 0.273000 0.108000 0.088667
2 0.640333 0.312667 0.152667 0.161333
2 0.687667 0.416000 0.080667 0.085333
2 0.566667 0.407000 0.121333 0.103333
3 0.184000 0.488667 0.050667 0.057333
3 0.249000 0.501333 0.092667 0.078667
2 0.470667 0.475000 0.085333 0.080667
3 0.516333 0.480000 0.039333 0.065333
2 0.563667 0.518333 0.160667 0.155333
2 0.529667 0.611000 0.051333 0.059333
2 0.640667 0.641000 0.182667 0.178000
2 0.432333 0.595000 0.098000 0.083333
3 0.268667 0.604333 0.052000 0.059333
2 0.216000 0.630667 0.042667 0.048000
2 0.115000 0.665667 0.162000 0.170000
2 0.207333 0.702667 0.098667 0.077333
3 0.069667 0.780667 0.066000 0.060000
1 0.376333 0.665000 0.043333 0.040667
1 0.071000 0.888000 0.140667 0.166667
2 0.235000 0.902667 0.152667 0.172000
1 0.320667 0.892000 0.088000 0.120000
2 0.394667 0.813667 0.184000 0.203333
2 0.493000 0.830333 0.056667 0.064667
2 0.510000 0.774667 0.044000 0.056000
2 0.583333 0.775000 0.117333 0.115333
2 0.701333 0.839000 0.148000 0.204667
2 0.571667 0.887667 0.120667 0.106000
2 0.648333 0.957667 0.144667 0.084667
2 0.847000 0.883667 0.142000 0.128667
2 0.864667 0.789000 0.066667 0.056667
2 0.846667 0.701000 0.165333 0.144667
2 0.924667 0.616000 0.112000 0.089333
2 0.772000 0.504000 0.201333 0.173333
2 0.767333 0.630333 0.133333 0.148667
2 0.743667 0.226000 0.160667 0.133333
1 0.865667 0.196000 0.096667 0.114667
2 0.867000 0.126000 0.060667 0.053333
2 0.822333 0.330333 0.194000 0.182000
2 0.911000 0.414333 0.147333 0.148667
2 0.779667 0.124667 0.092667 0.098667
2 0.787333 0.049000 0.084000 0.088667
0 0.270333 0.052667 0.123333 0.104000
0 0.561000 0.078000 0.112667 0.090667
0 0.401333 0.149667 0.105333 0.090000
0 0.287000 0.120667 0.058000 0.070667
0 0.386333 0.248667 0.083333 0.069333
0 0.197333 0.207000 0.065333 0.056667
0 0.128000 0.460333 0.066667 0.058000
0 0.423333 0.520667 0.074667 0.065333
0 0.506667 0.682000 0.088000 0.088000
0 0.307000 0.791667 0.055333 0.099333
2 0.060000 0.572667 0.118667 0.169333
2 0.444333 0.934000 0.202000 0.132000
2 0.966667 0.520667 0.061333 0.164000
2 0.945333 0.228000 0.109333 0.193333
