2 0.100333 0.167000 0.111333 0.171333
2 0.195667 0.181667 0.110000 0.156667
2 0.288333 0.204667 0.095333 0.146667
2 0.307333 0.083667 0.121333 0.130000
2 0.389667 0.208333 0.162000 0.163333
2 0.446333 0.115000 0.162000 0.146000
2 0.497667 0.067667 0.171333 0.134000
3 0.554000 0.232333 0.068000 0.067333
2 0.125667 0.352667 0.164667 0.190667
2 0.320667 0.370333 0.176000 0.166000
2 0.497333 0.381667 0.181333 0.187333
2 0.505667 0.487000 0.056667 0.047333
2 0.589000 0.420000 0.100667 0.152000
2 0.662667 0.416333 0.138667 0.151333
2 0.703667 0.339667 0.046000 0.047333
2 0.388000 0.479000 0.157333 0.119333
2 0.366333 0.565000 0.136667 0.102000
2 0.331667 0.633333 0.158000 0.104000
2 0.408333 0.615000 0.046000 0.054000
2 0.474333 0.600333 0.102000 0.180667
2 0.555667 0.603667 0.124667 0.167333
2 0.600667 0.681333 0.088000 0.084000
2 0.656333 0.624333 0.106000 0.116667
2 0.695667 0.541000 0.124667 0.110000
2 0.743000 0.640000 0.091333 0.089333
3 0.172667 0.594000 0.061333 0.062667
2 0.072333 0.694000 0.142000 0.132000
2 0.095667 0.785000 0.103333 0.091333
2 0.127333 0.864667 0.086667 0.076000
2 0.189333 0.801333 0.105333 0.112000
3 0.319000 0.731333 0.079333 0.092000
2 0.278333 0.818667 0.083333 0.112000
2 0.364333 0.843333 0.091333 0.132000
2 0.434333 0.776667 0.120667 0.138667
2 0.469333 0.831667 0.054667 0.040667
2 0.458000 0.885667 0.105333 0.083333
2 0.541333 0.808667 0.109333 0.126667
3 0.610333 0.799333 0.050000 0.052000
2 0.701000 0.825667 0.128667 0.138000
2 0.705667 0.909333 0.118000 0.093333
2 0.667333 0.950667 0.069333 0.064000
2 0.607667 0.866667 0.052667 0.050667
2 0.580667 0.906333 0.076000 0.067333
2 0.514333 0.919000 0.090000 0.095333
2 0.371667 0.943000 0.135333 0.114000
2 0.813000 0.934333 0.118000 0.107333
3 0.954333 0.931333 0.078000 0.064000
2 0.947667 0.853333 0.103333 0.118667
2 0.871667 0.852667 0.079333 0.089333
2 0.794333 0.837000 0.086000 0.096667
2 0.861667 0.749667 0.123333 0.116667
2 0.764333 0.726333 0.106000 0.087333
2 0.786667 0.564000 0.093333 0.130667
2 0.842333 0.664000 0.115333 0.104000
2 0.876333 0.559333 0.134000 0.177333
2 0.956333 0.586667 0.060667 0.081333
2 0.782667 0.428667 0.120000 0.144000
2 0.906000 0.451000 0.152000 0.155333
2 0.805000 0.305000 0.120667 0.147333
2 0.909000 0.219000 0.182000 0.166000
2 0.124667 0.949667 0.089333 0.095333
0 0.057667 0.542667 0.114000 0.204000
0 0.176000 0.674667 0.106667 0.101333
0 0.212667 0.886000 0.078667 0.078667
0 0.375000 0.694000 0.060667 0.070667
0 0.455667 0.691000 0.076667 0.088667
0 0.696333 0.131333 0.150000 0.157333
0 0.645000 0.220000 0.143333 0.121333
0 0.604333 0.510000 0.115333 0.090667
0 0.475000 0.281667 0.099333 0.111333
0 0.843000 0.116333 0.155333 0.163333
2 0.045667 0.144667 0.090000 0.184000
2 0.573667 0.969667 0.082000 0.060667
