2 0.158000 0.071667 0.133333 0.115333
2 0.303333 0.137000 0.069333 0.078000
2 0.390333 0.093000 0.071333 0.102000
3 0.135000 0.294000 0.090000 0.094667
3 0.226667 0.300000 0.089333 0.098667
2 0.261333 0.384000 0.076000 0.073333
3 0.189667 0.393000 0.040667 0.038000
3 0.116000 0.382333 0.086667 0.080667
3 0.037000 0.387667 0.072667 0.100667
2 0.326000 0.249000 0.124000 0.120667
3 0.523333 0.127667 0.058667 0.054000
3 0.543333 0.194000 0.098667 0.096000
2 0.476000 0.258333 0.082667 0.115333
2 0.566000 0.267667 0.096000 0.099333
2 0.348000 0.341000 0.061333 0.059333
3 0.350333 0.410000 0.102000 0.085333
2 0.478000 0.386667 0.089333 0.084000
2 0.551000 0.337000 0.098000 0.086000
2 0.697333 0.208667 0.041333 0.036000
2 0.555667 0.427333 0.060667 0.073333
2 0.619000 0.412000 0.059333 0.058667
2 0.705667 0.374333 0.086000 0.080667
3 0.362667 0.468333 0.040000 0.036667
2 0.697000 0.452667 0.112667 0.096000
2 0.696667 0.556667 0.077333 0.069333
2 0.614000 0.497667 0.105333 0.107333
2 0.372000 0.532667 0.142667 0.100000
3 0.222667 0.561000 0.106667 0.100667
2 0.135000 0.560667 0.072667 0.081333
2 0.047667 0.566333 0.072667 0.070000
2 0.063000 0.641000 0.098000 0.082000
2 0.687667 0.661667 0.102000 0.143333
2 0.590000 0.683333 0.065333 0.058667
2 0.522000 0.663333 0.034667 0.030667
2 0.418000 0.642333 0.125333 0.123333
3 0.433667 0.725667 0.044667 0.040667
2 0.298333 0.705000 0.158000 0.178000
2 0.176000 0.708333 0.112000 0.167333
2 0.092333 0.727000 0.064667 0.094000
2 0.033333 0.730000 0.065333 0.086667
2 0.782667 0.459667 0.068000 0.062000
2 0.781333 0.552333 0.086667 0.110000
2 0.772000 0.653000 0.074667 0.078000
2 0.857667 0.636333 0.100667 0.095333
2 0.959000 0.520000 0.082000 0.116000
2 0.962333 0.426333 0.054000 0.042000
2 0.963667 0.333667 0.059333 0.051333
2 0.860000 0.523667 0.122667 0.136667
2 0.857333 0.474000 0.034667 0.038667
2 0.780333 0.294333 0.064667 0.054000
2 0.788333 0.214667 0.100667 0.086667
2 0.798333 0.133333 0.060667 0.057333
3 0.899667 0.066000 0.071333 0.064000
0 0.329333 0.068667 0.070667 0.081333
0 0.385000 0.029667 0.070000 0.058000
0 0.595667 0.605000 0.107333 0.099333
0 0.116000 0.805000 0.109333 0.079333
0 0.050333 0.936000 0.099333 0.110667
0 0.128000 0.904000 0.089333 0.098667
0 0.318000 0.861667 0.105333 0.111333
0 0.517000 0.960667 0.115333 0.078667
0 0.184667 0.153667 0.077333 0.084667
0 0.436000 0.856667 0.078667 0.089333
0 0.047333 0.486000 0.093333 0.094667
0 0.556333 0.813000 0.084667 0.107333
0 0.674333 0.926333 0.131333 0.131333
0 0.679667 0.783667 0.068667 0.072667
0 0.884667 0.893000 0.126667 0.108667
0 0.966000 0.815333 0.068000 0.124000
0 0.195000 0.920333 0.076667 0.127333
0 0.316000 0.943333 0.097333 0.097333
0 0.961000 0.195333 0.078000 0.068000
0 0.483000 0.157000 0.082000 0.083333
0 0.508667 0.717667 0.106667 0.088667
0 0.868667 0.738667 0.068000 0.065333
0 0.932667 0.622667 0.060000 0.098667
0 0.636667 0.345333 0.081333 0.096000
0 0.553000 0.057333 0.068667 0.050667
3 0.644667 0.047667 0.101333 0.094000
3 0.807667 0.039667 0.100667 0.078000
