3 0.059667 0.267333 0.084667 0.085333
2 0.055000 0.163333 0.078000 0.088000
3 0.153000 0.072667 0.110000 0.098667
2 0.071000 0.043333 0.074000 0.077333
0 0.297000 0.064000 0.188667 0.126667
0 0.614000 0.064000 0.244000 0.126667
0 0.294333 0.607000 0.206000 0.163333
0 0.094000 0.518000 0.186667 0.188000
0 0.194333 0.194000 0.208667 0.169333
0 0.392333 0.179667 0.224667 0.202000
0 0.420667 0.342333 0.236000 0.224667
0 0.267000 0.413000 0.296667 0.244667
0 0.460000 0.518333 0.129333 0.151333
0 0.563000 0.668667 0.238000 0.282667
0 0.621667 0.467667 0.230000 0.216667
0 0.615667 0.274000 0.214000 0.200000
0 0.511333 0.167667 0.180000 0.178000
0 0.795333 0.147667 0.210667 0.222000
0 0.738667 0.295000 0.121333 0.120667
0 0.767000 0.724333 0.182000 0.167333
0 0.747667 0.604000 0.155333 0.113333
0 0.886333 0.529333 0.202000 0.157333
0 0.920000 0.411667 0.160000 0.126000
0 0.890333 0.282667 0.170000 0.133333
0 0.319667 0.769000 0.155333 0.135333
0 0.318000 0.911000 0.170667 0.178000
