2 0.231000 0.060667 0.142000 0.113333
2 0.260667 0.150667 0.085333 0.082667
2 0.421000 0.109333 0.115333 0.109333
3 0.380667 0.170333 0.141333 0.119333
2 0.194333 0.237333 0.068667 0.106667
2 0.103333 0.222333 0.121333 0.122000
3 0.095667 0.319667 0.100667 0.098000
2 0.278333 0.246667 0.115333 0.145333
2 0.390000 0.285333 0.145333 0.124000
2 0.293667 0.373000 0.178000 0.118000
3 0.107333 0.408333 0.096000 0.084667
2 0.198000 0.446667 0.105333 0.137333
3 0.450667 0.393333 0.085333 0.096000
2 0.562000 0.035333 0.109333 0.069333
3 0.557000 0.125333 0.139333 0.117333
2 0.668333 0.056333 0.094000 0.091333
3 0.672333 0.150667 0.084667 0.102667
2 0.577000 0.300667 0.168667 0.149333
3 0.669333 0.242333 0.070667 0.075333
2 0.690333 0.324667 0.094000 0.094667
2 0.541000 0.440000 0.147333 0.161333
3 0.655333 0.438667 0.096000 0.102667
2 0.636333 0.529333 0.072667 0.057333
2 0.556667 0.535667 0.033333 0.048667
2 0.497667 0.512333 0.112667 0.115333
2 0.412667 0.467667 0.093333 0.107333
2 0.304333 0.483333 0.122000 0.125333
2 0.089667 0.520000 0.164667 0.160000
2 0.223333 0.567667 0.128000 0.134000
2 0.364000 0.570667 0.141333 0.137333
3 0.457333 0.588667 0.066667 0.085333
2 0.546667 0.614667 0.108000 0.118667
2 0.672667 0.620667 0.173333 0.169333
2 0.227667 0.649667 0.044667 0.052667
2 0.155667 0.639667 0.106000 0.110000
2 0.269667 0.682333 0.084667 0.114000
2 0.378000 0.701667 0.129333 0.132667
2 0.491000 0.703333 0.115333 0.141333
2 0.595000 0.736667 0.110000 0.126667
2 0.717333 0.766667 0.133333 0.120000
2 0.622667 0.851000 0.164000 0.160667
2 0.485667 0.826000 0.114000 0.105333
2 0.375333 0.822667 0.110667 0.128000
2 0.405000 0.910667 0.067333 0.072000
2 0.179000 0.754333 0.090000 0.139333
2 0.275333 0.812667 0.122667 0.165333
2 0.205667 0.865667 0.071333 0.079333
2 0.109333 0.856667 0.113333 0.168000
2 0.045333 0.946667 0.089333 0.105333
2 0.779333 0.884333 0.177333 0.154000
2 0.935333 0.903333 0.129333 0.152000
2 0.874333 0.791667 0.114000 0.102000
2 0.761000 0.492667 0.162000 0.156000
2 0.850333 0.591667 0.144667 0.132667
2 0.897667 0.691333 0.188667 0.188000
2 0.943333 0.500333 0.113333 0.102000
3 0.952000 0.550000 0.052000 0.042667
2 0.861333 0.395333 0.084000 0.096000
2 0.783000 0.350333 0.110000 0.126000
3 0.767667 0.248667 0.110000 0.078667
3 0.752333 0.099000 0.072667 0.084667
3 0.846333 0.103667 0.119333 0.108667
3 0.932333 0.120333 0.056667 0.059333
3 0.862333 0.213333 0.116667 0.121333
2 0.940667 0.319667 0.118667 0.124667
2 0.951333 0.216000 0.097333 0.090667
0 0.168000 0.136333 0.110667 0.107333
0 0.846667 0.329000 0.074667 0.064667
0 0.843667 0.033667 0.182000 0.066000
0 0.966333 0.834667 0.067333 0.085333
0 0.173000 0.305000 0.096667 0.092667
0 0.925667 0.402000 0.095333 0.081333
2 0.051667 0.611000 0.102000 0.139333
3 0.152333 0.949333 0.143333 0.101333
2 0.539000 0.933333 0.210000 0.133333
2 0.732333 0.961667 0.148667 0.076667
3 0.058667 0.043667 0.116000 0.086000
