3 0.079333 0.058667 0.100000 0.092000
3 0.188333 0.063333 0.116667 0.102667
2 0.159667 0.152667 0.092667 0.108000
3 0.064667 0.146667 0.092000 0.096000
3 0.249667 0.156667 0.088667 0.100000
3 0.356333 0.092667 0.090000 0.080000
2 0.359000 0.198000 0.132667 0.138667
3 0.140333 0.239333 0.068667 0.061333
3 0.059000 0.235000 0.098000 0.076667
2 0.101667 0.334333 0.123333 0.098000
2 0.234333 0.269000 0.130000 0.130000
3 0.189333 0.352333 0.037333 0.031333
2 0.045333 0.410000 0.086667 0.068000
2 0.223000 0.442667 0.086000 0.069333
2 0.275333 0.369000 0.102667 0.072667
2 0.554000 0.050333 0.082667 0.095333
2 0.457333 0.124667 0.058667 0.049333
2 0.535667 0.158333 0.032667 0.039333
2 0.460667 0.217000 0.109333 0.134000
2 0.549333 0.231333 0.072000 0.080000
2 0.629333 0.249667 0.086667 0.126000
2 0.544000 0.313667 0.086667 0.070000
2 0.661000 0.407667 0.119333 0.096667
2 0.744000 0.454333 0.052000 0.056667
3 0.105000 0.516333 0.120667 0.138000
2 0.195333 0.533000 0.074667 0.071333
2 0.203667 0.644000 0.052667 0.064000
2 0.286000 0.641333 0.054667 0.050667
3 0.345333 0.559667 0.090667 0.119333
2 0.398000 0.474000 0.112000 0.129333
2 0.506667 0.476667 0.112000 0.128000
3 0.521333 0.585333 0.080000 0.088000
3 0.601000 0.491667 0.084667 0.103333
2 0.709333 0.516667 0.121333 0.114667
2 0.619000 0.632667 0.126000 0.158667
3 0.725333 0.637000 0.088000 0.098000
2 0.695667 0.735000 0.111333 0.104667
2 0.461333 0.688333 0.157333 0.115333
2 0.240333 0.729333 0.094000 0.108000
2 0.338667 0.755333 0.137333 0.180000
2 0.437667 0.785333 0.115333 0.130667
2 0.097000 0.823000 0.088667 0.094000
2 0.183000 0.849333 0.034000 0.038667
2 0.271667 0.855000 0.098000 0.103333
2 0.599333 0.807000 0.172000 0.162000
2 0.383667 0.902000 0.130000 0.133333
2 0.520000 0.913000 0.094667 0.126000
2 0.612667 0.943000 0.072000 0.078000
2 0.709667 0.920000 0.106000 0.160000
3 0.813000 0.942667 0.102000 0.114667
2 0.889000 0.887000 0.164667 0.140667
2 0.864333 0.743333 0.178000 0.145333
3 0.803667 0.549667 0.072667 0.082000
1 0.886333 0.473333 0.082000 0.072000
2 0.836333 0.382000 0.078000 0.058667
2 0.887000 0.285000 0.152667 0.167333
2 0.838000 0.208333 0.049333 0.048667
2 0.896000 0.110667 0.080000 0.080000
2 0.796667 0.097000 0.101333 0.100667
2 0.957000 0.050000 0.080667 0.088000
3 0.431333 0.582000 0.136000 0.096000
2 0.087000 0.713333 0.071333 0.065333
0 0.217000 0.826333 0.068667 0.087333
0 0.052000 0.759000 0.102667 0.076667
0 0.114000 0.902000 0.054667 0.072000
0 0.144333 0.932333 0.086000 0.102000
0 0.573000 0.704000 0.068667 0.064000
0 0.717000 0.826000 0.051333 0.046667
0 0.750667 0.394333 0.069333 0.071333
0 0.747333 0.337000 0.096000 0.080667
0 0.540333 0.373333 0.083333 0.054667
0 0.437000 0.317333 0.050000 0.056000
0 0.363333 0.310333 0.088000 0.094000
0 0.185333 0.406000 0.065333 0.052000
0 0.951667 0.157333 0.076667 0.110667
0 0.672333 0.033333 0.058000 0.065333
0 0.694000 0.254000 0.060000 0.054667
3 0.462000 0.045667 0.116000 0.090000
2 0.216333 0.942667 0.118000 0.114667
