2 0.296000 0.073667 0.144000 0.138000
2 0.175667 0.237000 0.163333 0.147333
2 0.381667 0.141000 0.122000 0.112667
2 0.482000 0.211667 0.138667 0.159333
2 0.349000 0.245333 0.146000 0.138667
2 0.352667 0.357667 0.133333 0.095333
2 0.320667 0.445667 0.094667 0.087333
3 0.167333 0.358000 0.054667 0.045333
2 0.703333 0.131000 0.076000 0.079333
2 0.532333 0.368667 0.120667 0.101333
2 0.645333 0.284333 0.080000 0.040667
2 0.657333 0.384667 0.204000 0.201333
2 0.621000 0.489333 0.050000 0.041333
2 0.094000 0.552667 0.109333 0.125333
2 0.200667 0.540000 0.096000 0.102667
2 0.306000 0.538667 0.069333 0.064000
2 0.406667 0.475333 0.124000 0.125333
2 0.518667 0.463000 0.112000 0.132667
2 0.385667 0.595667 0.138000 0.120667
2 0.496333 0.578333 0.094000 0.094000
2 0.592000 0.573333 0.137333 0.137333
2 0.708333 0.600000 0.150000 0.149333
2 0.721333 0.495667 0.097333 0.071333
3 0.162000 0.735333 0.050667 0.044000
2 0.372667 0.708667 0.113333 0.093333
2 0.480667 0.687333 0.096000 0.102667
2 0.667333 0.705667 0.136000 0.106000
1 0.676333 0.814000 0.100667 0.105333
2 0.570667 0.828000 0.137333 0.137333
2 0.445000 0.810000 0.118000 0.130667
2 0.304333 0.825000 0.136667 0.130000
2 0.120667 0.834000 0.105333 0.104000
2 0.095333 0.939333 0.089333 0.102667
2 0.203667 0.924000 0.122000 0.133333
2 0.397000 0.932333 0.122000 0.108667
2 0.531333 0.913667 0.102667 0.106000
2 0.733333 0.904000 0.152000 0.128000
1 0.853333 0.853000 0.108000 0.159333
1 0.762333 0.796333 0.114000 0.092667
2 0.858667 0.763667 0.070667 0.067333
1 0.943333 0.888000 0.113333 0.188000
2 0.890333 0.676000 0.139333 0.112000
2 0.781000 0.695667 0.099333 0.112667
2 0.890000 0.555667 0.172000 0.139333
2 0.917000 0.451000 0.135333 0.090000
2 0.949667 0.354667 0.100667 0.096000
2 0.831000 0.372667 0.134000 0.156000
2 0.747333 0.282000 0.133333 0.134667
2 0.759000 0.196667 0.103333 0.069333
2 0.789667 0.091667 0.112667 0.132667
2 0.904000 0.076333 0.105333 0.120667
1 0.948667 0.777667 0.102667 0.086000
0 0.651000 0.114667 0.079333 0.085333
0 0.578667 0.153000 0.082667 0.102000
0 0.239667 0.425667 0.082000 0.159333
0 0.260333 0.678000 0.106000 0.098667
0 0.554000 0.707000 0.104000 0.120667
0 0.382333 0.778000 0.078000 0.072000
0 0.256000 0.573000 0.072000 0.084667
0 0.796000 0.598333 0.065333 0.079333
0 0.776000 0.486667 0.062667 0.093333
0 0.903667 0.298333 0.074000 0.052667
0 0.072000 0.136333 0.052000 0.063333
0 0.251333 0.224667 0.057333 0.097333
0 0.279000 0.753333 0.068667 0.056000
0 0.869667 0.254000 0.074000 0.056000
0 0.482667 0.129333 0.077333 0.061333
2 0.192333 0.040667 0.155333 0.080000
2 0.488667 0.053000 0.172000 0.103333
2 0.047000 0.838333 0.092667 0.132667
2 0.636333 0.950333 0.138000 0.099333
2 0.825333 0.956667 0.194667 0.086667
