2 0.158333 0.051333 0.075333 0.077333
2 0.023333 0.164000 0.045333 0.061333
3 0.129333 0.197000 0.044000 0.039333
3 0.307667 0.093667 0.044667 0.055333
2 0.280000 0.228000 0.065333 0.061333
2 0.078000 0.350000 0.082667 0.082667
2 0.271000 0.431333 0.052667 0.046667
2 0.465667 0.367667 0.128667 0.132667
3 0.528333 0.446667 0.036667 0.029333
2 0.560667 0.260667 0.036000 0.029333
2 0.556667 0.321667 0.072000 0.087333
2 0.580000 0.193333 0.084000 0.081333
3 0.599667 0.121333 0.071333 0.068000
2 0.694667 0.084000 0.045333 0.048000
2 0.661667 0.291667 0.075333 0.086000
2 0.732333 0.332667 0.027333 0.024000
2 0.646667 0.374667 0.085333 0.073333
3 0.630333 0.455667 0.130000 0.122000
2 0.709333 0.513667 0.109333 0.132667
2 0.437000 0.522667 0.064667 0.069333
2 0.506667 0.577667 0.108000 0.110000
2 0.423333 0.613333 0.077333 0.104000
2 0.337333 0.538333 0.086667 0.091333
2 0.254000 0.491000 0.085333 0.084667
2 0.153000 0.468333 0.119333 0.138000
2 0.050667 0.514333 0.094667 0.102000
2 0.228333 0.567000 0.094000 0.080667
2 0.203000 0.625333 0.092667 0.078667
2 0.036333 0.609667 0.071333 0.076667
2 0.102333 0.628667 0.115333 0.116000
2 0.205000 0.693333 0.072667 0.058667
2 0.103333 0.732000 0.141333 0.109333
2 0.193000 0.766333 0.131333 0.096667
2 0.409333 0.695667 0.076000 0.070000
2 0.498000 0.665667 0.069333 0.068667
2 0.605667 0.620333 0.104667 0.110000
2 0.678333 0.703667 0.159333 0.155333
2 0.566000 0.774000 0.041333 0.037333
2 0.643667 0.809667 0.130000 0.135333
2 0.558667 0.855667 0.041333 0.042000
2 0.379333 0.766667 0.110667 0.092000
2 0.469000 0.777333 0.107333 0.134667
2 0.374667 0.843000 0.092000 0.072667
2 0.375667 0.901667 0.062000 0.054000
2 0.193333 0.840333 0.076000 0.074000
2 0.087667 0.858333 0.152667 0.150000
2 0.269333 0.942667 0.117333 0.106667
2 0.414333 0.957000 0.092667 0.086000
3 0.721333 0.935000 0.076000 0.071333
2 0.766000 0.805667 0.097333 0.104667
3 0.862333 0.802333 0.107333 0.127333
2 0.828667 0.898667 0.142667 0.121333
2 0.849667 0.716000 0.048667 0.042667
2 0.785000 0.694667 0.099333 0.096000
2 0.793667 0.614667 0.134000 0.110667
2 0.900333 0.627000 0.102000 0.132667
2 0.913000 0.466333 0.046000 0.047333
2 0.838000 0.478667 0.144000 0.160000
2 0.912667 0.383333 0.040000 0.046667
2 0.847000 0.308000 0.120667 0.104000
3 0.875000 0.237333 0.071333 0.054667
0 0.276000 0.335333 0.153333 0.133333
0 0.241667 0.083000 0.064667 0.092667
0 0.261000 0.143667 0.050000 0.052667
0 0.363000 0.129333 0.080667 0.125333
0 0.203333 0.148667 0.085333 0.062667
0 0.089333 0.129000 0.066667 0.068667
0 0.129667 0.147667 0.050000 0.060667
0 0.199333 0.265667 0.117333 0.083333
0 0.779000 0.128333 0.100667 0.091333
0 0.331667 0.626333 0.107333 0.088667
0 0.165000 0.343333 0.064667 0.097333
0 0.782000 0.246667 0.082667 0.109333
0 0.886333 0.150333 0.104667 0.111333
0 0.940667 0.243333 0.089333 0.094667
0 0.619667 0.563667 0.096667 0.064667
0 0.459000 0.060000 0.107333 0.118667
0 0.038667 0.290000 0.058667 0.066667
0 0.102333 0.259333 0.084667 0.078667
2 0.952333 0.798667 0.095333 0.160000
2 0.946333 0.919333 0.107333 0.105333
