2 0.082000 0.078000 0.057333 0.060000
2 0.156000 0.088333 0.106667 0.146000
3 0.094000 0.162333 0.048000 0.046000
3 0.263000 0.106667 0.127333 0.137333
3 0.257667 0.227667 0.132667 0.143333
2 0.376000 0.220667 0.133333 0.170667
3 0.452000 0.285000 0.084000 0.095333
3 0.353000 0.346333 0.126000 0.102000
3 0.195333 0.290000 0.118667 0.109333
2 0.086333 0.242000 0.139333 0.133333
3 0.125000 0.369667 0.188667 0.154000
3 0.549667 0.123333 0.051333 0.053333
3 0.536667 0.203667 0.113333 0.112667
3 0.633667 0.144667 0.075333 0.066667
3 0.716333 0.160667 0.076667 0.093333
3 0.640333 0.232667 0.107333 0.121333
3 0.540333 0.309667 0.111333 0.131333
3 0.642333 0.350000 0.135333 0.118667
3 0.731333 0.368333 0.088000 0.094000
3 0.534667 0.413333 0.128000 0.098667
3 0.305333 0.441667 0.132000 0.163333
3 0.397667 0.463667 0.108667 0.132667
3 0.487333 0.488333 0.113333 0.115333
2 0.595667 0.508000 0.138000 0.164000
3 0.560333 0.626667 0.088667 0.104000
3 0.481333 0.666667 0.061333 0.053333
3 0.655667 0.642000 0.120667 0.134667
3 0.578333 0.716667 0.123333 0.100000
2 0.211667 0.527333 0.118000 0.134667
3 0.225667 0.606667 0.108667 0.105333
2 0.138667 0.675667 0.104000 0.108667
2 0.080667 0.754667 0.093333 0.084000
3 0.319333 0.624667 0.149333 0.154667
3 0.230000 0.709333 0.077333 0.096000
2 0.055000 0.860333 0.099333 0.126000
2 0.156000 0.825667 0.133333 0.175333
2 0.265333 0.847667 0.108000 0.099333
2 0.324000 0.758000 0.120000 0.133333
3 0.356667 0.864333 0.061333 0.071333
2 0.281000 0.941333 0.119333 0.117333
2 0.065333 0.956667 0.076000 0.069333
3 0.433667 0.772333 0.111333 0.154000
2 0.451333 0.898333 0.157333 0.118000
3 0.388667 0.954667 0.077333 0.072000
3 0.530000 0.794667 0.082667 0.089333
3 0.609667 0.823667 0.114000 0.095333
2 0.687333 0.769667 0.118667 0.131333
2 0.621333 0.933000 0.164000 0.134000
2 0.774667 0.707667 0.130667 0.143333
2 0.761333 0.575667 0.174667 0.144667
3 0.718000 0.964667 0.069333 0.070667
2 0.801000 0.911000 0.170000 0.147333
2 0.872000 0.810667 0.134667 0.112000
2 0.930333 0.937667 0.103333 0.122000
3 0.946000 0.730667 0.070667 0.073333
3 0.961000 0.630667 0.052667 0.053333
2 0.796000 0.480667 0.117333 0.105333
3 0.923667 0.449667 0.138000 0.115333
3 0.820667 0.387333 0.090667 0.081333
2 0.738667 0.271667 0.110667 0.124667
3 0.801667 0.204000 0.071333 0.065333
3 0.867000 0.278000 0.158000 0.142667
3 0.941333 0.122000 0.065333 0.056000
2 0.812667 0.121000 0.110667 0.096667
0 0.691667 0.453667 0.116667 0.107333
0 0.880667 0.668667 0.118667 0.117333
0 0.119000 0.561333 0.123333 0.137333
0 0.448333 0.597000 0.131333 0.135333
0 0.369667 0.068000 0.080667 0.093333
0 0.612333 0.100667 0.058000 0.060000
0 0.709667 0.866000 0.075333 0.072000
3 0.540333 0.039333 0.136667 0.077333
2 0.037333 0.338333 0.073333 0.166000
3 0.049333 0.665000 0.097333 0.147333
3 0.936333 0.533333 0.127333 0.118667
2 0.938333 0.334333 0.123333 0.139333
3 0.941667 0.043667 0.116667 0.086000
