0 0.345000 0.366667 0.210000 0.228000
0 0.307333 0.564667 0.220000 0.184000
0 0.424667 0.678667 0.200000 0.230667
0 0.261667 0.782667 0.202000 0.220000
0 0.115333 0.665667 0.192000 0.232667
0 0.128667 0.363667 0.238667 0.254000
0 0.565000 0.396000 0.246000 0.250667
0 0.746667 0.371667 0.246667 0.299333
0 0.902667 0.330667 0.194667 0.257333
0 0.932000 0.514000 0.136000 0.188000
0 0.818333 0.582667 0.264667 0.220000
0 0.800333 0.719000 0.228667 0.182000
0 0.765000 0.843667 0.186000 0.139333
0 0.550000 0.761667 0.208000 0.222000
0 0.578000 0.590000 0.192000 0.173333
0 0.393667 0.896000 0.246000 0.208000
0 0.551333 0.158000 0.304000 0.314667
0 0.323667 0.120667 0.192667 0.240000
