1 0.317000 0.177333 0.120667 0.201333
1 0.444667 0.152667 0.164000 0.228000
1 0.353667 0.046000 0.122000 0.092000
0 0.880333 0.763667 0.123333 0.124667
0 0.926333 0.923000 0.146000 0.144667
0 0.680667 0.752667 0.086667 0.086667
0 0.598667 0.777667 0.089333 0.096667
0 0.649000 0.641333 0.182000 0.156000
0 0.613667 0.538333 0.135333 0.155333
0 0.522000 0.662667 0.121333 0.121333
0 0.390667 0.668667 0.141333 0.153333
0 0.371333 0.774667 0.082667 0.078667
0 0.194333 0.619333 0.202000 0.200000
0 0.231000 0.786000 0.186000 0.165333
0 0.092333 0.793000 0.123333 0.139333
0 0.247000 0.386667 0.222000 0.192000
0 0.282333 0.512333 0.167333 0.131333
0 0.113667 0.350333 0.096667 0.107333
0 0.484333 0.466667 0.151333 0.165333
0 0.667333 0.461667 0.153333 0.099333
0 0.725000 0.533333 0.107333 0.089333
0 0.839000 0.477667 0.146000 0.175333
0 0.922000 0.628000 0.137333 0.137333
0 0.836000 0.604333 0.066667 0.060667
0 0.518000 0.932000 0.174667 0.134667
0 0.344333 0.932000 0.144667 0.134667
0 0.212667 0.265667 0.173333 0.127333
0 0.773333 0.328333 0.156000 0.123333
0 0.887333 0.288000 0.137333 0.168000
0 0.217667 0.150667 0.123333 0.172000
0 0.110667 0.455667 0.086667 0.103333
0 0.172667 0.944000 0.154667 0.110667
2 0.584000 0.054667 0.116000 0.109333
