2 0.089333 0.107000 0.106667 0.118000
3 0.187333 0.130667 0.090667 0.121333
3 0.268000 0.057333 0.104000 0.110667
3 0.356000 0.046333 0.112000 0.091333
3 0.450667 0.061000 0.077333 0.084667
2 0.526000 0.070667 0.076000 0.101333
2 0.603000 0.091000 0.172667 0.168667
2 0.693667 0.071667 0.034000 0.047333
3 0.708333 0.177667 0.112667 0.112667
2 0.604000 0.239333 0.110667 0.126667
2 0.411667 0.227667 0.147333 0.095333
3 0.311333 0.247000 0.073333 0.063333
3 0.292667 0.163667 0.108000 0.116667
2 0.400333 0.123000 0.144667 0.112667
2 0.116667 0.221667 0.096000 0.122000
2 0.212000 0.250333 0.109333 0.131333
3 0.149000 0.314333 0.067333 0.058000
3 0.312333 0.322667 0.106000 0.106667
3 0.452667 0.317333 0.144000 0.141333
2 0.540000 0.348667 0.084000 0.101333
3 0.620667 0.355667 0.101333 0.123333
3 0.731667 0.385667 0.046000 0.047333
3 0.645667 0.459333 0.036667 0.044000
3 0.660333 0.433333 0.043333 0.044000
2 0.736000 0.466000 0.105333 0.113333
3 0.681000 0.538667 0.106000 0.125333
3 0.590333 0.556000 0.091333 0.105333
3 0.562667 0.469000 0.162667 0.155333
2 0.465333 0.437667 0.093333 0.096667
2 0.376000 0.412333 0.124000 0.183333
3 0.374000 0.528333 0.061333 0.056667
3 0.258333 0.405333 0.111333 0.113333
2 0.096000 0.382667 0.157333 0.132000
3 0.133000 0.495667 0.146000 0.115333
2 0.100000 0.587000 0.125333 0.100667
3 0.257667 0.527000 0.158000 0.143333
3 0.284333 0.607667 0.123333 0.106000
3 0.386333 0.604000 0.070000 0.068000
3 0.359000 0.692000 0.047333 0.053333
3 0.134333 0.696667 0.104667 0.129333
2 0.241000 0.696000 0.135333 0.122667
3 0.482333 0.634667 0.107333 0.130667
2 0.583000 0.646667 0.104667 0.106667
2 0.678000 0.640667 0.088000 0.088000
2 0.661333 0.730667 0.112000 0.106667
3 0.561667 0.738667 0.082000 0.086667
2 0.061000 0.821333 0.119333 0.152000
3 0.156000 0.796667 0.101333 0.129333
3 0.124000 0.913333 0.120000 0.108000
3 0.250333 0.821333 0.090000 0.084000
2 0.220000 0.888333 0.048000 0.056667
2 0.342333 0.800667 0.096667 0.085333
3 0.314667 0.890000 0.120000 0.136000
2 0.429333 0.796333 0.070667 0.064667
3 0.523333 0.829667 0.110667 0.110000
3 0.422333 0.904000 0.112667 0.142667
2 0.511667 0.929333 0.078000 0.097333
3 0.592333 0.920333 0.095333 0.122000
3 0.689333 0.928667 0.094667 0.081333
3 0.709333 0.831000 0.126667 0.134000
2 0.810000 0.869667 0.104000 0.127333
2 0.915667 0.895000 0.111333 0.124667
3 0.938000 0.803667 0.124000 0.123333
3 0.961667 0.712333 0.062000 0.074000
3 0.868667 0.689667 0.158667 0.180667
3 0.755333 0.674667 0.089333 0.096000
3 0.782667 0.572000 0.116000 0.112000
3 0.887000 0.588333 0.108667 0.083333
2 0.909000 0.528667 0.059333 0.062667
3 0.952000 0.486333 0.029333 0.027333
2 0.907333 0.425667 0.068000 0.066000
2 0.823667 0.431667 0.103333 0.111333
3 0.861000 0.341333 0.079333 0.089333
2 0.759333 0.342667 0.089333 0.082667
2 0.726667 0.256667 0.132000 0.110667
3 0.802667 0.258000 0.040000 0.057333
2 0.862333 0.248000 0.095333 0.088000
3 0.942333 0.251333 0.079333 0.092000
3 0.966333 0.161333 0.067333 0.080000
3 0.884667 0.149000 0.116000 0.114000
3 0.794333 0.166000 0.063333 0.080000
2 0.782333 0.065667 0.099333 0.096667
3 0.889667 0.051667 0.114000 0.102000
0 0.506667 0.191000 0.082667 0.087333
0 0.794667 0.957667 0.121333 0.084667
0 0.438000 0.654333 0.074667 0.084667
0 0.495667 0.727333 0.068667 0.085333
0 0.341333 0.730333 0.058667 0.046000
0 0.444667 0.525667 0.089333 0.090000
0 0.186333 0.564667 0.071333 0.096000
0 0.392333 0.832667 0.048667 0.049333
0 0.919667 0.368667 0.056667 0.057333
0 0.433333 0.714667 0.117333 0.081333
3 0.182667 0.036333 0.100000 0.071333
2 0.035667 0.150333 0.070000 0.111333
3 0.044333 0.700333 0.087333 0.115333
3 0.294333 0.959000 0.103333 0.082000
