2 0.082667 0.130667 0.112000 0.116000
1 0.150667 0.066667 0.088000 0.076000
1 0.211667 0.146667 0.163333 0.181333
1 0.297333 0.166667 0.112000 0.142667
2 0.331333 0.085000 0.064000 0.066000
2 0.226667 0.037667 0.101333 0.074000
2 0.143667 0.232333 0.146000 0.128667
1 0.335667 0.258667 0.154000 0.124000
2 0.387667 0.177333 0.079333 0.085333
2 0.406000 0.069667 0.129333 0.138000
2 0.468333 0.104333 0.119333 0.123333
2 0.542333 0.060000 0.079333 0.080000
1 0.605333 0.101333 0.066667 0.081333
2 0.678000 0.100333 0.129333 0.115333
1 0.543000 0.169667 0.104667 0.151333
2 0.626667 0.209000 0.113333 0.144667
1 0.478667 0.250000 0.114667 0.149333
2 0.415000 0.298000 0.114000 0.096000
2 0.346333 0.373667 0.108667 0.138000
2 0.427667 0.366667 0.072667 0.084000
2 0.478333 0.356333 0.047333 0.060667
2 0.216333 0.364667 0.152667 0.140000
2 0.299000 0.430667 0.115333 0.141333
2 0.633667 0.338667 0.112667 0.101333
2 0.567000 0.389667 0.088667 0.080667
2 0.704333 0.389667 0.098000 0.104667
2 0.729000 0.481333 0.095333 0.102667
1 0.639333 0.478000 0.134667 0.150667
2 0.533667 0.486000 0.123333 0.130667
2 0.417333 0.457000 0.124000 0.114000
2 0.242333 0.502667 0.191333 0.142667
2 0.096333 0.501667 0.146000 0.148667
2 0.057000 0.577000 0.112667 0.106000
2 0.584333 0.591333 0.135333 0.113333
2 0.629667 0.678667 0.108667 0.100000
2 0.698333 0.639333 0.064667 0.074667
2 0.522333 0.686667 0.136667 0.128000
2 0.587333 0.773000 0.092000 0.092667
2 0.548667 0.835000 0.106667 0.096667
2 0.667000 0.849333 0.102000 0.106667
2 0.754333 0.917667 0.124667 0.111333
2 0.805000 0.831000 0.110000 0.134000
2 0.724667 0.769333 0.154667 0.145333
2 0.930000 0.893333 0.140000 0.140000
2 0.896000 0.968333 0.084000 0.063333
2 0.861000 0.613000 0.108667 0.144667
2 0.760000 0.569333 0.152000 0.140000
2 0.913333 0.505667 0.138667 0.136667
2 0.849333 0.461333 0.092000 0.094667
2 0.784333 0.412333 0.103333 0.128667
2 0.846333 0.361333 0.076667 0.086667
2 0.928000 0.382667 0.104000 0.118667
2 0.764000 0.298333 0.116000 0.115333
2 0.696000 0.247667 0.094667 0.107333
2 0.824667 0.235000 0.157333 0.159333
2 0.807667 0.125667 0.084667 0.074000
2 0.902333 0.146667 0.106000 0.141333
2 0.870333 0.053667 0.091333 0.078000
2 0.942333 0.072333 0.059333 0.074000
0 0.750333 0.087000 0.100667 0.088667
0 0.741333 0.148667 0.054667 0.058667
0 0.471667 0.603333 0.064667 0.062667
0 0.383667 0.561667 0.103333 0.084667
0 0.268667 0.718000 0.082667 0.090667
0 0.170333 0.682000 0.084667 0.078667
0 0.057333 0.731667 0.113333 0.102000
0 0.145333 0.771667 0.114667 0.088667
0 0.464667 0.804000 0.094667 0.101333
0 0.425000 0.881000 0.072667 0.068667
0 0.524000 0.928333 0.097333 0.083333
0 0.620667 0.957667 0.108000 0.084667
0 0.316000 0.925333 0.101333 0.089333
0 0.332000 0.836333 0.109333 0.108667
0 0.372667 0.760667 0.085333 0.082667
0 0.057667 0.821333 0.052667 0.050667
0 0.125000 0.860667 0.107333 0.093333
0 0.212000 0.882000 0.082667 0.086667
0 0.233000 0.797667 0.064667 0.068667
0 0.073333 0.933333 0.125333 0.117333
0 0.175667 0.968667 0.087333 0.062667
0 0.459333 0.965667 0.088000 0.068667
2 0.045667 0.099000 0.090000 0.122000
2 0.065667 0.330667 0.130000 0.136000
2 0.062000 0.433000 0.122667 0.134000
2 0.948333 0.812333 0.103333 0.162000
2 0.951000 0.605333 0.098000 0.134667
2 0.947667 0.254667 0.104667 0.140000
2 0.610333 0.030667 0.110000 0.060000
