2 0.427667 0.032000 0.103333 0.058667
2 0.493333 0.144667 0.162667 0.109333
2 0.621000 0.160667 0.132667 0.144000
2 0.386667 0.293333 0.090667 0.097333
2 0.446667 0.351333 0.092000 0.073333
2 0.374333 0.372333 0.063333 0.060667
2 0.483667 0.257000 0.138000 0.171333
2 0.602000 0.280333 0.112000 0.119333
2 0.708667 0.300333 0.116000 0.114000
2 0.567667 0.376333 0.095333 0.083333
2 0.430333 0.089667 0.092667 0.074000
2 0.307333 0.471667 0.108000 0.135333
2 0.390000 0.526333 0.088000 0.072667
2 0.419667 0.450000 0.136667 0.125333
2 0.686667 0.413667 0.144000 0.110000
2 0.545333 0.477000 0.182667 0.172667
2 0.340333 0.605000 0.139333 0.126000
2 0.714333 0.587000 0.122000 0.112667
3 0.606333 0.611000 0.091333 0.084667
2 0.492333 0.627667 0.148667 0.174000
2 0.412667 0.717333 0.084000 0.089333
2 0.362000 0.770000 0.057333 0.068000
2 0.299667 0.761000 0.074000 0.102000
1 0.433333 0.797000 0.049333 0.059333
2 0.534333 0.819333 0.046000 0.045333
2 0.352333 0.839667 0.084667 0.083333
2 0.266333 0.935333 0.064667 0.061333
2 0.360333 0.950333 0.114000 0.098000
2 0.438667 0.901000 0.065333 0.091333
2 0.454667 0.975667 0.034667 0.030000
2 0.521667 0.926000 0.106000 0.148000
2 0.749000 0.936000 0.146000 0.110667
2 0.781667 0.838000 0.142000 0.113333
2 0.907667 0.825000 0.146000 0.187333
2 0.695333 0.728333 0.181333 0.194000
2 0.832000 0.724333 0.126667 0.142000
2 0.625333 0.916667 0.134667 0.166667
3 0.831333 0.615000 0.074667 0.070000
2 0.747333 0.478667 0.113333 0.106667
2 0.833000 0.518000 0.060667 0.050667
2 0.926333 0.545000 0.120667 0.082000
2 0.870333 0.406667 0.186000 0.190667
3 0.808333 0.279000 0.098000 0.108667
2 0.913000 0.246333 0.128667 0.110000
2 0.760667 0.107667 0.138667 0.212667
2 0.888333 0.091000 0.131333 0.163333
0 0.072333 0.157667 0.104667 0.096667
0 0.068000 0.043333 0.058667 0.069333
0 0.954000 0.694000 0.090667 0.077333
0 0.756667 0.103667 0.128000 0.167333
0 0.482333 0.816667 0.052667 0.060000
0 0.291000 0.893667 0.083333 0.067333
2 0.947667 0.130333 0.104667 0.147333
2 0.656000 0.050667 0.132000 0.100000
2 0.530000 0.052000 0.145333 0.102667
