3 0.042667 0.039667 0.070667 0.072667
2 0.044333 0.123333 0.087333 0.092000
2 0.155667 0.111333 0.143333 0.126667
2 0.121667 0.237000 0.100667 0.152667
2 0.229333 0.249000 0.121333 0.162000
2 0.345333 0.261667 0.138667 0.143333
2 0.448333 0.217000 0.095333 0.086000
2 0.470667 0.133333 0.140000 0.136000
2 0.586000 0.159000 0.064000 0.067333
2 0.599333 0.056667 0.069333 0.081333
2 0.561667 0.228000 0.099333 0.084000
2 0.453333 0.300667 0.084000 0.093333
2 0.573333 0.331333 0.176000 0.205333
2 0.693667 0.230667 0.147333 0.166667
2 0.696667 0.121333 0.130667 0.085333
2 0.662333 0.406333 0.122000 0.142000
2 0.427000 0.400000 0.124667 0.134667
2 0.330333 0.387333 0.116667 0.121333
2 0.211000 0.375000 0.112667 0.095333
3 0.049333 0.430000 0.097333 0.077333
3 0.168333 0.451333 0.103333 0.108000
2 0.275000 0.461667 0.112667 0.104667
2 0.410333 0.497000 0.120667 0.095333
2 0.526667 0.505333 0.146667 0.153333
2 0.569333 0.583000 0.076000 0.070000
2 0.461333 0.588667 0.080000 0.084000
2 0.349000 0.568000 0.136667 0.140000
2 0.126667 0.517667 0.197333 0.196667
2 0.653000 0.515667 0.107333 0.084667
2 0.673667 0.620000 0.160667 0.130667
2 0.568667 0.698667 0.130667 0.148000
2 0.460667 0.680000 0.092000 0.120000
2 0.333333 0.697667 0.170667 0.136667
2 0.063667 0.736333 0.120667 0.190000
2 0.037667 0.623000 0.071333 0.088667
2 0.172000 0.767000 0.140000 0.228667
2 0.293333 0.789000 0.106667 0.132667
2 0.378667 0.797667 0.077333 0.086000
2 0.487333 0.809333 0.144000 0.156000
2 0.031667 0.875333 0.058000 0.072000
2 0.326000 0.907667 0.116000 0.115333
2 0.447333 0.932667 0.112000 0.124000
2 0.604667 0.850667 0.130667 0.162667
2 0.714333 0.869667 0.108667 0.124667
2 0.827000 0.868333 0.136667 0.147333
2 0.714333 0.747333 0.167333 0.148000
2 0.833667 0.748000 0.076667 0.073333
2 0.942333 0.891667 0.115333 0.131333
3 0.900667 0.632667 0.101333 0.100000
2 0.799667 0.650333 0.118000 0.122000
2 0.786000 0.528667 0.154667 0.145333
2 0.769667 0.427333 0.092667 0.092000
2 0.940000 0.483333 0.120000 0.146667
2 0.890333 0.345333 0.094000 0.114667
2 0.792000 0.319333 0.170667 0.137333
2 0.819333 0.174667 0.116000 0.124000
2 0.921667 0.207000 0.123333 0.162000
2 0.860000 0.076333 0.106667 0.092667
3 0.945000 0.082333 0.058000 0.052667
0 0.269000 0.102667 0.114000 0.117333
0 0.363333 0.093667 0.088000 0.107333
0 0.249000 0.547667 0.078000 0.074000
0 0.206333 0.600000 0.058000 0.064000
0 0.133667 0.626333 0.098000 0.080667
0 0.870000 0.455000 0.101333 0.096667
2 0.496667 0.048000 0.150667 0.094667
2 0.052667 0.226333 0.104000 0.134000
2 0.118000 0.921333 0.222667 0.157333
2 0.664333 0.947333 0.176667 0.105333
2 0.936333 0.766667 0.127333 0.165333
2 0.725333 0.048000 0.180000 0.094667
