0 0.449333 0.544333 0.230667 0.224667
0 0.549000 0.885000 0.135333 0.190000
0 0.866667 0.445667 0.180000 0.143333
0 0.907000 0.810000 0.123333 0.129333
0 0.102000 0.358667 0.133333 0.110667
0 0.217000 0.100000 0.068667 0.066667
0 0.219333 0.034667 0.076000 0.068000
0 0.697667 0.068667 0.088667 0.109333
0 0.569000 0.276333 0.100667 0.120667
0 0.453000 0.177667 0.063333 0.063333
0 0.358333 0.114000 0.187333 0.169333
0 0.150333 0.150333 0.066000 0.067333
0 0.130000 0.239667 0.101333 0.108667
0 0.353333 0.261667 0.078667 0.100667
0 0.176667 0.691333 0.076000 0.070667
0 0.059667 0.812333 0.064667 0.054000
0 0.067667 0.753667 0.066000 0.074000
0 0.213667 0.748333 0.092667 0.080667
0 0.289333 0.688333 0.066667 0.079333
0 0.116000 0.854000 0.066667 0.046667
0 0.320000 0.944667 0.109333 0.106667
0 0.440667 0.753000 0.168000 0.155333
0 0.180667 0.855000 0.045333 0.070000
0 0.091000 0.967333 0.102000 0.065333
0 0.723000 0.916333 0.099333 0.095333
0 0.841000 0.928667 0.048667 0.049333
0 0.875000 0.957000 0.072667 0.086000
0 0.937667 0.881333 0.124667 0.093333
0 0.605333 0.665333 0.116000 0.128000
0 0.747000 0.702000 0.131333 0.113333
0 0.610667 0.447667 0.101333 0.091333
0 0.708667 0.482667 0.117333 0.101333
0 0.671667 0.289000 0.104667 0.116667
0 0.898000 0.252000 0.092000 0.133333
0 0.823667 0.305000 0.119333 0.120667
