1 0.050333 0.918333 0.098000 0.150000
1 0.057333 0.786333 0.113333 0.124667
1 0.128333 0.839333 0.115333 0.129333
1 0.204667 0.914667 0.124000 0.120000
1 0.258333 0.846667 0.126000 0.121333
1 0.118333 0.719000 0.132667 0.107333
1 0.075000 0.563333 0.120667 0.106667
1 0.045333 0.656333 0.089333 0.107333
1 0.161333 0.627333 0.113333 0.116000
1 0.214333 0.699667 0.118000 0.130000
1 0.187333 0.529333 0.072000 0.084000
1 0.105667 0.485000 0.122000 0.110000
1 0.116667 0.376667 0.116000 0.128000
1 0.052667 0.322333 0.102667 0.130000
1 0.153667 0.277667 0.106000 0.100667
1 0.230000 0.382667 0.152000 0.166667
1 0.285000 0.289667 0.106000 0.080667
1 0.320333 0.412667 0.111333 0.109333
1 0.271000 0.493667 0.115333 0.102000
1 0.260333 0.595333 0.114000 0.105333
1 0.341667 0.921667 0.136667 0.130000
1 0.376333 0.821000 0.092667 0.100667
1 0.299000 0.749667 0.128667 0.110000
1 0.367000 0.681000 0.156667 0.147333
1 0.424333 0.612667 0.106000 0.110667
1 0.359667 0.550333 0.116667 0.110000
1 0.369333 0.343333 0.117333 0.121333
1 0.410333 0.471333 0.102000 0.096000
1 0.429667 0.964333 0.106000 0.068667
1 0.451333 0.898667 0.117333 0.124000
1 0.486667 0.796333 0.133333 0.135333
1 0.492667 0.688667 0.092000 0.088000
1 0.542000 0.615000 0.118667 0.099333
3 0.607333 0.688667 0.046667 0.045333
1 0.474333 0.546333 0.090000 0.079333
1 0.457667 0.395333 0.111333 0.098667
1 0.484667 0.311667 0.116000 0.100667
1 0.553333 0.389667 0.090667 0.082000
1 0.609667 0.327000 0.087333 0.080667
1 0.532000 0.485333 0.106667 0.113333
1 0.554667 0.944000 0.150667 0.108000
1 0.583333 0.853333 0.105333 0.097333
1 0.574000 0.758667 0.117333 0.140000
1 0.682000 0.808333 0.118667 0.142000
1 0.763333 0.874667 0.125333 0.120000
1 0.796000 0.804000 0.080000 0.054667
1 0.793000 0.766333 0.055333 0.035333
1 0.706333 0.732667 0.116667 0.101333
1 0.674000 0.611667 0.144000 0.138000
1 0.720333 0.511667 0.090000 0.102000
1 0.627333 0.474000 0.100000 0.100000
1 0.597667 0.556000 0.080667 0.098667
1 0.660333 0.397000 0.111333 0.115333
1 0.833000 0.944000 0.082000 0.101333
1 0.845333 0.728333 0.153333 0.164667
1 0.811000 0.583667 0.150000 0.134000
1 0.763667 0.450333 0.118000 0.143333
1 0.776333 0.320000 0.128667 0.129333
1 0.871333 0.382333 0.116000 0.130000
1 0.857333 0.483333 0.122667 0.125333
1 0.910333 0.620667 0.118000 0.149333
1 0.926000 0.785000 0.120000 0.120667
2 0.933333 0.932333 0.133333 0.132667
1 0.950667 0.465667 0.098667 0.147333
1 0.945667 0.253000 0.080667 0.082000
1 0.864667 0.223000 0.124000 0.132667
1 0.921000 0.137667 0.122000 0.136667
1 0.841000 0.074667 0.092667 0.088000
1 0.800667 0.140000 0.122667 0.137333
1 0.687000 0.261000 0.104667 0.118000
1 0.737000 0.187667 0.122000 0.136667
1 0.718000 0.065667 0.125333 0.108667
1 0.662000 0.126333 0.070667 0.072667
1 0.616000 0.174000 0.141333 0.124000
1 0.556667 0.239000 0.112000 0.104667
1 0.599333 0.062667 0.101333 0.113333
1 0.484333 0.052333 0.131333 0.099333
1 0.467000 0.166000 0.151333 0.140000
1 0.415000 0.245667 0.123333 0.104667
1 0.373667 0.106333 0.092667 0.098000
1 0.324333 0.192667 0.111333 0.134667
1 0.222667 0.213667 0.124000 0.116667
1 0.260000 0.124000 0.093333 0.092000
1 0.309333 0.065667 0.098667 0.086000
1 0.190667 0.081667 0.124000 0.112667
1 0.074333 0.217333 0.115333 0.118667
1 0.151333 0.153000 0.113333 0.122000
1 0.072667 0.089667 0.133333 0.134000
0 0.050000 0.160333 0.050667 0.075333
2 0.116000 0.969333 0.144000 0.060000
2 0.963667 0.691667 0.072667 0.095333
2 0.387667 0.044667 0.098000 0.089333
