2 0.176000 0.061000 0.101333 0.106000
3 0.120000 0.132000 0.121333 0.128000
3 0.119667 0.241333 0.134000 0.097333
2 0.081000 0.340000 0.094000 0.109333
2 0.189333 0.345333 0.124000 0.114667
2 0.083000 0.444667 0.111333 0.100000
2 0.099000 0.471667 0.043333 0.028667
2 0.351000 0.273000 0.086000 0.102000
2 0.455333 0.267667 0.126667 0.139333
3 0.560000 0.278667 0.042667 0.044000
2 0.302000 0.093000 0.093333 0.130000
2 0.399333 0.114667 0.109333 0.137333
2 0.468667 0.045000 0.058667 0.062000
2 0.514000 0.130333 0.109333 0.115333
2 0.667333 0.052000 0.113333 0.101333
3 0.654000 0.172667 0.110667 0.134667
2 0.754000 0.212667 0.044000 0.054667
2 0.706667 0.290667 0.089333 0.105333
2 0.678333 0.711667 0.104667 0.112667
3 0.679667 0.829333 0.030000 0.045333
2 0.573333 0.788333 0.161333 0.166000
3 0.764333 0.829000 0.066000 0.079333
3 0.760333 0.891333 0.063333 0.065333
3 0.823333 0.874000 0.032000 0.038667
3 0.876333 0.955667 0.080667 0.078000
2 0.892333 0.774667 0.115333 0.150667
2 0.786667 0.731000 0.102667 0.108667
2 0.763333 0.505667 0.170667 0.170000
3 0.858333 0.542333 0.107333 0.140667
2 0.795000 0.337000 0.060667 0.075333
3 0.816667 0.111000 0.133333 0.170000
2 0.942333 0.149333 0.080667 0.098667
0 0.412000 0.382667 0.086667 0.086667
0 0.564333 0.349667 0.084667 0.080667
0 0.823000 0.663667 0.104667 0.087333
0 0.914000 0.690000 0.077333 0.074667
0 0.445333 0.661333 0.052000 0.058667
0 0.573667 0.677000 0.083333 0.076667
0 0.303000 0.350333 0.103333 0.103333
0 0.198000 0.441333 0.074667 0.062667
0 0.246333 0.746333 0.139333 0.123333
0 0.366667 0.703000 0.097333 0.072667
0 0.454333 0.785667 0.115333 0.092667
0 0.266000 0.635333 0.078667 0.108000
0 0.363667 0.592000 0.060667 0.072000
0 0.136333 0.709000 0.074000 0.076667
0 0.675000 0.886667 0.104667 0.090667
0 0.257333 0.227667 0.094667 0.090000
0 0.463000 0.917000 0.072667 0.055333
2 0.925000 0.048667 0.111333 0.096000
