2 0.180000 0.152000 0.122667 0.148000
2 0.266667 0.111000 0.100000 0.103333
3 0.314333 0.178333 0.082000 0.083333
2 0.467333 0.113333 0.117333 0.140000
2 0.396333 0.195667 0.079333 0.099333
2 0.523333 0.209333 0.114667 0.132000
2 0.592667 0.112333 0.134667 0.138000
2 0.619333 0.219667 0.065333 0.051333
2 0.708000 0.137667 0.121333 0.135333
2 0.721667 0.241667 0.112667 0.100667
2 0.712667 0.326000 0.104000 0.125333
3 0.596333 0.302000 0.140667 0.142667
2 0.392333 0.300667 0.110000 0.136000
2 0.278333 0.273333 0.167333 0.170667
2 0.165333 0.275333 0.109333 0.102667
2 0.055333 0.347333 0.109333 0.136000
2 0.166333 0.370333 0.131333 0.107333
2 0.295000 0.385333 0.159333 0.102667
2 0.471333 0.396000 0.109333 0.120000
2 0.581667 0.417667 0.118000 0.108667
3 0.681333 0.433000 0.092000 0.096667
2 0.247667 0.477333 0.128667 0.106667
2 0.377333 0.489667 0.128000 0.147333
2 0.475667 0.500000 0.082000 0.096000
2 0.568333 0.510000 0.100667 0.093333
2 0.676667 0.529000 0.112000 0.099333
3 0.446333 0.587333 0.070000 0.070667
2 0.349667 0.596667 0.100667 0.093333
2 0.386333 0.667667 0.078000 0.078000
2 0.120667 0.559333 0.094667 0.106667
3 0.233667 0.589667 0.138000 0.138000
3 0.548333 0.607000 0.099333 0.106000
2 0.655667 0.625000 0.115333 0.114000
2 0.569000 0.710333 0.078000 0.088667
3 0.675667 0.699000 0.082000 0.067333
2 0.478000 0.672333 0.113333 0.127333
2 0.290667 0.728333 0.104000 0.136667
2 0.398333 0.747333 0.124667 0.101333
3 0.666667 0.765333 0.102667 0.082667
3 0.120333 0.826667 0.075333 0.069333
2 0.211333 0.835000 0.109333 0.107333
2 0.051667 0.908333 0.083333 0.103333
2 0.107667 0.926000 0.063333 0.093333
2 0.183000 0.933667 0.086000 0.094000
2 0.274667 0.929667 0.106667 0.127333
2 0.366667 0.951667 0.090667 0.096667
2 0.355000 0.852333 0.111333 0.116667
2 0.464000 0.850667 0.108000 0.125333
3 0.531000 0.836333 0.043333 0.052667
2 0.599000 0.857333 0.087333 0.109333
2 0.520667 0.932333 0.116000 0.135333
2 0.620000 0.936000 0.070667 0.069333
2 0.684333 0.872333 0.100667 0.135333
3 0.698667 0.951333 0.058667 0.045333
2 0.765000 0.872000 0.079333 0.092000
3 0.770000 0.953667 0.090667 0.091333
2 0.834333 0.876333 0.090000 0.099333
3 0.847000 0.945667 0.060667 0.052667
3 0.919667 0.885333 0.098000 0.104000
3 0.930000 0.965000 0.069333 0.068667
3 0.833000 0.778000 0.072667 0.081333
3 0.766667 0.693333 0.104000 0.126667
3 0.843333 0.705667 0.058667 0.063333
3 0.931667 0.730333 0.111333 0.100667
3 0.818333 0.627667 0.075333 0.082000
2 0.925333 0.636000 0.149333 0.118667
2 0.881667 0.466667 0.123333 0.134667
2 0.776667 0.453667 0.118667 0.171333
2 0.784000 0.331667 0.070667 0.088667
3 0.886333 0.351000 0.111333 0.095333
2 0.827000 0.245000 0.090000 0.078000
2 0.924667 0.230667 0.150667 0.164000
2 0.815667 0.142667 0.108667 0.134667
2 0.873333 0.065333 0.106667 0.126667
0 0.873333 0.183667 0.062667 0.080667
0 0.354000 0.131000 0.110667 0.068667
0 0.466000 0.315000 0.073333 0.076667
0 0.126667 0.467667 0.105333 0.087333
0 0.074000 0.647333 0.101333 0.082667
0 0.211667 0.680000 0.072667 0.086667
0 0.125667 0.746667 0.107333 0.082667
0 0.339667 0.076000 0.091333 0.078667
0 0.746000 0.791667 0.078667 0.080667
0 0.941667 0.806000 0.091333 0.093333
0 0.088333 0.245333 0.068667 0.082667
2 0.064667 0.077333 0.128000 0.152000
3 0.043333 0.536000 0.085333 0.130667
2 0.944000 0.542000 0.112000 0.118667
2 0.755667 0.045667 0.126000 0.090000
