3 0.187000 0.070667 0.108667 0.109333
2 0.297333 0.068000 0.114667 0.101333
2 0.264333 0.169333 0.094000 0.118667
2 0.040000 0.218333 0.078667 0.096667
2 0.137000 0.238667 0.175333 0.156000
2 0.108000 0.360333 0.153333 0.127333
2 0.241333 0.280333 0.096000 0.104667
2 0.362333 0.160000 0.104667 0.113333
2 0.421667 0.023667 0.048667 0.046000
2 0.446000 0.065000 0.145333 0.114000
2 0.579333 0.070000 0.125333 0.121333
2 0.701667 0.063667 0.106000 0.123333
2 0.651000 0.196667 0.092667 0.128000
2 0.560000 0.200000 0.133333 0.170667
2 0.456667 0.184333 0.089333 0.100667
2 0.338333 0.260333 0.104667 0.122000
2 0.428000 0.326667 0.180000 0.204000
2 0.480667 0.394667 0.072000 0.070667
2 0.247000 0.374000 0.130000 0.096000
2 0.199000 0.447333 0.152667 0.096000
2 0.119000 0.466333 0.036667 0.039333
2 0.582000 0.356000 0.182667 0.140000
2 0.151000 0.534333 0.130000 0.090000
2 0.255333 0.566000 0.118667 0.145333
2 0.354000 0.519000 0.120000 0.186000
2 0.475000 0.485333 0.098000 0.096000
2 0.605667 0.478000 0.170000 0.112000
2 0.589667 0.570000 0.110000 0.094667
2 0.575667 0.645667 0.127333 0.108667
2 0.458667 0.571667 0.116000 0.100667
2 0.416000 0.677667 0.146667 0.138000
2 0.137333 0.618667 0.105333 0.088000
2 0.121000 0.718667 0.163333 0.137333
2 0.212333 0.771667 0.075333 0.095333
2 0.310000 0.765667 0.121333 0.144667
2 0.531667 0.730667 0.139333 0.124000
2 0.602000 0.819667 0.114667 0.118000
2 0.504000 0.850000 0.092000 0.117333
2 0.405667 0.794333 0.106000 0.094000
2 0.393000 0.872000 0.102000 0.081333
2 0.470000 0.921000 0.109333 0.083333
2 0.266667 0.876667 0.133333 0.098667
2 0.096000 0.877667 0.178667 0.179333
2 0.700000 0.754667 0.102667 0.121333
2 0.812333 0.788333 0.123333 0.142000
2 0.762333 0.929333 0.060667 0.072000
2 0.867667 0.944667 0.122000 0.108000
2 0.911333 0.773667 0.117333 0.119333
2 0.945667 0.636667 0.108667 0.164000
2 0.841667 0.654000 0.110000 0.112000
2 0.757333 0.588000 0.214667 0.174667
2 0.783000 0.462333 0.183333 0.119333
2 0.751333 0.347333 0.144000 0.124000
2 0.891000 0.355000 0.130000 0.152667
2 0.750000 0.235000 0.140000 0.124667
2 0.883333 0.225333 0.126667 0.105333
2 0.862667 0.141333 0.064000 0.056000
0 0.929667 0.505000 0.111333 0.096667
0 0.861333 0.461667 0.066667 0.050000
0 0.258333 0.685000 0.127333 0.116667
0 0.656667 0.665333 0.082667 0.090667
0 0.693667 0.867333 0.074000 0.078667
0 0.647333 0.280333 0.064000 0.060667
0 0.382333 0.927000 0.052667 0.040667
2 0.293333 0.953667 0.180000 0.092667
2 0.961333 0.167333 0.077333 0.105333
2 0.804667 0.076000 0.102667 0.150667
2 0.071667 0.101333 0.142000 0.133333
