2 0.117667 0.066000 0.122000 0.088000
2 0.271667 0.074000 0.087333 0.124000
2 0.095667 0.137333 0.131333 0.140000
2 0.199000 0.166667 0.108667 0.138667
2 0.295667 0.195333 0.091333 0.094667
2 0.364000 0.131000 0.122667 0.196667
2 0.469333 0.137333 0.112000 0.162667
3 0.499667 0.234000 0.062000 0.061333
3 0.344667 0.307333 0.053333 0.072000
2 0.578000 0.151667 0.108000 0.123333
2 0.692333 0.048667 0.123333 0.088000
2 0.686000 0.055000 0.117333 0.106000
2 0.698667 0.176000 0.144000 0.169333
3 0.716000 0.307333 0.053333 0.066667
2 0.621667 0.261667 0.147333 0.160667
2 0.429667 0.341000 0.140667 0.178000
2 0.539333 0.359667 0.144000 0.194000
2 0.642000 0.408667 0.105333 0.132000
2 0.245667 0.278667 0.154000 0.129333
2 0.121333 0.258333 0.109333 0.111333
3 0.044333 0.251000 0.087333 0.098000
2 0.546000 0.498667 0.138667 0.109333
2 0.512000 0.568667 0.065333 0.065333
2 0.401667 0.537667 0.151333 0.160667
2 0.084000 0.390667 0.128000 0.176000
2 0.189333 0.381667 0.092000 0.099333
2 0.304000 0.407000 0.157333 0.166000
2 0.161667 0.486333 0.136667 0.111333
2 0.053667 0.535000 0.078000 0.066000
2 0.280000 0.516667 0.120000 0.113333
2 0.646333 0.607333 0.210000 0.218667
2 0.532667 0.680667 0.101333 0.118667
2 0.435333 0.651000 0.116000 0.116667
2 0.309667 0.620000 0.123333 0.124000
3 0.257333 0.707667 0.066667 0.070000
2 0.137000 0.691333 0.206000 0.200000
2 0.146333 0.571667 0.172667 0.120667
2 0.114333 0.815667 0.142000 0.136667
2 0.087333 0.912667 0.088000 0.080000
2 0.219667 0.909333 0.199333 0.176000
2 0.330333 0.768667 0.170000 0.173333
2 0.461667 0.794333 0.103333 0.164667
2 0.488000 0.932000 0.149333 0.128000
2 0.580667 0.811667 0.169333 0.176667
2 0.636333 0.929333 0.164667 0.130667
2 0.743667 0.743333 0.170000 0.168000
2 0.760333 0.867667 0.104667 0.096667
2 0.857667 0.771333 0.082000 0.097333
2 0.853667 0.876333 0.092667 0.108667
2 0.950333 0.893000 0.099333 0.136667
2 0.730000 0.521333 0.164000 0.142667
2 0.818333 0.562667 0.160667 0.164000
2 0.724000 0.407000 0.129333 0.134000
2 0.844667 0.434000 0.121333 0.113333
2 0.819000 0.320333 0.158000 0.130000
2 0.945000 0.331667 0.110000 0.155333
2 0.883000 0.227667 0.151333 0.111333
2 0.818000 0.091333 0.144000 0.157333
2 0.956333 0.160000 0.087333 0.085333
0 0.830667 0.667667 0.102667 0.103333
0 0.941000 0.482667 0.118000 0.145333
0 0.049667 0.475000 0.098000 0.100667
2 0.469333 0.037667 0.124000 0.074000
