2 0.104000 0.093000 0.064000 0.070000
3 0.160000 0.149333 0.096000 0.106667
3 0.040667 0.213667 0.068000 0.055333
3 0.127333 0.227000 0.081333 0.070000
2 0.069667 0.281667 0.080667 0.070000
2 0.051000 0.364333 0.100667 0.110000
2 0.134667 0.368333 0.068000 0.067333
2 0.157667 0.322667 0.090000 0.122667
3 0.207333 0.247000 0.078667 0.090000
3 0.312333 0.264333 0.134000 0.148667
3 0.247000 0.326667 0.031333 0.030667
3 0.280000 0.172333 0.049333 0.038000
2 0.314667 0.112667 0.086667 0.089333
3 0.369667 0.045333 0.032667 0.049333
2 0.525667 0.049667 0.043333 0.052667
3 0.393667 0.124000 0.063333 0.058667
2 0.375000 0.185000 0.087333 0.098000
2 0.464333 0.133333 0.076667 0.093333
2 0.454667 0.206000 0.030667 0.030667
2 0.551000 0.116000 0.112667 0.106667
2 0.662667 0.052333 0.102667 0.088667
2 0.738333 0.089333 0.084667 0.092000
2 0.701333 0.176333 0.124000 0.124667
2 0.548000 0.220333 0.140000 0.128667
2 0.419667 0.325667 0.139333 0.122000
3 0.424333 0.418333 0.086000 0.078000
2 0.352333 0.398000 0.076667 0.117333
3 0.241667 0.385667 0.086000 0.080667
2 0.671333 0.307333 0.121333 0.116000
3 0.609667 0.464667 0.078000 0.077333
3 0.711333 0.395333 0.026667 0.022667
3 0.547333 0.358000 0.096000 0.101333
2 0.720333 0.481333 0.106000 0.118667
2 0.518000 0.443333 0.116000 0.114667
2 0.132333 0.490667 0.119333 0.109333
3 0.049333 0.567333 0.096000 0.100000
2 0.571667 0.541333 0.076667 0.074667
2 0.495000 0.537667 0.083333 0.091333
3 0.395667 0.530667 0.111333 0.144000
2 0.303333 0.591000 0.138667 0.148667
2 0.200000 0.599667 0.088000 0.100667
2 0.143000 0.681000 0.130000 0.131333
2 0.342667 0.729333 0.112000 0.100000
2 0.486667 0.639667 0.114667 0.120667
2 0.592667 0.665333 0.097333 0.110667
2 0.676000 0.694000 0.072000 0.081333
2 0.180000 0.786000 0.088000 0.084000
3 0.302000 0.812333 0.138667 0.135333
3 0.471000 0.751000 0.139333 0.126000
2 0.590333 0.763000 0.106000 0.096667
3 0.589000 0.849000 0.070000 0.072667
3 0.684667 0.881333 0.117333 0.121333
2 0.699667 0.962333 0.098000 0.075333
2 0.308333 0.937333 0.134000 0.125333
1 0.399667 0.899667 0.038000 0.055333
2 0.493667 0.926667 0.166000 0.146667
2 0.195667 0.906000 0.118000 0.170667
2 0.117667 0.885667 0.074000 0.130000
2 0.877667 0.931333 0.132667 0.136000
2 0.893667 0.813667 0.116667 0.131333
2 0.779667 0.811333 0.119333 0.117333
2 0.766333 0.703000 0.123333 0.118000
2 0.860000 0.707333 0.072000 0.070667
2 0.899667 0.619333 0.091333 0.116000
3 0.954000 0.522000 0.088000 0.102667
2 0.843333 0.508000 0.137333 0.138667
3 0.801667 0.418333 0.048667 0.047333
3 0.774667 0.328667 0.105333 0.125333
3 0.884333 0.361000 0.124667 0.112667
3 0.888667 0.269333 0.116000 0.077333
3 0.827667 0.207333 0.038000 0.041333
2 0.820333 0.108667 0.094000 0.132000
3 0.876333 0.038000 0.052667 0.069333
2 0.923000 0.109667 0.119333 0.144667
2 0.644333 0.384333 0.100667 0.092667
0 0.213667 0.442333 0.092667 0.096667
0 0.138000 0.429333 0.070667 0.066667
0 0.044333 0.461667 0.087333 0.103333
0 0.730667 0.594000 0.109333 0.133333
0 0.813667 0.622333 0.096667 0.104667
0 0.778000 0.935333 0.066667 0.056000
0 0.089333 0.773000 0.110667 0.127333
0 0.408667 0.272000 0.066667 0.062667
0 0.451667 0.244333 0.056667 0.064667
0 0.790333 0.220333 0.038000 0.076667
0 0.926333 0.449333 0.072667 0.074667
0 0.716333 0.402000 0.076667 0.077333
0 0.253000 0.697000 0.107333 0.092667
0 0.487333 0.834333 0.066667 0.072667
2 0.045667 0.857000 0.090000 0.126000
3 0.968333 0.371667 0.063333 0.112667
2 0.462333 0.044667 0.108667 0.088000
