2 0.080000 0.104333 0.153333 0.199333
2 0.210000 0.117333 0.145333 0.156000
2 0.312667 0.223333 0.217333 0.225333
2 0.177333 0.236333 0.093333 0.082000
2 0.170000 0.308333 0.158667 0.134000
2 0.155000 0.436667 0.136667 0.152000
2 0.264000 0.444333 0.136000 0.142000
2 0.294667 0.356667 0.098667 0.082667
2 0.324667 0.348000 0.040000 0.060000
2 0.403000 0.363667 0.151333 0.152667
3 0.348667 0.031333 0.046667 0.060000
2 0.445000 0.092000 0.172667 0.182667
2 0.560667 0.100333 0.117333 0.140667
2 0.688667 0.110000 0.149333 0.166667
2 0.589333 0.233000 0.161333 0.174000
2 0.693333 0.349000 0.174667 0.147333
2 0.667000 0.441000 0.166000 0.155333
2 0.631667 0.548667 0.203333 0.180000
2 0.539333 0.414000 0.145333 0.113333
2 0.383000 0.478333 0.130000 0.115333
2 0.314333 0.574667 0.164667 0.166667
2 0.432333 0.578333 0.136667 0.162000
2 0.722667 0.638333 0.092000 0.098000
2 0.141667 0.654667 0.140667 0.196000
2 0.241000 0.683000 0.126000 0.158000
2 0.365000 0.710000 0.131333 0.140000
2 0.356333 0.501000 0.051333 0.032667
2 0.475000 0.723667 0.143333 0.172667
2 0.536667 0.606667 0.152000 0.166667
2 0.613000 0.750000 0.152667 0.170667
2 0.557333 0.858667 0.085333 0.085333
2 0.341333 0.818667 0.108000 0.098667
2 0.450333 0.851667 0.170000 0.174000
2 0.230333 0.784667 0.092667 0.072000
2 0.120333 0.793000 0.104667 0.112667
2 0.162333 0.894000 0.135333 0.184000
2 0.267667 0.899333 0.192667 0.201333
2 0.808333 0.894333 0.194000 0.146000
2 0.839333 0.808667 0.258667 0.186667
1 0.952000 0.716667 0.084000 0.110667
2 0.853000 0.701667 0.163333 0.134000
2 0.800667 0.579667 0.152000 0.140667
2 0.893667 0.575000 0.094000 0.126000
2 0.813333 0.478000 0.145333 0.108000
2 0.822333 0.370333 0.155333 0.151333
2 0.925333 0.398667 0.118667 0.202667
2 0.742667 0.241333 0.164000 0.148000
2 0.848667 0.169000 0.141333 0.126000
2 0.947667 0.196000 0.103333 0.104000
2 0.955667 0.095000 0.088667 0.088667
2 0.851667 0.073000 0.176667 0.143333
0 0.668000 0.795000 0.085333 0.083333
2 0.049667 0.407333 0.098000 0.168000
2 0.050667 0.658000 0.100000 0.189333
2 0.044333 0.876000 0.087333 0.172000
2 0.375667 0.940333 0.120667 0.119333
2 0.941000 0.911667 0.118000 0.176667
