2 0.349000 0.059333 0.100667 0.101333
2 0.534333 0.127667 0.063333 0.083333
2 0.522667 0.236333 0.068000 0.070000
2 0.435667 0.168667 0.171333 0.190667
2 0.217333 0.113667 0.180000 0.123333
2 0.146667 0.216333 0.102667 0.095333
2 0.279667 0.208000 0.179333 0.154667
2 0.336667 0.162000 0.054667 0.062667
2 0.279667 0.342667 0.152667 0.129333
2 0.159667 0.322333 0.120667 0.142000
2 0.060333 0.187667 0.118000 0.175333
2 0.065333 0.307667 0.084000 0.104667
3 0.471333 0.351333 0.062667 0.077333
2 0.398333 0.351667 0.098000 0.112667
2 0.088333 0.425667 0.148667 0.136667
2 0.210333 0.449000 0.084667 0.103333
2 0.329333 0.480000 0.156000 0.161333
2 0.136333 0.539667 0.126000 0.116667
2 0.252667 0.577333 0.138667 0.125333
2 0.120333 0.639333 0.164667 0.112000
2 0.278667 0.654667 0.122667 0.113333
2 0.102000 0.737667 0.145333 0.094000
0 0.490333 0.847333 0.246000 0.204000
0 0.630667 0.695000 0.200000 0.210000
0 0.531667 0.494000 0.240667 0.216000
0 0.499333 0.621000 0.172000 0.147333
0 0.806333 0.450667 0.171333 0.165333
0 0.781333 0.308000 0.157333 0.152000
0 0.645667 0.143667 0.194000 0.182000
0 0.825667 0.167667 0.158000 0.186000
0 0.943000 0.192000 0.114000 0.189333
0 0.653000 0.416000 0.091333 0.109333
0 0.574333 0.332333 0.127333 0.143333
0 0.707667 0.729333 0.151333 0.145333
0 0.394333 0.657667 0.095333 0.123333
0 0.655000 0.273667 0.135333 0.123333
0 0.315667 0.748333 0.107333 0.115333
0 0.697333 0.546333 0.130667 0.131333
0 0.639667 0.887000 0.158000 0.194000
2 0.212000 0.042667 0.158667 0.084000
2 0.039333 0.532000 0.077333 0.098667
