2 0.062667 0.152667 0.124000 0.158667
2 0.200667 0.066000 0.114667 0.105333
2 0.327333 0.084333 0.137333 0.132667
2 0.441667 0.104667 0.108667 0.138667
2 0.520667 0.133667 0.053333 0.060667
2 0.617667 0.078000 0.104667 0.094667
3 0.605667 0.180000 0.062000 0.073333
2 0.511000 0.227000 0.108667 0.100667
2 0.421333 0.217000 0.060000 0.070000
2 0.315667 0.207000 0.155333 0.180667
2 0.181333 0.186667 0.126667 0.169333
3 0.074333 0.258667 0.079333 0.066667
3 0.174667 0.319000 0.110667 0.098000
2 0.291333 0.330000 0.105333 0.101333
2 0.464667 0.344333 0.104000 0.118000
2 0.680667 0.271667 0.132000 0.110000
2 0.576667 0.333667 0.124000 0.154000
2 0.680000 0.376333 0.082667 0.095333
2 0.357667 0.386333 0.156667 0.136667
2 0.535333 0.464667 0.136000 0.132000
3 0.655333 0.460000 0.102667 0.092000
2 0.346667 0.487000 0.129333 0.112667
2 0.121667 0.468333 0.128667 0.128667
2 0.221667 0.512333 0.135333 0.164667
2 0.083333 0.580667 0.136000 0.105333
3 0.433333 0.539000 0.092000 0.114000
2 0.318333 0.576667 0.128667 0.094667
3 0.519667 0.541000 0.075333 0.072667
2 0.625667 0.540000 0.095333 0.076000
2 0.614000 0.654000 0.158667 0.153333
3 0.484000 0.635667 0.101333 0.084667
2 0.399667 0.655333 0.078000 0.078667
2 0.305667 0.672000 0.103333 0.098667
2 0.192333 0.657667 0.142000 0.160667
2 0.072000 0.685667 0.102667 0.098000
2 0.190000 0.761000 0.064000 0.074000
2 0.275333 0.772000 0.104000 0.110667
2 0.373333 0.753667 0.082667 0.090000
2 0.470667 0.723667 0.117333 0.099333
2 0.455333 0.824667 0.145333 0.125333
2 0.575667 0.844667 0.102000 0.125333
2 0.675333 0.771333 0.089333 0.070667
2 0.786000 0.779667 0.137333 0.144667
2 0.891000 0.830000 0.118000 0.128000
2 0.890333 0.701000 0.144667 0.124667
3 0.970000 0.764000 0.052000 0.050667
3 0.819000 0.611667 0.092667 0.080667
3 0.731333 0.563333 0.114667 0.140000
3 0.888667 0.562000 0.070667 0.061333
3 0.778333 0.401000 0.116667 0.135333
2 0.801667 0.259667 0.104667 0.118000
2 0.900333 0.254000 0.106000 0.124000
2 0.712333 0.173667 0.146000 0.100667
2 0.723333 0.079333 0.145333 0.088000
2 0.428667 0.906000 0.113333 0.085333
3 0.059000 0.890333 0.116667 0.084667
2 0.799667 0.908333 0.136667 0.112667
0 0.896000 0.084000 0.128000 0.124000
0 0.812000 0.067000 0.066667 0.068667
0 0.831667 0.526333 0.124667 0.094000
0 0.574000 0.739667 0.092000 0.082000
0 0.675000 0.708333 0.078000 0.068667
0 0.606333 0.909667 0.084667 0.060667
0 0.347333 0.811667 0.046667 0.048667
0 0.209667 0.822333 0.052667 0.048667
0 0.209000 0.927333 0.087333 0.113333
0 0.623333 0.962000 0.072000 0.076000
0 0.913333 0.482667 0.137333 0.097333
0 0.684667 0.974333 0.044000 0.043333
0 0.925333 0.943667 0.045333 0.043333
2 0.071333 0.347667 0.141333 0.136667
2 0.084667 0.789000 0.168000 0.131333
2 0.511667 0.956000 0.146000 0.088000
2 0.925667 0.384667 0.148667 0.144000
2 0.082667 0.056333 0.144000 0.111333
