1 0.317000 0.822667 0.120667 0.201333
1 0.444667 0.847333 0.164000 0.228000
1 0.353667 0.954000 0.122000 0.092000
0 0.880333 0.236333 0.123333 0.124667
0 0.926333 0.077000 0.146000 0.144667
0 0.680667 0.247333 0.086667 0.086667
0 0.598667 0.222333 0.089333 0.096667
0 0.649000 0.358667 0.182000 0.156000
0 0.613667 0.461667 0.135333 0.155333
0 0.522000 0.337333 0.121333 0.121333
0 0.390667 0.331333 0.141333 0.153333
0 0.371333 0.225333 0.082667 0.078667
0 0.194333 0.380667 0.202000 0.200000
0 0.231000 0.214000 0.186000 0.165333
0 0.092333 0.207000 0.123333 0.139333
0 0.247000 0.613333 0.222000 0.192000
0 0.282333 0.487667 0.167333 0.131333
0 0.113667 0.649667 0.096667 0.107333
0 0.484333 0.533333 0.151333 0.165333
0 0.667333 0.538333 0.153333 0.099333
0 0.725000 0.466667 0.107333 0.089333
0 0.839000 0.522333 0.146000 0.175333
0 0.922000 0.372000 0.137333 0.137333
0 0.836000 0.395667 0.066667 0.060667
0 0.518000 0.068000 0.174667 0.134667
0 0.344333 0.068000 0.144667 0.134667
0 0.212667 0.734333 0.173333 0.127333
0 0.773333 0.671667 0.156000 0.123333
0 0.887333 0.712000 0.137333 0.168000
0 0.217667 0.849333 0.123333 0.172000
0 0.110667 0.544333 0.086667 0.103333
0 0.172667 0.056000 0.154667 0.110667
2 0.584000 0.945333 0.116000 0.109333
