2 0.196667 0.059333 0.118667 0.114667
2 0.222333 0.186333 0.178000 0.183333
2 0.334333 0.196000 0.058000 0.084000
2 0.090667 0.163667 0.102667 0.123333
2 0.135667 0.279667 0.166000 0.158000
2 0.309667 0.290333 0.152667 0.123333
3 0.430333 0.188000 0.128667 0.133333
2 0.525667 0.125333 0.140667 0.117333
2 0.530000 0.224333 0.093333 0.100667
2 0.548000 0.337000 0.113333 0.114000
2 0.646000 0.259333 0.157333 0.201333
2 0.438333 0.333333 0.140667 0.177333
2 0.334000 0.409667 0.140000 0.152667
2 0.214000 0.404667 0.113333 0.209333
2 0.100333 0.506667 0.103333 0.089333
2 0.329000 0.533667 0.139333 0.119333
2 0.428667 0.567333 0.092000 0.136000
2 0.641333 0.447000 0.158667 0.171333
2 0.672000 0.590000 0.149333 0.136000
3 0.555667 0.652000 0.099333 0.096000
2 0.168667 0.592333 0.072000 0.054000
2 0.687667 0.693000 0.107333 0.082000
2 0.193667 0.717333 0.140667 0.174667
2 0.305000 0.722000 0.118000 0.152000
2 0.405000 0.749000 0.128667 0.171333
2 0.152000 0.848667 0.129333 0.149333
2 0.137667 0.940000 0.108667 0.090667
2 0.061667 0.837667 0.122000 0.139333
2 0.261667 0.862333 0.131333 0.152667
2 0.361333 0.866000 0.104000 0.112000
2 0.329000 0.954333 0.086000 0.091333
2 0.474333 0.859000 0.114000 0.110000
2 0.587000 0.811000 0.212667 0.215333
2 0.644333 0.894000 0.123333 0.133333
2 0.889333 0.704000 0.080000 0.070667
3 0.941333 0.623000 0.036000 0.042000
2 0.773333 0.605333 0.068000 0.068000
2 0.800000 0.488333 0.176000 0.183333
3 0.923333 0.426000 0.064000 0.080000
2 0.764333 0.283000 0.110000 0.140667
2 0.872000 0.287000 0.181333 0.174000
2 0.761667 0.152667 0.204667 0.161333
3 0.960000 0.080000 0.068000 0.093333
2 0.868333 0.054333 0.132667 0.106000
2 0.645333 0.040667 0.062667 0.072000
2 0.730000 0.048333 0.181333 0.095333
2 0.808000 0.704667 0.133333 0.154667
0 0.108000 0.410000 0.129333 0.133333
0 0.233333 0.557333 0.113333 0.129333
0 0.242667 0.950667 0.084000 0.098667
0 0.490000 0.465667 0.141333 0.131333
0 0.820000 0.874667 0.144000 0.145333
0 0.940333 0.710000 0.084667 0.090667
0 0.827000 0.406667 0.128667 0.102667
0 0.631667 0.146333 0.074000 0.110000
0 0.810000 0.953333 0.090667 0.093333
2 0.075333 0.052000 0.128000 0.102667
2 0.329333 0.111000 0.106667 0.106000
2 0.042333 0.370333 0.083333 0.164667
2 0.069667 0.595667 0.138000 0.170000
2 0.049333 0.936000 0.097333 0.128000
2 0.922000 0.849000 0.156000 0.231333
2 0.968000 0.326333 0.064000 0.107333
