2 0.264333 0.070667 0.044667 0.069333
2 0.147667 0.145000 0.067333 0.060667
2 0.071667 0.251667 0.054000 0.071333
2 0.163667 0.242000 0.090000 0.077333
2 0.349000 0.081333 0.052667 0.052000
2 0.313667 0.159333 0.071333 0.093333
2 0.348333 0.262333 0.092667 0.091333
2 0.398333 0.139667 0.099333 0.147333
2 0.504333 0.163333 0.110000 0.114667
2 0.552667 0.065667 0.100000 0.112667
2 0.473000 0.281000 0.139333 0.155333
2 0.391000 0.373000 0.163333 0.150000
3 0.272000 0.351667 0.092000 0.107333
2 0.596000 0.294000 0.100000 0.097333
2 0.693000 0.312667 0.078000 0.084000
2 0.670333 0.191333 0.154000 0.145333
3 0.582667 0.395000 0.121333 0.088667
2 0.296000 0.468333 0.116000 0.099333
2 0.115000 0.431000 0.219333 0.194000
2 0.094000 0.556667 0.114667 0.102667
2 0.214667 0.564000 0.100000 0.130667
2 0.332667 0.567000 0.134667 0.143333
2 0.431333 0.605667 0.089333 0.082000
2 0.398000 0.680000 0.096000 0.096000
2 0.534333 0.623000 0.116667 0.095333
2 0.641000 0.639667 0.128667 0.131333
2 0.107667 0.665333 0.098000 0.105333
2 0.186333 0.691000 0.099333 0.115333
2 0.293333 0.702000 0.128000 0.146667
2 0.496000 0.806667 0.126667 0.118667
2 0.501000 0.708333 0.103333 0.083333
2 0.601333 0.734000 0.096000 0.109333
2 0.606000 0.805000 0.086667 0.075333
2 0.701000 0.741000 0.052667 0.056667
2 0.709000 0.815000 0.088667 0.080667
2 0.065000 0.788333 0.119333 0.138000
3 0.176000 0.792000 0.090667 0.072000
2 0.189333 0.869333 0.134667 0.118667
2 0.312333 0.883667 0.140667 0.148667
2 0.489667 0.920000 0.131333 0.116000
2 0.599667 0.905667 0.096667 0.114000
2 0.694667 0.911333 0.102667 0.101333
2 0.802333 0.836333 0.094000 0.091333
2 0.914000 0.864000 0.158667 0.145333
2 0.809667 0.768333 0.150000 0.092667
3 0.944000 0.740000 0.089333 0.086667
2 0.859333 0.673667 0.102667 0.122000
2 0.936000 0.650000 0.080000 0.089333
2 0.754000 0.668000 0.141333 0.157333
2 0.496333 0.464667 0.071333 0.077333
2 0.572667 0.517333 0.133333 0.137333
2 0.664333 0.499000 0.088667 0.139333
2 0.748667 0.522667 0.097333 0.090667
2 0.862000 0.543333 0.124000 0.129333
2 0.845000 0.419000 0.191333 0.124667
2 0.787667 0.298000 0.131333 0.153333
3 0.893000 0.318333 0.112667 0.111333
2 0.771000 0.114000 0.110000 0.112000
0 0.265333 0.259000 0.088000 0.079333
0 0.117333 0.194333 0.094667 0.071333
0 0.176667 0.323333 0.052000 0.049333
0 0.212000 0.359000 0.074667 0.096667
0 0.324000 0.774667 0.104000 0.093333
0 0.312667 0.965000 0.096000 0.070000
0 0.697000 0.395000 0.096667 0.068667
0 0.647667 0.114000 0.080667 0.066667
2 0.074667 0.055667 0.148000 0.110000
2 0.060667 0.133000 0.120000 0.158000
2 0.163667 0.941000 0.187333 0.118000
2 0.835333 0.939000 0.161333 0.122000
2 0.953000 0.957333 0.094000 0.085333
3 0.955333 0.547000 0.089333 0.131333
3 0.929000 0.245000 0.142000 0.139333
2 0.933333 0.133000 0.133333 0.139333
3 0.688000 0.045000 0.138667 0.088667
