2 0.114000 0.093333 0.142667 0.122667
2 0.209333 0.088333 0.069333 0.087333
2 0.065333 0.203333 0.124000 0.133333
2 0.204667 0.189000 0.128000 0.116667
2 0.296000 0.134667 0.104000 0.137333
2 0.393667 0.115667 0.111333 0.116667
2 0.489000 0.074667 0.126000 0.121333
2 0.900000 0.065000 0.134667 0.118000
3 0.800000 0.087667 0.126667 0.119333
3 0.704333 0.113667 0.107333 0.110000
2 0.602667 0.156333 0.093333 0.118000
3 0.491667 0.199000 0.123333 0.122000
2 0.388000 0.227333 0.105333 0.126667
2 0.287000 0.281667 0.114000 0.154000
2 0.162333 0.313667 0.212667 0.182000
2 0.059667 0.369000 0.115333 0.146000
2 0.205000 0.426000 0.139333 0.109333
2 0.301333 0.397667 0.054667 0.060667
2 0.365333 0.379000 0.114667 0.112667
2 0.454667 0.326000 0.100000 0.090667
2 0.544667 0.291667 0.104000 0.118000
2 0.629667 0.256000 0.114000 0.128000
2 0.735333 0.240667 0.141333 0.161333
3 0.825667 0.201667 0.078000 0.108667
2 0.908333 0.163667 0.102000 0.138000
3 0.900667 0.301000 0.097333 0.123333
3 0.809333 0.329667 0.133333 0.111333
3 0.680667 0.370667 0.109333 0.109333
2 0.586667 0.408000 0.100000 0.121333
2 0.475667 0.448333 0.116667 0.154000
2 0.329333 0.507333 0.173333 0.133333
2 0.205000 0.520000 0.072667 0.066667
2 0.594667 0.510000 0.104000 0.102667
2 0.688000 0.478333 0.105333 0.114000
2 0.772667 0.454667 0.100000 0.128000
2 0.853000 0.436000 0.079333 0.096000
3 0.893667 0.510000 0.086000 0.090667
2 0.816000 0.561667 0.120000 0.122000
2 0.716667 0.574667 0.109333 0.098667
2 0.612000 0.599667 0.108000 0.102000
2 0.504667 0.606667 0.128000 0.106667
2 0.447667 0.679667 0.147333 0.122000
3 0.532667 0.743333 0.089333 0.092000
2 0.623000 0.700333 0.127333 0.114000
2 0.718333 0.663667 0.084667 0.090000
2 0.938333 0.595667 0.088667 0.082000
2 0.935000 0.669000 0.084667 0.074000
2 0.865667 0.707333 0.116667 0.122667
2 0.778667 0.747667 0.097333 0.124667
2 0.696667 0.771333 0.097333 0.128000
2 0.591667 0.820333 0.138000 0.115333
3 0.496333 0.933667 0.114000 0.116667
3 0.588667 0.930333 0.104000 0.123333
3 0.689000 0.899000 0.110000 0.119333
3 0.825000 0.871333 0.095333 0.100000
3 0.878333 0.802667 0.108667 0.096000
3 0.934333 0.856000 0.086000 0.086667
3 0.939000 0.941333 0.112667 0.106667
3 0.790667 0.942667 0.100000 0.112000
3 0.334000 0.908000 0.122667 0.126667
2 0.240333 0.836667 0.107333 0.094667
2 0.133333 0.910333 0.118667 0.111333
2 0.242333 0.927000 0.083333 0.088667
2 0.132000 0.773667 0.149333 0.140667
2 0.224333 0.745333 0.091333 0.098667
2 0.327667 0.724667 0.112667 0.121333
2 0.321000 0.612667 0.154000 0.100000
2 0.190333 0.630333 0.128667 0.148667
1 0.095333 0.573333 0.141333 0.106667
1 0.081000 0.688333 0.144667 0.126000
3 0.277000 0.035333 0.072667 0.068000
2 0.632333 0.058333 0.171333 0.115333
0 0.450333 0.786000 0.104667 0.125333
0 0.460667 0.884000 0.062667 0.064000
2 0.069000 0.898333 0.135333 0.159333
0 0.874333 0.972667 0.052667 0.050667
3 0.965000 0.759333 0.070000 0.136000
2 0.948000 0.482333 0.104000 0.146000
