2 0.063000 0.513333 0.116667 0.101333
3 0.053333 0.274667 0.100000 0.085333
2 0.081333 0.111667 0.102667 0.080667
2 0.140333 0.070333 0.090000 0.090000
2 0.325000 0.130333 0.098000 0.095333
3 0.286000 0.201000 0.096000 0.107333
2 0.102333 0.200333 0.114000 0.096667
2 0.198000 0.208000 0.100000 0.104000
2 0.148000 0.277667 0.089333 0.076667
3 0.169000 0.356333 0.086000 0.082000
2 0.084333 0.358000 0.080667 0.081333
2 0.207667 0.054667 0.128667 0.108000
2 0.402333 0.059667 0.123333 0.118000
0 0.499333 0.118000 0.049333 0.050667
0 0.678333 0.116000 0.034000 0.030667
0 0.449000 0.288000 0.051333 0.058667
0 0.529000 0.379333 0.070000 0.074667
0 0.581000 0.358000 0.079333 0.069333
0 0.711667 0.388333 0.046000 0.056667
0 0.672667 0.397667 0.045333 0.058000
0 0.706000 0.337667 0.058667 0.068667
2 0.183333 0.489333 0.086667 0.092000
0 0.384667 0.594667 0.084000 0.089333
0 0.611333 0.423333 0.052000 0.054667
0 0.296333 0.662333 0.066000 0.066000
0 0.268667 0.712667 0.046667 0.046667
0 0.249667 0.749000 0.075333 0.067333
0 0.213667 0.778000 0.051333 0.057333
0 0.390667 0.764667 0.072000 0.069333
0 0.481000 0.727333 0.046000 0.061333
0 0.465667 0.773333 0.072667 0.085333
0 0.518000 0.779000 0.078667 0.087333
0 0.368667 0.730667 0.022667 0.025333
0 0.270333 0.908333 0.096667 0.116667
0 0.329333 0.937333 0.064000 0.077333
0 0.664000 0.937333 0.153333 0.125333
0 0.685333 0.804000 0.221333 0.198667
0 0.782000 0.832667 0.042667 0.053333
0 0.593667 0.685667 0.083333 0.094000
0 0.716000 0.606667 0.153333 0.222667
0 0.848333 0.641667 0.100667 0.096667
0 0.817000 0.589000 0.067333 0.066000
0 0.621667 0.596667 0.071333 0.089333
0 0.922000 0.450000 0.045333 0.044000
0 0.498667 0.539333 0.052000 0.052000
0 0.901000 0.295000 0.043333 0.046000
0 0.887333 0.188667 0.068000 0.064000
0 0.950000 0.197333 0.053333 0.066667
0 0.980333 0.321000 0.027333 0.027333
