2 0.102667 0.068333 0.140000 0.127333
2 0.129667 0.187000 0.155333 0.110000
2 0.122667 0.305333 0.200000 0.129333
2 0.123667 0.446333 0.146000 0.163333
2 0.077667 0.570667 0.146000 0.098667
2 0.113000 0.649667 0.119333 0.100667
2 0.174000 0.725667 0.190667 0.174000
2 0.130333 0.836333 0.118000 0.108667
2 0.176000 0.905333 0.133333 0.142667
2 0.364000 0.835667 0.142667 0.151333
2 0.339667 0.690667 0.114000 0.130667
2 0.212667 0.557333 0.104000 0.156000
2 0.304000 0.572000 0.068000 0.104000
2 0.286667 0.449333 0.138667 0.133333
2 0.384000 0.460667 0.058667 0.101333
2 0.469667 0.415000 0.187333 0.154000
2 0.447000 0.290667 0.148667 0.116000
2 0.332000 0.210000 0.078667 0.097333
2 0.439000 0.174667 0.140667 0.118667
2 0.524333 0.105667 0.160667 0.150000
2 0.668333 0.167667 0.120667 0.148667
2 0.786667 0.119000 0.128000 0.123333
2 0.903000 0.137000 0.115333 0.156667
2 0.811667 0.251000 0.152667 0.143333
2 0.579667 0.253667 0.114000 0.156667
2 0.679333 0.278667 0.076000 0.062667
2 0.689667 0.361000 0.194000 0.110000
2 0.816667 0.375333 0.090667 0.110667
2 0.909667 0.361667 0.126000 0.122000
2 0.722000 0.456000 0.104000 0.086667
2 0.620333 0.482333 0.111333 0.127333
2 0.501333 0.554000 0.121333 0.132000
2 0.388000 0.559333 0.094667 0.112000
2 0.457000 0.779000 0.095333 0.090000
2 0.430000 0.658000 0.133333 0.142667
2 0.623667 0.601000 0.126000 0.112667
2 0.723000 0.549667 0.096667 0.104667
2 0.866000 0.538667 0.180000 0.170667
2 0.776667 0.638000 0.101333 0.100000
2 0.676667 0.697000 0.137333 0.156667
2 0.771667 0.740000 0.083333 0.098667
2 0.899333 0.718667 0.161333 0.161333
2 0.696667 0.833667 0.133333 0.142000
2 0.823000 0.847667 0.144667 0.155333
2 0.564667 0.741000 0.120000 0.150000
2 0.498667 0.886000 0.137333 0.132000
2 0.595667 0.853000 0.084667 0.108667
2 0.210667 0.055667 0.125333 0.110000
0 0.255000 0.152000 0.067333 0.057333
0 0.251333 0.221333 0.060000 0.048000
2 0.031000 0.145000 0.054000 0.066000
2 0.568000 0.376667 0.096000 0.120000
2 0.524000 0.637667 0.078667 0.067333
2 0.047000 0.851667 0.087333 0.164667
2 0.292333 0.932000 0.160667 0.136000
2 0.857333 0.934333 0.162667 0.131333
0 0.830667 0.442000 0.065333 0.061333
