3 0.220667 0.240333 0.130667 0.155333
3 0.106000 0.220000 0.102667 0.125333
3 0.666667 0.232333 0.114667 0.122000
3 0.866000 0.113667 0.128000 0.123333
2 0.905667 0.220000 0.156667 0.138667
3 0.778667 0.234667 0.097333 0.104000
3 0.367333 0.360667 0.136000 0.132000
3 0.492333 0.374333 0.111333 0.116667
2 0.612333 0.362333 0.118000 0.143333
3 0.721667 0.336667 0.108667 0.108000
3 0.850667 0.311667 0.141333 0.108667
2 0.911333 0.384333 0.134667 0.115333
2 0.759000 0.442333 0.144667 0.114000
2 0.641667 0.454333 0.098000 0.083333
2 0.522333 0.485667 0.126000 0.115333
3 0.404667 0.484333 0.130667 0.118000
2 0.906333 0.506000 0.163333 0.164000
2 0.773667 0.567667 0.135333 0.140667
2 0.648667 0.556667 0.124000 0.124000
2 0.545333 0.578333 0.100000 0.091333
2 0.451333 0.603667 0.093333 0.118000
2 0.352667 0.594000 0.096000 0.104000
3 0.394333 0.681000 0.082000 0.086000
2 0.586000 0.661333 0.132000 0.092000
3 0.501333 0.691333 0.073333 0.081333
3 0.900000 0.631667 0.101333 0.092667
2 0.890333 0.768333 0.146000 0.178000
2 0.778333 0.867000 0.158000 0.136667
2 0.644333 0.902667 0.126000 0.140000
2 0.559000 0.794333 0.103333 0.123333
2 0.550667 0.908667 0.092000 0.105333
3 0.463333 0.791667 0.100000 0.118000
2 0.440333 0.922000 0.115333 0.142667
2 0.330333 0.941000 0.108667 0.118000
3 0.341000 0.807333 0.116667 0.141333
3 0.240333 0.585333 0.118000 0.128000
3 0.104333 0.519667 0.120667 0.111333
3 0.082000 0.716333 0.106667 0.123333
3 0.201667 0.713000 0.120667 0.108667
3 0.117333 0.831333 0.120000 0.098667
3 0.227667 0.820000 0.092667 0.102667
0 0.429333 0.144667 0.521333 0.288000
0 0.157000 0.315000 0.063333 0.070000
0 0.208667 0.415333 0.081333 0.054667
3 0.203667 0.496333 0.071333 0.091333
3 0.311000 0.498333 0.063333 0.086000
3 0.058000 0.598667 0.101333 0.092000
2 0.660333 0.766667 0.080667 0.093333
3 0.228000 0.943667 0.068000 0.096667
2 0.833000 0.961333 0.132667 0.077333
2 0.948667 0.952333 0.098667 0.095333
3 0.970000 0.873000 0.060000 0.079333
0 0.899667 0.882667 0.074000 0.069333
3 0.765000 0.759333 0.039333 0.045333
3 0.783000 0.661000 0.074000 0.091333
0 0.710667 0.654000 0.068000 0.070667
2 0.964000 0.101333 0.072000 0.097333
