3 0.393667 0.849000 0.094000 0.080667
3 0.445000 0.926000 0.088667 0.078667
2 0.632000 0.942667 0.054667 0.073333
3 0.629000 0.596000 0.079333 0.100000
3 0.710000 0.557333 0.070667 0.077333
2 0.937333 0.405333 0.104000 0.112000
2 0.917000 0.751333 0.118000 0.104000
2 0.942333 0.834333 0.083333 0.079333
2 0.828667 0.879000 0.092000 0.092667
2 0.747667 0.926000 0.083333 0.132000
0 0.272000 0.202667 0.197333 0.206667
0 0.160333 0.267667 0.198000 0.263333
0 0.215333 0.421667 0.049333 0.066000
0 0.159333 0.432333 0.065333 0.084667
0 0.558667 0.062667 0.161333 0.122667
0 0.715333 0.150000 0.126667 0.122667
0 0.275667 0.061333 0.182000 0.121333
0 0.608000 0.261333 0.034667 0.034667
0 0.593000 0.328667 0.052667 0.054667
0 0.635333 0.359333 0.061333 0.058667
0 0.661333 0.314000 0.053333 0.060000
0 0.732000 0.295333 0.058667 0.062667
0 0.736667 0.361000 0.076000 0.087333
0 0.645667 0.433333 0.047333 0.053333
0 0.513000 0.538333 0.042000 0.051333
0 0.659000 0.501333 0.083333 0.073333
0 0.297000 0.534000 0.166000 0.196000
0 0.383667 0.577333 0.055333 0.069333
0 0.405333 0.450333 0.044000 0.051333
0 0.207667 0.501333 0.064667 0.072000
0 0.178667 0.628667 0.176000 0.218667
0 0.272333 0.779333 0.099333 0.094667
0 0.324667 0.810000 0.101333 0.109333
0 0.239000 0.824333 0.064667 0.071333
2 0.423333 0.766333 0.070667 0.067333
0 0.478000 0.668333 0.062667 0.058000
0 0.567333 0.628000 0.042667 0.068000
0 0.538000 0.595000 0.054667 0.050000
0 0.604000 0.730000 0.068000 0.073333
0 0.558000 0.770333 0.076000 0.066000
0 0.490667 0.778667 0.061333 0.058667
0 0.078333 0.866667 0.030000 0.032000
0 0.157333 0.842333 0.028000 0.035333
0 0.198667 0.946000 0.053333 0.058667
0 0.317000 0.904667 0.048667 0.061333
0 0.345667 0.887333 0.038000 0.057333
0 0.295333 0.941000 0.060000 0.068667
2 0.377333 0.948333 0.065333 0.088667
2 0.340333 0.972667 0.066000 0.054667
0 0.802667 0.765000 0.106667 0.127333
0 0.902000 0.912667 0.053333 0.074667
2 0.684000 0.959000 0.077333 0.082000
0 0.873667 0.682333 0.095333 0.094000
0 0.956000 0.673333 0.082667 0.090667
0 0.779000 0.684667 0.056667 0.052000
0 0.789667 0.638000 0.050000 0.045333
0 0.801000 0.595000 0.066000 0.054000
0 0.873333 0.573667 0.061333 0.056667
0 0.957667 0.556333 0.084667 0.080667
0 0.810667 0.414000 0.084000 0.080000
