2 0.068333 0.115667 0.131333 0.160667
3 0.184667 0.170000 0.104000 0.108000
2 0.102000 0.239333 0.108000 0.105333
2 0.266667 0.150000 0.096000 0.132000
2 0.352000 0.093333 0.125333 0.102667
2 0.364333 0.192000 0.114000 0.122667
2 0.448667 0.122667 0.081333 0.122667
2 0.552000 0.135000 0.130667 0.178000
2 0.625000 0.214333 0.084667 0.096667
2 0.733333 0.070000 0.124000 0.102667
3 0.728667 0.172667 0.097333 0.120000
3 0.815333 0.157333 0.096000 0.125333
2 0.836667 0.250667 0.133333 0.117333
3 0.945333 0.254667 0.092000 0.105333
3 0.925667 0.362667 0.122000 0.128000
3 0.731000 0.282667 0.116667 0.100000
3 0.633333 0.317000 0.118667 0.111333
2 0.537667 0.340000 0.087333 0.068000
2 0.472667 0.403333 0.136000 0.102667
2 0.489667 0.509333 0.130000 0.112000
2 0.622667 0.490667 0.136000 0.164000
2 0.739000 0.365667 0.087333 0.066000
2 0.820000 0.397667 0.069333 0.072667
2 0.731333 0.443667 0.094667 0.086000
2 0.754000 0.549667 0.129333 0.140667
2 0.819667 0.475667 0.084667 0.086000
2 0.903000 0.512000 0.118000 0.104000
2 0.889667 0.595667 0.130000 0.082000
2 0.800667 0.632333 0.105333 0.086000
2 0.792333 0.735333 0.124667 0.114667
2 0.905000 0.678000 0.106000 0.094667
2 0.951000 0.758000 0.083333 0.081333
2 0.949667 0.842000 0.094000 0.105333
3 0.875667 0.785333 0.091333 0.072000
2 0.795667 0.803000 0.079333 0.088667
2 0.632000 0.630333 0.088000 0.084667
3 0.724000 0.881000 0.100000 0.106000
2 0.803667 0.954667 0.091333 0.077333
2 0.702000 0.957667 0.125333 0.084667
2 0.820000 0.885667 0.094667 0.087333
2 0.352333 0.840667 0.086000 0.089333
2 0.344667 0.929333 0.101333 0.097333
2 0.427000 0.943333 0.083333 0.097333
2 0.520333 0.929667 0.088667 0.108667
3 0.428667 0.835000 0.072000 0.108667
2 0.501000 0.819000 0.086000 0.115333
2 0.586333 0.791333 0.090000 0.129333
3 0.598667 0.882333 0.093333 0.072667
2 0.100000 0.806667 0.132000 0.109333
2 0.126333 0.888667 0.118000 0.065333
2 0.251000 0.753333 0.114000 0.097333
2 0.070000 0.658667 0.066667 0.072000
2 0.167333 0.679333 0.136000 0.130667
2 0.342333 0.691333 0.096667 0.076000
2 0.347333 0.603000 0.129333 0.111333
2 0.233333 0.558667 0.106667 0.120000
2 0.133333 0.554333 0.101333 0.122000
2 0.134000 0.440000 0.166667 0.109333
2 0.312333 0.459667 0.182000 0.179333
2 0.113667 0.341333 0.115333 0.085333
2 0.218667 0.310333 0.161333 0.150000
2 0.167333 0.066000 0.156000 0.130667
0 0.463667 0.042000 0.066000 0.048000
0 0.438000 0.244667 0.074667 0.078667
2 0.477333 0.298333 0.052000 0.055333
0 0.548000 0.282333 0.093333 0.060667
3 0.383333 0.310667 0.042667 0.046667
2 0.323667 0.273000 0.028667 0.028667
2 0.321333 0.349000 0.066667 0.068667
2 0.425333 0.364333 0.044000 0.056667
2 0.635000 0.390000 0.064667 0.073333
3 0.421000 0.665667 0.054000 0.056667
3 0.483333 0.651000 0.042667 0.052667
2 0.539667 0.692333 0.034000 0.035333
2 0.366667 0.760333 0.130667 0.102000
3 0.259333 0.834000 0.150667 0.086667
2 0.036667 0.921667 0.072000 0.131333
2 0.112000 0.957333 0.122667 0.085333
2 0.227333 0.939000 0.170667 0.122000
3 0.602667 0.938667 0.069333 0.060000
0 0.943667 0.928667 0.050000 0.048000
2 0.722667 0.787667 0.053333 0.043333
2 0.660000 0.769667 0.060000 0.056667
2 0.698667 0.731333 0.069333 0.073333
0 0.696667 0.662667 0.085333 0.066667
0 0.627000 0.717333 0.086000 0.094667
0 0.972667 0.681000 0.033333 0.043333
2 0.822333 0.322667 0.082000 0.085333
2 0.894667 0.082000 0.084000 0.081333
2 0.868000 0.044333 0.121333 0.087333
