2 0.905667 0.093000 0.176667 0.148667
2 0.746000 0.122667 0.060000 0.072000
2 0.671000 0.111667 0.074000 0.055333
2 0.690333 0.166667 0.071333 0.068000
2 0.583333 0.155000 0.129333 0.112667
2 0.657000 0.045667 0.120667 0.090000
2 0.263333 0.098000 0.074667 0.092000
2 0.189667 0.126000 0.091333 0.096000
3 0.090333 0.178333 0.104667 0.086000
2 0.096000 0.085667 0.098667 0.090000
2 0.075000 0.267333 0.126000 0.102667
2 0.434000 0.166333 0.128000 0.154000
2 0.247333 0.250333 0.132000 0.130000
2 0.166000 0.341333 0.125333 0.134667
2 0.071667 0.353000 0.072667 0.075333
2 0.091000 0.422667 0.088667 0.072000
2 0.075667 0.508667 0.136667 0.133333
2 0.175000 0.493333 0.104667 0.125333
2 0.266667 0.441667 0.132000 0.148667
2 0.333667 0.356667 0.151333 0.176000
2 0.428000 0.328333 0.070667 0.088667
2 0.519333 0.278333 0.170667 0.188667
2 0.751333 0.204667 0.098667 0.074667
2 0.814667 0.272000 0.125333 0.145333
2 0.659667 0.236000 0.082000 0.068000
2 0.700333 0.275333 0.118000 0.066667
2 0.713333 0.367667 0.192000 0.128667
2 0.694333 0.476000 0.143333 0.145333
2 0.824333 0.494667 0.150000 0.192000
2 0.540333 0.422667 0.104667 0.094667
2 0.428667 0.425333 0.128000 0.105333
2 0.433667 0.505333 0.115333 0.137333
2 0.357667 0.534333 0.119333 0.120667
2 0.354000 0.625333 0.129333 0.097333
2 0.362333 0.738667 0.112667 0.129333
2 0.479333 0.687667 0.142667 0.183333
2 0.541667 0.567667 0.143333 0.143333
2 0.773667 0.641667 0.182000 0.184667
2 0.664333 0.675333 0.147333 0.156000
2 0.667333 0.804000 0.174667 0.124000
2 0.483333 0.830667 0.190667 0.130667
2 0.490333 0.925333 0.115333 0.102667
2 0.673000 0.902333 0.124667 0.076667
3 0.192667 0.915667 0.136000 0.124667
2 0.090333 0.884667 0.128667 0.132000
2 0.300667 0.883667 0.133333 0.106000
2 0.080667 0.773333 0.093333 0.078667
2 0.156333 0.751667 0.086000 0.091333
2 0.189000 0.794667 0.074000 0.100000
2 0.258333 0.784333 0.095333 0.104667
2 0.264667 0.708667 0.094667 0.092000
2 0.073667 0.614333 0.112667 0.124667
2 0.081333 0.696000 0.094667 0.069333
2 0.162667 0.655000 0.070667 0.082000
2 0.219667 0.614333 0.118000 0.124667
3 0.420667 0.046667 0.086667 0.092000
2 0.183000 0.040333 0.107333 0.079333
3 0.169000 0.215333 0.043333 0.054667
0 0.611333 0.305333 0.057333 0.060000
0 0.584333 0.335000 0.048667 0.052667
0 0.515333 0.478667 0.081333 0.060000
0 0.562333 0.728000 0.079333 0.102667
2 0.042667 0.915667 0.084000 0.130000
0 0.574000 0.914667 0.044000 0.064000
2 0.573333 0.836667 0.065333 0.078667
2 0.685000 0.961000 0.110000 0.078000
0 0.876000 0.329667 0.084000 0.100667
0 0.879000 0.200000 0.103333 0.085333
0 0.790333 0.153667 0.058000 0.067333
0 0.836000 0.150333 0.042667 0.046000
0 0.770000 0.052667 0.105333 0.085333
