3 0.459000 0.052333 0.083333 0.076667
2 0.654000 0.088000 0.137333 0.141333
2 0.786000 0.097333 0.124000 0.130667
2 0.061667 0.724000 0.091333 0.102667
2 0.169333 0.753000 0.132000 0.158000
2 0.159000 0.880000 0.136667 0.104000
2 0.297333 0.757333 0.132000 0.197333
2 0.419667 0.785667 0.146000 0.184667
2 0.578333 0.877667 0.175333 0.182000
2 0.624333 0.789333 0.094000 0.097333
2 0.741667 0.806667 0.123333 0.137333
2 0.814000 0.899000 0.170667 0.180667
0 0.210667 0.102667 0.096000 0.094667
0 0.092333 0.114667 0.052667 0.066667
0 0.127667 0.061333 0.058000 0.045333
0 0.368000 0.230667 0.050667 0.050667
0 0.481667 0.301000 0.056667 0.060667
0 0.481000 0.246667 0.047333 0.054667
0 0.573333 0.256333 0.100000 0.119333
0 0.667000 0.194000 0.084667 0.072000
0 0.711000 0.249333 0.052667 0.062667
0 0.536333 0.367000 0.071333 0.068667
0 0.480667 0.414667 0.094667 0.077333
0 0.146000 0.482667 0.064000 0.065333
0 0.197333 0.518333 0.064000 0.064667
0 0.285333 0.591000 0.072000 0.076667
0 0.523667 0.573000 0.094000 0.106000
0 0.283667 0.502000 0.075333 0.086667
0 0.514333 0.489000 0.074000 0.075333
0 0.410667 0.631667 0.078667 0.088667
0 0.478000 0.665000 0.090667 0.098000
0 0.573667 0.669667 0.083333 0.078000
0 0.262667 0.660333 0.090667 0.062000
2 0.366333 0.873667 0.079333 0.091333
2 0.054667 0.843000 0.108000 0.136667
2 0.677667 0.880333 0.067333 0.082000
2 0.946667 0.894333 0.106667 0.210000
0 0.872333 0.742667 0.075333 0.080000
0 0.930667 0.783667 0.064000 0.063333
3 0.864667 0.124000 0.058667 0.060000
