2 0.045000 0.166333 0.080667 0.107333
2 0.130667 0.161333 0.109333 0.158667
2 0.206667 0.127000 0.098667 0.116667
2 0.320000 0.133000 0.138667 0.110000
2 0.458667 0.146000 0.132000 0.133333
2 0.325667 0.235000 0.127333 0.142000
2 0.213333 0.233000 0.105333 0.098000
2 0.133000 0.285000 0.116667 0.094000
2 0.070333 0.326667 0.091333 0.094667
2 0.141333 0.464333 0.133333 0.147333
2 0.076000 0.574000 0.130667 0.089333
2 0.184667 0.364333 0.093333 0.080667
2 0.259667 0.326667 0.095333 0.094667
2 0.545000 0.245000 0.144667 0.111333
2 0.421667 0.287000 0.142000 0.118000
2 0.564000 0.336667 0.196000 0.125333
2 0.536333 0.421000 0.187333 0.119333
2 0.381333 0.402333 0.128000 0.118000
2 0.277000 0.415000 0.106000 0.098000
2 0.248000 0.524000 0.113333 0.105333
3 0.342333 0.497667 0.088667 0.091333
2 0.365333 0.609333 0.118667 0.121333
2 0.474333 0.593000 0.096667 0.120667
2 0.544333 0.533667 0.110000 0.114000
2 0.622333 0.502000 0.056667 0.102667
2 0.695000 0.549667 0.122000 0.140667
2 0.601333 0.635000 0.109333 0.091333
2 0.412333 0.712333 0.090000 0.092667
2 0.498667 0.755333 0.096000 0.126667
2 0.584667 0.741333 0.078667 0.096000
2 0.691667 0.712333 0.126000 0.118000
2 0.699333 0.808667 0.150667 0.089333
3 0.582667 0.834333 0.074667 0.087333
2 0.710667 0.896000 0.133333 0.100000
3 0.404667 0.869333 0.105333 0.140000
2 0.492667 0.860333 0.097333 0.088667
2 0.239000 0.920000 0.115333 0.105333
2 0.133333 0.946000 0.104000 0.097333
2 0.118333 0.852333 0.079333 0.079333
2 0.036667 0.865000 0.072000 0.086000
3 0.141667 0.744333 0.064667 0.084667
3 0.225667 0.795333 0.111333 0.140000
2 0.859000 0.815000 0.119333 0.110000
2 0.928333 0.884667 0.108667 0.098667
2 0.831333 0.697333 0.120000 0.100000
2 0.823000 0.401000 0.188667 0.128667
2 0.868000 0.510000 0.204000 0.136000
2 0.907000 0.608000 0.076667 0.070667
2 0.819333 0.214333 0.140000 0.160667
2 0.877000 0.112667 0.147333 0.102667
2 0.697333 0.124667 0.173333 0.181333
2 0.097000 0.054333 0.168667 0.107333
2 0.066000 0.469667 0.126667 0.159333
0 0.194333 0.529667 0.040667 0.047333
0 0.178000 0.647333 0.098667 0.106667
0 0.085333 0.636000 0.074667 0.052000
2 0.089667 0.679333 0.091333 0.066667
2 0.290000 0.638000 0.042667 0.057333
0 0.075667 0.739000 0.063333 0.075333
3 0.021667 0.683000 0.034000 0.032667
2 0.044667 0.951000 0.086667 0.098000
0 0.306333 0.819000 0.042000 0.070000
0 0.346333 0.821667 0.034000 0.051333
2 0.324333 0.881667 0.050000 0.050000
2 0.340667 0.955667 0.098667 0.088667
2 0.431000 0.963333 0.111333 0.073333
2 0.536667 0.957000 0.042667 0.055333
0 0.547333 0.876667 0.036000 0.046667
0 0.594000 0.908000 0.044000 0.048000
2 0.647000 0.956000 0.051333 0.048000
2 0.707333 0.970667 0.050667 0.046667
0 0.802333 0.895667 0.064667 0.090000
2 0.938333 0.958333 0.122000 0.083333
0 0.962000 0.778333 0.076000 0.116667
0 0.645667 0.303333 0.068667 0.088000
0 0.616000 0.203000 0.058667 0.074000
0 0.729667 0.305667 0.103333 0.119333
2 0.925667 0.209000 0.148667 0.172667
2 0.846667 0.047333 0.108000 0.093333
