3 0.091667 0.101333 0.104667 0.101333
3 0.153333 0.211667 0.133333 0.142000
3 0.198667 0.090000 0.104000 0.104000
3 0.278667 0.088333 0.072000 0.084667
3 0.257667 0.186333 0.096667 0.078000
3 0.293667 0.270667 0.122000 0.096000
3 0.216000 0.304333 0.089333 0.083333
3 0.108333 0.320667 0.115333 0.109333
3 0.079667 0.406667 0.119333 0.088000
3 0.197000 0.392000 0.118000 0.105333
3 0.312333 0.364333 0.112667 0.096667
3 0.082000 0.502667 0.129333 0.098667
3 0.218333 0.481000 0.112667 0.070000
3 0.318000 0.463667 0.073333 0.087333
3 0.321667 0.556000 0.083333 0.094667
2 0.219333 0.563667 0.132000 0.082000
2 0.064667 0.610667 0.089333 0.068000
2 0.064667 0.701667 0.105333 0.108667
2 0.084667 0.875333 0.098667 0.089333
3 0.116667 0.772667 0.129333 0.086667
3 0.159000 0.655333 0.130000 0.129333
2 0.254333 0.642333 0.082000 0.080667
2 0.275000 0.741667 0.126000 0.115333
2 0.236333 0.806667 0.090000 0.078667
3 0.169000 0.849667 0.086000 0.092667
3 0.293000 0.861000 0.112667 0.112667
3 0.202667 0.914333 0.109333 0.096667
3 0.353333 0.934333 0.105333 0.115333
2 0.382667 0.842667 0.074667 0.070667
2 0.378000 0.766333 0.098667 0.092667
2 0.339000 0.647000 0.084667 0.107333
3 0.405000 0.678333 0.088667 0.116667
2 0.469667 0.749000 0.079333 0.099333
3 0.453667 0.590000 0.091333 0.078667
2 0.391667 0.526667 0.054000 0.072000
2 0.460667 0.495333 0.069333 0.073333
2 0.532000 0.561333 0.057333 0.069333
3 0.493667 0.650333 0.080667 0.078000
2 0.559667 0.624667 0.062000 0.065333
3 0.545333 0.708000 0.100000 0.085333
2 0.531333 0.795000 0.077333 0.083333
3 0.480667 0.913667 0.104000 0.120667
3 0.551333 0.879667 0.070667 0.091333
3 0.627667 0.863333 0.090000 0.104000
3 0.595000 0.775333 0.083333 0.097333
3 0.648000 0.746000 0.074667 0.094667
3 0.719667 0.727333 0.076667 0.090667
2 0.795333 0.715667 0.092000 0.106000
3 0.717333 0.824000 0.105333 0.105333
2 0.698667 0.925000 0.093333 0.115333
3 0.793000 0.888000 0.087333 0.108000
2 0.853667 0.845000 0.080667 0.116667
2 0.928333 0.815667 0.080667 0.086000
2 0.908000 0.912333 0.100000 0.079333
2 0.866000 0.734333 0.080000 0.112667
2 0.945667 0.734333 0.090000 0.112667
2 0.925333 0.639333 0.098667 0.100000
3 0.850000 0.606000 0.101333 0.102667
2 0.765000 0.617000 0.084667 0.088667
2 0.707000 0.656667 0.074000 0.076000
3 0.628000 0.670000 0.070667 0.064000
3 0.630667 0.622667 0.078667 0.061333
3 0.611000 0.555000 0.090000 0.079333
3 0.669333 0.516667 0.090667 0.098667
3 0.700000 0.583333 0.065333 0.068000
3 0.752000 0.497000 0.089333 0.090000
2 0.757667 0.561667 0.055333 0.052667
3 0.875000 0.513000 0.110000 0.091333
3 0.877333 0.433667 0.069333 0.075333
3 0.925667 0.407333 0.083333 0.089333
2 0.395000 0.143000 0.144667 0.112667
3 0.424333 0.242667 0.132667 0.112000
3 0.432000 0.333333 0.132000 0.098667
3 0.391000 0.437000 0.088667 0.112667
3 0.474000 0.408000 0.100000 0.109333
2 0.547333 0.376667 0.124000 0.092000
3 0.557667 0.472667 0.136667 0.113333
3 0.680333 0.426000 0.115333 0.090667
3 0.793667 0.400333 0.119333 0.122000
3 0.885000 0.297333 0.087333 0.102667
3 0.790333 0.292667 0.102000 0.096000
3 0.655000 0.342667 0.116667 0.104000
3 0.526000 0.293000 0.100000 0.084667
3 0.526333 0.193000 0.126000 0.115333
3 0.484000 0.109333 0.080000 0.078667
2 0.548667 0.084333 0.065333 0.092667
2 0.623333 0.098333 0.098667 0.176667
3 0.705000 0.066333 0.075333 0.102000
3 0.702000 0.170333 0.144000 0.123333
3 0.634667 0.251000 0.140000 0.120667
3 0.801333 0.201000 0.106667 0.092667
2 0.914000 0.190000 0.106667 0.114667
3 0.814667 0.110000 0.113333 0.105333
2 0.908333 0.093333 0.082000 0.092000
2 0.040000 0.171333 0.077333 0.114667
2 0.342667 0.055667 0.117333 0.110000
2 0.431667 0.055667 0.079333 0.110000
2 0.493000 0.037333 0.087333 0.073333
2 0.556333 0.026333 0.052667 0.051333
0 0.325000 0.171667 0.046000 0.060667
0 0.139333 0.550333 0.054667 0.056667
3 0.458000 0.830667 0.044000 0.050667
2 0.579000 0.938333 0.095333 0.062000
2 0.764333 0.960667 0.088667 0.078667
2 0.918000 0.970333 0.104000 0.059333
2 0.976333 0.939667 0.047333 0.062000
0 0.803667 0.540000 0.043333 0.050667
2 0.959667 0.572000 0.080667 0.114667
3 0.963333 0.485333 0.073333 0.088000
0 0.914333 0.348000 0.075333 0.070667
0 0.762667 0.243333 0.081333 0.068000
0 0.882333 0.051000 0.052667 0.055333
