2 0.102667 0.225333 0.160000 0.125333
2 0.298667 0.205333 0.173333 0.154667
2 0.425667 0.235000 0.075333 0.086000
2 0.532667 0.168667 0.150667 0.138667
2 0.530000 0.265000 0.056000 0.048667
2 0.641667 0.098333 0.090000 0.107333
2 0.763333 0.058000 0.138667 0.109333
2 0.728333 0.198333 0.155333 0.162000
2 0.729333 0.312000 0.104000 0.073333
2 0.849333 0.313000 0.092000 0.091333
2 0.884000 0.183000 0.166667 0.156667
2 0.161667 0.313000 0.075333 0.080667
2 0.271000 0.356667 0.143333 0.162667
2 0.212333 0.426667 0.118000 0.105333
2 0.086667 0.414333 0.136000 0.122000
2 0.108667 0.533333 0.168000 0.134667
2 0.309667 0.445000 0.054000 0.044667
2 0.371333 0.345000 0.105333 0.122000
2 0.473667 0.340000 0.104667 0.134667
2 0.601333 0.361000 0.140000 0.156667
2 0.898667 0.417000 0.121333 0.103333
2 0.802667 0.419333 0.070667 0.073333
2 0.760667 0.509333 0.138667 0.170667
2 0.625000 0.490000 0.092667 0.088000
2 0.410000 0.455333 0.098667 0.088000
2 0.516000 0.481667 0.130667 0.138000
2 0.476333 0.571667 0.126000 0.112667
2 0.360333 0.553333 0.119333 0.164000
2 0.261000 0.527667 0.118000 0.112667
2 0.246333 0.626333 0.155333 0.146000
3 0.124333 0.629000 0.091333 0.082000
3 0.361000 0.661333 0.076667 0.074667
2 0.469333 0.679667 0.104000 0.091333
2 0.082667 0.740667 0.097333 0.105333
3 0.083333 0.831000 0.070667 0.075333
2 0.173667 0.876333 0.112667 0.118000
2 0.273000 0.886667 0.108667 0.097333
2 0.330000 0.794000 0.156000 0.206667
2 0.196667 0.765000 0.125333 0.135333
2 0.586000 0.688000 0.132000 0.156000
2 0.653667 0.817667 0.155333 0.162000
2 0.668667 0.599000 0.141333 0.144667
2 0.770333 0.705667 0.111333 0.116667
2 0.884667 0.697667 0.124000 0.150000
2 0.773000 0.816333 0.114000 0.110000
2 0.811000 0.908667 0.184667 0.164000
2 0.165333 0.158333 0.061333 0.078000
0 0.446333 0.111667 0.104667 0.128667
0 0.466667 0.033000 0.104000 0.064667
0 0.058667 0.316333 0.114667 0.122000
0 0.442000 0.758333 0.090667 0.110000
2 0.260333 0.964333 0.092667 0.071333
2 0.949000 0.948333 0.096667 0.103333
0 0.875667 0.813333 0.087333 0.096000
0 0.871000 0.532667 0.088667 0.128000
0 0.713667 0.388000 0.090000 0.090667
2 0.945000 0.305000 0.110000 0.126000
2 0.860000 0.079667 0.081333 0.058000
2 0.954333 0.074333 0.091333 0.139333
