2 0.128333 0.115667 0.088667 0.114000
2 0.222333 0.116333 0.126000 0.135333
2 0.097667 0.206667 0.083333 0.088000
2 0.197000 0.214333 0.084667 0.088667
2 0.400667 0.100333 0.122667 0.111333
2 0.399000 0.205333 0.116667 0.112000
2 0.510333 0.106667 0.086000 0.096000
2 0.602667 0.126333 0.101333 0.115333
2 0.700667 0.105333 0.089333 0.093333
2 0.800667 0.102333 0.094667 0.084667
2 0.916000 0.138667 0.108000 0.112000
2 0.914333 0.052667 0.086000 0.062667
2 0.065333 0.303667 0.106667 0.110000
2 0.172000 0.305333 0.098667 0.104000
2 0.279333 0.276667 0.106667 0.105333
2 0.384667 0.301000 0.070667 0.076667
2 0.507667 0.194000 0.099333 0.089333
2 0.589667 0.207333 0.058000 0.069333
2 0.695000 0.201667 0.114000 0.108667
2 0.816667 0.216333 0.118667 0.146000
2 0.800000 0.319000 0.093333 0.087333
2 0.689000 0.304000 0.110000 0.106667
2 0.575000 0.315667 0.126000 0.134000
2 0.373667 0.407333 0.098000 0.128000
2 0.468000 0.283667 0.088000 0.091333
2 0.876333 0.374667 0.092667 0.106667
2 0.789333 0.431667 0.130667 0.128667
2 0.658667 0.411667 0.132000 0.142000
2 0.550000 0.431667 0.101333 0.102000
2 0.466000 0.418000 0.089333 0.129333
2 0.262667 0.383000 0.126667 0.110000
2 0.152667 0.410000 0.106667 0.110667
2 0.058333 0.408000 0.104667 0.090667
2 0.129000 0.518333 0.120667 0.111333
2 0.038333 0.512333 0.072667 0.092667
2 0.232000 0.487667 0.104000 0.086000
2 0.342000 0.514333 0.101333 0.091333
2 0.434000 0.547667 0.086667 0.091333
2 0.533333 0.538000 0.076000 0.072000
2 0.646667 0.535667 0.138667 0.112667
2 0.766000 0.551000 0.102667 0.115333
3 0.828000 0.670667 0.137333 0.129333
3 0.945000 0.635667 0.108667 0.110000
2 0.923000 0.738667 0.124667 0.101333
2 0.733667 0.732333 0.151333 0.167333
2 0.770333 0.878333 0.142000 0.142000
2 0.893667 0.870667 0.111333 0.129333
2 0.497667 0.888667 0.116667 0.109333
3 0.362667 0.894000 0.126667 0.165333
2 0.598000 0.760667 0.144000 0.134667
2 0.490333 0.762000 0.118000 0.140000
2 0.505667 0.635333 0.092667 0.097333
2 0.618000 0.634333 0.137333 0.123333
2 0.264667 0.715000 0.130667 0.095333
2 0.273667 0.804000 0.098000 0.076000
2 0.382667 0.757333 0.113333 0.133333
2 0.403667 0.638667 0.111333 0.101333
2 0.305333 0.630333 0.090667 0.118000
2 0.205000 0.600333 0.142000 0.111333
2 0.087667 0.690667 0.151333 0.122667
3 0.170667 0.796333 0.132000 0.139333
2 0.069333 0.839333 0.098667 0.128000
3 0.244333 0.040000 0.074000 0.076000
3 0.159333 0.039333 0.069333 0.056000
3 0.300667 0.163667 0.077333 0.092667
2 0.518333 0.033667 0.087333 0.063333
3 0.331333 0.043000 0.069333 0.084667
2 0.422333 0.033667 0.102000 0.066000
2 0.047333 0.116667 0.093333 0.130667
3 0.045667 0.594333 0.090000 0.088667
2 0.252667 0.937000 0.114667 0.118000
2 0.167000 0.956667 0.099333 0.086667
2 0.712333 0.942333 0.159333 0.115333
2 0.965000 0.834667 0.070000 0.133333
2 0.938333 0.529000 0.123333 0.143333
2 0.933000 0.434333 0.076667 0.078000
2 0.937333 0.232000 0.125333 0.181333
