3 0.131333 0.151667 0.144000 0.119333
3 0.146667 0.088667 0.125333 0.142667
3 0.222333 0.077667 0.084667 0.120667
3 0.304667 0.128000 0.105333 0.100000
2 0.273000 0.208667 0.088667 0.092000
2 0.440333 0.070667 0.110000 0.101333
2 0.402000 0.137000 0.097333 0.090000
2 0.390667 0.226667 0.100000 0.100000
2 0.462667 0.218667 0.065333 0.100000
2 0.521333 0.192667 0.066667 0.121333
2 0.637333 0.091667 0.106667 0.118000
2 0.776667 0.053000 0.104000 0.088667
2 0.735000 0.131667 0.120667 0.126000
2 0.686000 0.220000 0.098667 0.105333
3 0.595000 0.220333 0.088667 0.123333
2 0.881333 0.042000 0.100000 0.074667
3 0.903667 0.085000 0.091333 0.075333
3 0.912667 0.146000 0.090667 0.066667
3 0.967667 0.147000 0.050000 0.071333
2 0.884000 0.250333 0.166667 0.139333
3 0.774333 0.280000 0.099333 0.098667
3 0.693000 0.315000 0.104667 0.104667
3 0.601667 0.325333 0.084667 0.102667
3 0.528667 0.310667 0.058667 0.068000
2 0.492333 0.358000 0.075333 0.078667
2 0.430333 0.296333 0.079333 0.075333
2 0.407000 0.374000 0.102000 0.102667
3 0.299333 0.397000 0.105333 0.104667
3 0.200667 0.348333 0.105333 0.090000
3 0.180000 0.230333 0.102667 0.115333
3 0.068333 0.399667 0.084667 0.079333
3 0.162000 0.386000 0.100000 0.068000
3 0.208333 0.431000 0.084667 0.083333
2 0.297667 0.491333 0.114000 0.090667
2 0.211333 0.505667 0.060000 0.050000
3 0.133667 0.548333 0.115333 0.092667
3 0.229667 0.572333 0.080667 0.080667
3 0.299000 0.559667 0.083333 0.079333
3 0.362000 0.531667 0.072000 0.098000
3 0.130667 0.630333 0.104000 0.079333
3 0.204333 0.653667 0.087333 0.090000
3 0.286333 0.628667 0.087333 0.065333
3 0.420667 0.541333 0.068000 0.096000
3 0.406333 0.454000 0.103333 0.076000
3 0.491667 0.437667 0.062000 0.055333
3 0.518333 0.518333 0.118000 0.106000
2 0.566000 0.413333 0.082667 0.104000
2 0.628667 0.477000 0.058667 0.050000
2 0.645000 0.415000 0.080667 0.087333
3 0.713333 0.389333 0.089333 0.066667
3 0.719000 0.455667 0.078000 0.086000
3 0.794333 0.445000 0.076667 0.111333
3 0.837333 0.361667 0.129333 0.083333
3 0.942333 0.408000 0.088667 0.121333
2 0.861667 0.438000 0.086000 0.097333
3 0.819667 0.509333 0.118000 0.065333
2 0.820667 0.588000 0.096000 0.128000
3 0.900667 0.537333 0.069333 0.090667
3 0.908333 0.611000 0.082000 0.076667
3 0.759000 0.656333 0.050000 0.048667
3 0.659667 0.662000 0.095333 0.104000
3 0.572333 0.690000 0.115333 0.129333
2 0.520667 0.640667 0.106667 0.102667
2 0.380667 0.611000 0.065333 0.051333
3 0.256333 0.709667 0.094000 0.084667
2 0.298667 0.760667 0.090667 0.096000
3 0.388333 0.681667 0.122000 0.090000
3 0.453667 0.720667 0.078000 0.060000
2 0.382000 0.756000 0.078667 0.058667
3 0.393000 0.820333 0.107333 0.084667
3 0.414000 0.886000 0.088000 0.060000
3 0.477000 0.799667 0.106000 0.135333
2 0.552333 0.817667 0.078000 0.104667
3 0.664333 0.782333 0.114000 0.114000
3 0.720667 0.727333 0.068000 0.062667
3 0.755667 0.758000 0.059333 0.060000
3 0.787000 0.701667 0.083333 0.078000
3 0.834000 0.749000 0.094667 0.086000
3 0.853000 0.669333 0.082000 0.073333
3 0.917333 0.733000 0.089333 0.079333
3 0.960333 0.693333 0.072667 0.069333
3 0.933333 0.801000 0.078667 0.059333
3 0.913333 0.875333 0.108000 0.141333
3 0.843667 0.901000 0.083333 0.092667
3 0.751000 0.923333 0.114000 0.098667
3 0.758667 0.834000 0.165333 0.100000
3 0.275667 0.857333 0.063333 0.069333
3 0.177667 0.814333 0.090000 0.060667
3 0.184000 0.728333 0.064000 0.055333
3 0.121333 0.739333 0.066667 0.058667
3 0.050000 0.777667 0.060000 0.051333
3 0.055667 0.850333 0.076667 0.058000
3 0.072000 0.915000 0.070667 0.087333
3 0.148000 0.891333 0.097333 0.101333
3 0.253000 0.925333 0.076667 0.064000
3 0.338667 0.892667 0.070667 0.126667
3 0.451333 0.951000 0.101333 0.082000
0 0.541667 0.034000 0.048667 0.060000
0 0.022667 0.085667 0.044000 0.067333
0 0.087000 0.275333 0.043333 0.060000
0 0.269667 0.279667 0.044667 0.044667
0 0.326333 0.321333 0.039333 0.041333
0 0.051000 0.506000 0.052667 0.054667
0 0.064333 0.438000 0.031333 0.026667
0 0.473667 0.601333 0.051333 0.044000
3 0.379333 0.963333 0.060000 0.073333
2 0.558333 0.938000 0.138000 0.124000
0 0.521000 0.909667 0.038000 0.047333
0 0.611333 0.921333 0.054667 0.061333
0 0.679333 0.954333 0.057333 0.068667
0 0.674000 0.586000 0.213333 0.218667
2 0.958333 0.550000 0.083333 0.149333
2 0.825667 0.119667 0.048667 0.054000
2 0.974000 0.067333 0.052000 0.105333
