3 0.083333 0.629667 0.098667 0.114000
3 0.250000 0.605333 0.129333 0.137333
3 0.172667 0.658000 0.130667 0.145333
3 0.093000 0.760000 0.118000 0.122667
3 0.212333 0.755333 0.115333 0.124000
2 0.312667 0.690667 0.104000 0.117333
3 0.148667 0.845667 0.124000 0.123333
2 0.050667 0.916333 0.094667 0.143333
3 0.137667 0.943333 0.076667 0.077333
3 0.302667 0.873333 0.106667 0.090667
3 0.303333 0.777333 0.072000 0.070667
2 0.397000 0.785667 0.120667 0.176667
2 0.482667 0.741333 0.077333 0.088000
2 0.471667 0.662000 0.058000 0.065333
3 0.413333 0.597667 0.102667 0.119333
3 0.523000 0.570000 0.130000 0.128000
3 0.609667 0.561000 0.051333 0.056667
2 0.701333 0.540667 0.104000 0.110667
2 0.822333 0.538667 0.115333 0.137333
2 0.890333 0.613667 0.135333 0.110000
2 0.828667 0.704667 0.128000 0.122667
2 0.743333 0.629000 0.104000 0.090000
3 0.660333 0.645000 0.114000 0.119333
3 0.880000 0.782333 0.066667 0.055333
2 0.796000 0.800333 0.132000 0.114000
2 0.841667 0.904667 0.143333 0.130667
2 0.644333 0.835000 0.115333 0.114000
2 0.726667 0.885000 0.070667 0.088667
2 0.664667 0.910667 0.069333 0.062667
2 0.528667 0.838667 0.105333 0.112000
3 0.563000 0.741667 0.078000 0.084667
3 0.661333 0.735000 0.096000 0.086000
2 0.545667 0.945333 0.112667 0.101333
2 0.441667 0.935000 0.102000 0.114000
0 0.273333 0.328000 0.293333 0.330667
0 0.088667 0.262000 0.044000 0.046667
0 0.073000 0.388333 0.058000 0.060667
0 0.019000 0.420333 0.036667 0.067333
0 0.113667 0.545667 0.082000 0.070000
0 0.175333 0.519333 0.028000 0.036000
0 0.191667 0.544667 0.064667 0.073333
0 0.270667 0.520000 0.086667 0.074667
0 0.340667 0.532000 0.061333 0.052000
0 0.414667 0.487333 0.081333 0.086667
0 0.340333 0.476667 0.044667 0.045333
2 0.332333 0.953000 0.111333 0.094000
2 0.662000 0.969000 0.094667 0.062000
2 0.769000 0.966333 0.115333 0.067333
0 0.918667 0.718333 0.058667 0.064667
0 0.923667 0.962000 0.040667 0.052000
0 0.628333 0.440667 0.070000 0.061333
0 0.676667 0.414667 0.033333 0.038667
0 0.641333 0.303333 0.057333 0.052000
0 0.604000 0.377333 0.038667 0.040000
0 0.726667 0.333667 0.037333 0.043333
0 0.785333 0.429333 0.094667 0.085333
0 0.871333 0.278000 0.257333 0.281333
