2 0.372000 0.118667 0.098667 0.097333
3 0.373000 0.039333 0.070000 0.058667
3 0.185000 0.265000 0.082000 0.064667
2 0.400667 0.240667 0.144000 0.116000
2 0.643667 0.138667 0.108667 0.106667
2 0.767333 0.157333 0.161333 0.192000
2 0.719333 0.270333 0.129333 0.118000
2 0.567333 0.304333 0.120000 0.122000
2 0.661333 0.351000 0.098667 0.112667
3 0.769333 0.384333 0.134667 0.115333
2 0.458667 0.340000 0.098667 0.112000
2 0.578333 0.443667 0.080667 0.078000
3 0.286667 0.344000 0.138667 0.132000
2 0.124333 0.377000 0.096667 0.088667
2 0.044333 0.495667 0.082000 0.082000
2 0.148667 0.476000 0.124000 0.112000
2 0.359667 0.470667 0.079333 0.068000
2 0.455000 0.454667 0.094000 0.077333
2 0.526333 0.547000 0.092667 0.095333
2 0.418000 0.553000 0.124000 0.111333
2 0.319667 0.555667 0.090000 0.083333
2 0.203000 0.596333 0.123333 0.122000
2 0.340333 0.665000 0.162000 0.187333
2 0.484667 0.655333 0.134667 0.134667
2 0.517333 0.741333 0.169333 0.148000
2 0.089000 0.592000 0.104667 0.100000
2 0.144667 0.696333 0.162667 0.108667
2 0.134667 0.791333 0.129333 0.112000
2 0.323667 0.848333 0.112667 0.135333
2 0.438333 0.840000 0.114000 0.137333
2 0.563333 0.913667 0.122667 0.151333
2 0.043667 0.060667 0.086000 0.105333
0 0.280667 0.150333 0.037333 0.036667
0 0.478000 0.181000 0.057333 0.052667
0 0.582333 0.051000 0.056667 0.068667
0 0.518667 0.222000 0.076000 0.077333
0 0.243333 0.184000 0.032000 0.030667
0 0.211000 0.188000 0.026000 0.033333
0 0.118667 0.220000 0.044000 0.050667
0 0.027000 0.268667 0.047333 0.037333
0 0.096667 0.300667 0.101333 0.098667
0 0.189000 0.340667 0.082000 0.100000
0 0.633333 0.415000 0.053333 0.048667
0 0.073000 0.419000 0.048667 0.058000
0 0.283000 0.489000 0.043333 0.050000
0 0.571000 0.645333 0.039333 0.040000
2 0.444667 0.935667 0.142667 0.128667
2 0.306333 0.944333 0.132667 0.111333
0 0.743333 0.834000 0.056000 0.070667
0 0.717000 0.896667 0.042000 0.040000
0 0.926333 0.687000 0.059333 0.070000
0 0.761667 0.721000 0.054000 0.047333
0 0.778667 0.757333 0.029333 0.024000
0 0.951000 0.481000 0.087333 0.082000
0 0.962667 0.385333 0.069333 0.080000
0 0.935000 0.315000 0.088667 0.074000
0 0.922667 0.219667 0.086667 0.067333
