2 0.051333 0.091333 0.090667 0.114667
2 0.163000 0.115667 0.119333 0.111333
3 0.071000 0.211333 0.118000 0.105333
2 0.194333 0.200667 0.074000 0.064000
2 0.273000 0.165000 0.106000 0.128667
3 0.293000 0.245333 0.084667 0.093333
3 0.347333 0.140667 0.073333 0.080000
3 0.323667 0.054667 0.098000 0.100000
3 0.420000 0.109667 0.092000 0.112667
3 0.455667 0.182333 0.092667 0.094000
3 0.373667 0.224000 0.084667 0.094667
2 0.507000 0.088667 0.084667 0.090667
3 0.579333 0.061333 0.090667 0.100000
3 0.708333 0.084333 0.110000 0.074000
3 0.751333 0.140667 0.106667 0.084000
2 0.590333 0.192333 0.098000 0.116667
3 0.664000 0.179000 0.062667 0.112667
3 0.525000 0.246667 0.098000 0.096000
3 0.423333 0.290667 0.101333 0.084000
2 0.531333 0.335333 0.094667 0.094667
3 0.641667 0.377000 0.126000 0.150000
2 0.722333 0.361000 0.074000 0.123333
3 0.798667 0.339333 0.093333 0.105333
3 0.885333 0.320667 0.092000 0.132000
2 0.722000 0.473333 0.104000 0.098667
2 0.830333 0.447333 0.115333 0.102667
2 0.920667 0.453667 0.093333 0.082000
2 0.736667 0.592667 0.100000 0.093333
2 0.716667 0.694000 0.132000 0.109333
2 0.849333 0.559333 0.128000 0.093333
2 0.953667 0.534000 0.092667 0.089333
2 0.860667 0.651000 0.172000 0.104667
2 0.942333 0.735000 0.088667 0.075333
2 0.845667 0.749667 0.154000 0.102000
2 0.917333 0.841333 0.153333 0.114667
2 0.741000 0.864333 0.167333 0.158000
2 0.607000 0.505667 0.123333 0.116667
2 0.597000 0.622000 0.118000 0.112000
3 0.122000 0.275667 0.137333 0.080667
3 0.114667 0.355333 0.077333 0.090667
3 0.182333 0.342667 0.083333 0.078667
3 0.342333 0.308667 0.078000 0.077333
3 0.388333 0.381000 0.078000 0.083333
3 0.964333 0.417667 0.071333 0.084667
3 0.498667 0.444333 0.124000 0.115333
2 0.411000 0.466667 0.048667 0.065333
3 0.347333 0.487333 0.093333 0.096000
3 0.313667 0.394667 0.087333 0.092000
3 0.265333 0.346333 0.085333 0.094000
3 0.241000 0.429667 0.088667 0.094000
3 0.143667 0.448667 0.122000 0.100000
3 0.131000 0.535667 0.150000 0.115333
2 0.262667 0.511333 0.090667 0.092000
3 0.077000 0.663667 0.086000 0.104667
3 0.160000 0.651333 0.101333 0.096000
3 0.229000 0.614333 0.082000 0.130000
3 0.296000 0.601000 0.073333 0.110000
3 0.355667 0.580000 0.082000 0.104000
3 0.428333 0.563333 0.083333 0.129333
2 0.508333 0.549000 0.102000 0.096667
3 0.489667 0.658000 0.091333 0.104000
3 0.394000 0.681333 0.102667 0.101333
3 0.308667 0.706000 0.101333 0.105333
2 0.231333 0.733333 0.089333 0.098667
2 0.141000 0.755333 0.088667 0.093333
2 0.066333 0.849667 0.083333 0.090000
2 0.155000 0.842000 0.124667 0.097333
2 0.176333 0.924667 0.112667 0.114667
2 0.279333 0.898667 0.104000 0.100000
2 0.255000 0.806667 0.091333 0.088000
2 0.343667 0.792000 0.072667 0.080000
2 0.407667 0.768667 0.078000 0.066667
3 0.496333 0.763667 0.114000 0.115333
2 0.395333 0.866333 0.097333 0.092667
2 0.499333 0.878333 0.110667 0.119333
2 0.591667 0.816333 0.090000 0.123333
2 0.745333 0.237333 0.130667 0.129333
2 0.832667 0.219667 0.066667 0.086000
3 0.116333 0.045667 0.119333 0.090000
2 0.206333 0.037333 0.076667 0.073333
3 0.417333 0.035667 0.106667 0.070000
2 0.712333 0.031333 0.146000 0.061333
2 0.620333 0.122333 0.088667 0.064667
0 0.635333 0.282667 0.062667 0.068000
3 0.035333 0.576000 0.068000 0.085333
3 0.023667 0.665667 0.044667 0.095333
0 0.592000 0.732667 0.034667 0.034667
0 0.398000 0.964333 0.070667 0.059333
2 0.063667 0.946667 0.122000 0.106667
3 0.965333 0.302667 0.069333 0.116000
0 0.841000 0.080000 0.070000 0.073333
0 0.848667 0.025000 0.054667 0.048667
