3 0.056000 0.100333 0.097333 0.080667
3 0.086667 0.199667 0.102667 0.098000
3 0.269667 0.060000 0.090000 0.108000
3 0.347667 0.043667 0.086000 0.083333
2 0.398667 0.088667 0.114667 0.065333
3 0.343000 0.171333 0.107333 0.092000
3 0.247667 0.133000 0.086000 0.074000
3 0.169667 0.148333 0.084667 0.107333
3 0.162333 0.068333 0.084667 0.044667
3 0.120000 0.303333 0.092000 0.097333
3 0.187000 0.258667 0.088667 0.105333
3 0.253333 0.193000 0.058667 0.046000
3 0.281333 0.254000 0.100000 0.068000
3 0.218333 0.333000 0.079333 0.090000
2 0.306333 0.316667 0.094000 0.065333
3 0.323000 0.391667 0.122000 0.084667
3 0.213333 0.416333 0.110667 0.079333
2 0.141667 0.390000 0.076667 0.081333
2 0.071333 0.547333 0.072000 0.069333
3 0.159667 0.517667 0.090000 0.104667
3 0.252000 0.499667 0.097333 0.082000
3 0.364333 0.481667 0.116667 0.120667
3 0.313667 0.571000 0.118000 0.088667
3 0.223667 0.577333 0.076667 0.096000
3 0.118667 0.620667 0.133333 0.090667
2 0.297000 0.651667 0.084667 0.078000
2 0.212000 0.694667 0.092000 0.097333
3 0.117333 0.706667 0.102667 0.078667
2 0.038333 0.721667 0.055333 0.082000
3 0.045667 0.824000 0.054000 0.094667
2 0.104333 0.801000 0.059333 0.084667
3 0.595667 0.081000 0.087333 0.086000
3 0.588667 0.158000 0.104000 0.081333
3 0.679333 0.070667 0.073333 0.076000
3 0.770000 0.049667 0.074667 0.082000
3 0.679667 0.150333 0.080667 0.094000
3 0.646000 0.285000 0.109333 0.086000
2 0.632667 0.218667 0.113333 0.064000
2 0.792333 0.167000 0.142000 0.114000
3 0.791667 0.089667 0.087333 0.048667
3 0.873000 0.072667 0.063333 0.064000
3 0.897333 0.150333 0.065333 0.088667
3 0.956667 0.177333 0.068000 0.070667
3 0.830000 0.293000 0.138667 0.112667
2 0.928333 0.260000 0.078000 0.077333
3 0.938667 0.342667 0.098667 0.098667
2 0.712000 0.394667 0.100000 0.136000
2 0.646667 0.447000 0.089333 0.123333
2 0.548000 0.470667 0.125333 0.170667
2 0.643000 0.549333 0.074000 0.066667
2 0.704333 0.525333 0.051333 0.058667
2 0.882000 0.464333 0.176000 0.150000
2 0.789667 0.558000 0.058000 0.057333
2 0.853333 0.550333 0.061333 0.070000
3 0.879667 0.605333 0.086000 0.062667
2 0.893000 0.670000 0.104667 0.064000
2 0.797333 0.630333 0.093333 0.092667
3 0.716667 0.645667 0.114667 0.126000
2 0.609000 0.621333 0.108667 0.094667
3 0.521667 0.645667 0.122000 0.107333
2 0.410333 0.796667 0.124667 0.162667
2 0.476333 0.922000 0.079333 0.070667
3 0.513333 0.860667 0.074667 0.065333
2 0.523000 0.777333 0.122000 0.096000
2 0.628667 0.725333 0.100000 0.108000
3 0.598667 0.816333 0.048000 0.056667
3 0.642333 0.801000 0.058000 0.056667
3 0.700000 0.841333 0.081333 0.093333
2 0.739000 0.771000 0.048667 0.044667
3 0.843333 0.744333 0.098667 0.090000
2 0.927333 0.908333 0.121333 0.118000
2 0.063000 0.038667 0.124667 0.076000
2 0.041667 0.270000 0.082000 0.133333
2 0.070000 0.378667 0.121333 0.086667
0 0.089667 0.440333 0.079333 0.066000
2 0.036000 0.483667 0.070667 0.092667
0 0.033000 0.616667 0.063333 0.097333
2 0.049000 0.940333 0.094000 0.119333
0 0.359667 0.906333 0.048667 0.050000
0 0.482333 0.553333 0.040667 0.040000
0 0.499333 0.585000 0.070667 0.056667
0 0.406667 0.591000 0.041333 0.043333
0 0.337667 0.958667 0.042000 0.044000
0 0.630000 0.962333 0.066667 0.056667
0 0.682667 0.920333 0.049333 0.056667
0 0.756667 0.885333 0.058667 0.069333
2 0.850333 0.957667 0.071333 0.076667
0 0.974667 0.826333 0.050667 0.063333
0 0.908667 0.825000 0.074667 0.070000
0 0.947000 0.776333 0.055333 0.060667
2 0.925000 0.591000 0.050000 0.056667
0 0.550333 0.335667 0.076667 0.064667
2 0.962333 0.109000 0.075333 0.086000
2 0.943000 0.068000 0.043333 0.040000
