2 0.520000 0.394000 0.136000 0.140000
2 0.389667 0.522000 0.136667 0.137333
2 0.516000 0.518333 0.122667 0.111333
2 0.721667 0.442667 0.111333 0.121333
3 0.827000 0.454000 0.108667 0.129333
0 0.936333 0.456667 0.115333 0.132000
0 0.611667 0.572667 0.078000 0.097333
0 0.683333 0.556000 0.081333 0.100000
2 0.779000 0.562333 0.110000 0.092667
3 0.929333 0.573333 0.129333 0.114667
2 0.377333 0.653333 0.130667 0.133333
2 0.514667 0.623333 0.133333 0.098667
2 0.508333 0.726667 0.146000 0.122667
2 0.639667 0.780333 0.096667 0.104667
3 0.763333 0.694000 0.108000 0.140000
3 0.839667 0.705333 0.052667 0.093333
2 0.909000 0.791667 0.144667 0.151333
2 0.829333 0.859667 0.137333 0.146000
2 0.345667 0.848333 0.151333 0.159333
3 0.391000 0.747000 0.080667 0.074000
3 0.485333 0.855333 0.138667 0.173333
2 0.667000 0.906000 0.143333 0.158667
0 0.515667 0.103333 0.087333 0.092000
0 0.711333 0.051667 0.110667 0.102000
0 0.536000 0.034333 0.138667 0.067333
0 0.657333 0.151333 0.121333 0.097333
0 0.619000 0.239333 0.115333 0.130667
0 0.676667 0.697000 0.080000 0.086000
2 0.571667 0.873000 0.067333 0.080667
2 0.568667 0.950333 0.141333 0.099333
2 0.334333 0.955000 0.120667 0.090000
2 0.763667 0.919000 0.071333 0.106000
2 0.846667 0.974667 0.068000 0.050667
2 0.936000 0.930667 0.101333 0.118667
2 0.892000 0.664333 0.085333 0.083333
0 0.834333 0.137000 0.063333 0.070000
0 0.901667 0.020000 0.031333 0.034667
