2 0.900667 0.074667 0.192000 0.145333
2 0.739000 0.106000 0.110000 0.086667
2 0.644667 0.128000 0.073333 0.064000
2 0.620333 0.242667 0.108667 0.106667
2 0.742333 0.216333 0.130000 0.146000
2 0.875667 0.202667 0.158000 0.134667
3 0.858333 0.298667 0.090000 0.066667
2 0.380667 0.482333 0.145333 0.130000
2 0.603667 0.351000 0.147333 0.110000
2 0.582000 0.468667 0.154667 0.130667
2 0.459667 0.576000 0.128667 0.137333
2 0.237000 0.526667 0.142000 0.122667
2 0.259000 0.642333 0.096667 0.080667
2 0.345333 0.613000 0.102667 0.119333
3 0.627000 0.574667 0.083333 0.098667
2 0.716000 0.412667 0.138667 0.161333
2 0.801333 0.397667 0.121333 0.127333
2 0.928333 0.377667 0.142000 0.148667
2 0.744000 0.548333 0.128000 0.115333
2 0.863333 0.524000 0.133333 0.133333
2 0.956000 0.508667 0.088000 0.102667
2 0.684000 0.674000 0.161333 0.120000
1 0.828667 0.646333 0.141333 0.127333
2 0.827667 0.770000 0.174000 0.136000
2 0.677667 0.783667 0.156667 0.124667
2 0.540000 0.790667 0.168000 0.166667
2 0.548667 0.910000 0.104000 0.077333
2 0.654333 0.901000 0.110000 0.112667
2 0.745333 0.909667 0.097333 0.112667
2 0.843000 0.897000 0.104667 0.107333
2 0.937667 0.864333 0.115333 0.180667
0 0.205000 0.134667 0.279333 0.268000
0 0.493667 0.208667 0.031333 0.046667
0 0.137333 0.319000 0.032000 0.027333
0 0.115333 0.411000 0.029333 0.026000
0 0.352000 0.859000 0.210667 0.235333
0 0.453667 0.967000 0.042000 0.052667
0 0.165000 0.774333 0.075333 0.063333
0 0.136333 0.820000 0.070000 0.074667
2 0.829667 0.971667 0.095333 0.056667
2 0.942000 0.724667 0.116000 0.161333
2 0.944667 0.607333 0.110667 0.126667
0 0.402000 0.364000 0.049333 0.070667
0 0.404000 0.293333 0.049333 0.054667
