2 0.595667 0.840667 0.146000 0.158667
2 0.732667 0.841333 0.120000 0.148000
2 0.846000 0.852333 0.101333 0.140667
2 0.767667 0.709667 0.158000 0.139333
2 0.899667 0.690667 0.107333 0.149333
3 0.920333 0.805667 0.083333 0.086000
2 0.426333 0.746333 0.138000 0.114000
2 0.427667 0.855333 0.154000 0.124000
2 0.073667 0.805000 0.126000 0.151333
2 0.221667 0.769000 0.160667 0.156667
2 0.211333 0.906333 0.168000 0.118000
2 0.229000 0.646333 0.087333 0.091333
2 0.186000 0.557333 0.104000 0.113333
2 0.108667 0.468333 0.134667 0.119333
2 0.141667 0.286667 0.115333 0.136000
2 0.317333 0.449000 0.080000 0.088667
2 0.296000 0.550667 0.101333 0.102667
2 0.383667 0.538667 0.082000 0.076000
2 0.436000 0.633333 0.098667 0.098667
2 0.552667 0.649000 0.104000 0.122000
3 0.574333 0.495667 0.122000 0.123333
2 0.648667 0.622667 0.081333 0.110667
2 0.746667 0.590000 0.108000 0.104000
2 0.752667 0.496667 0.157333 0.101333
2 0.876333 0.498333 0.090000 0.128667
2 0.767333 0.396667 0.164000 0.098667
2 0.896000 0.383000 0.101333 0.102000
2 0.713667 0.296333 0.154000 0.119333
2 0.839000 0.282333 0.104667 0.119333
2 0.909000 0.181000 0.147333 0.094000
2 0.833333 0.086000 0.158667 0.154667
2 0.713667 0.112667 0.146000 0.197333
2 0.589667 0.089333 0.111333 0.120000
2 0.572333 0.219000 0.110000 0.120667
2 0.521333 0.319667 0.097333 0.083333
2 0.245667 0.253000 0.082000 0.083333
2 0.368667 0.240667 0.089333 0.094667
2 0.460333 0.099000 0.124667 0.155333
2 0.460667 0.220333 0.072000 0.082000
2 0.323667 0.124000 0.151333 0.149333
2 0.106333 0.086667 0.142000 0.166667
2 0.236000 0.059333 0.144000 0.117333
2 0.227333 0.169333 0.052000 0.065333
0 0.417000 0.306000 0.088667 0.089333
0 0.223667 0.426667 0.098000 0.122667
0 0.427000 0.407333 0.118000 0.144000
0 0.380667 0.443000 0.040000 0.056667
0 0.292000 0.364667 0.060000 0.052000
3 0.506000 0.393667 0.070667 0.084667
0 0.625000 0.308333 0.058000 0.082000
3 0.080000 0.568667 0.042667 0.037333
2 0.045333 0.653333 0.088000 0.122667
0 0.300333 0.646667 0.082000 0.093333
0 0.332000 0.726333 0.054667 0.052667
3 0.627333 0.716000 0.098667 0.082667
0 0.513667 0.748333 0.064667 0.060667
0 0.370333 0.677667 0.040667 0.044667
2 0.024333 0.891000 0.046000 0.067333
3 0.045000 0.960667 0.088667 0.078667
0 0.103667 0.894333 0.046000 0.038000
0 0.307000 0.877333 0.079333 0.102667
3 0.419667 0.954000 0.103333 0.092000
2 0.518667 0.946000 0.102667 0.108000
2 0.637667 0.948333 0.170000 0.103333
2 0.763333 0.945667 0.125333 0.108667
2 0.893000 0.942000 0.163333 0.116000
0 0.799667 0.633667 0.075333 0.074000
3 0.844000 0.589667 0.060000 0.066000
3 0.918000 0.583667 0.060000 0.066000
0 0.647000 0.537000 0.064667 0.068667
2 0.954333 0.468000 0.091333 0.129333
3 0.969667 0.358333 0.060667 0.098000
2 0.935667 0.283667 0.100667 0.095333
