3 0.102667 0.504333 0.104000 0.119333
3 0.192333 0.467333 0.078000 0.097333
3 0.226333 0.335667 0.076667 0.087333
2 0.147333 0.297667 0.068000 0.078000
3 0.303000 0.086333 0.056667 0.058000
3 0.433667 0.057333 0.084667 0.069333
2 0.247333 0.057000 0.105333 0.112667
0 0.576667 0.086667 0.068000 0.077333
0 0.449667 0.122667 0.058000 0.073333
0 0.516333 0.131000 0.098000 0.122000
0 0.385333 0.218667 0.089333 0.101333
0 0.440000 0.214000 0.048000 0.061333
0 0.385000 0.287667 0.060667 0.060667
0 0.361333 0.178667 0.054667 0.052000
0 0.341667 0.129333 0.062000 0.080000
0 0.172333 0.063000 0.066000 0.076667
0 0.101333 0.074000 0.036000 0.052000
0 0.047333 0.148000 0.050667 0.072000
0 0.077000 0.121333 0.058000 0.056000
0 0.079333 0.227000 0.094667 0.084667
0 0.072000 0.294333 0.065333 0.079333
0 0.149667 0.236333 0.039333 0.046000
0 0.200667 0.246000 0.062667 0.070667
0 0.305667 0.178667 0.035333 0.033333
0 0.300000 0.207333 0.030667 0.033333
0 0.149000 0.376333 0.071333 0.062000
0 0.329000 0.307000 0.080667 0.062000
0 0.411667 0.332333 0.055333 0.066000
0 0.351667 0.369000 0.114000 0.104667
0 0.197333 0.402000 0.053333 0.048000
0 0.245333 0.435667 0.044000 0.054000
0 0.077667 0.398000 0.063333 0.076000
0 0.349000 0.442333 0.048667 0.052667
0 0.416333 0.428667 0.035333 0.038667
0 0.432667 0.458000 0.050667 0.052000
0 0.373667 0.499667 0.038000 0.043333
0 0.314000 0.486000 0.050667 0.061333
0 0.321333 0.570333 0.054667 0.048667
0 0.067000 0.644667 0.048667 0.045333
0 0.055333 0.608333 0.040000 0.039333
0 0.146000 0.729333 0.198667 0.186667
0 0.380333 0.706333 0.222000 0.228667
0 0.465333 0.598333 0.193333 0.180667
0 0.302333 0.826000 0.072667 0.074667
0 0.177667 0.871667 0.103333 0.111333
0 0.504667 0.952333 0.065333 0.063333
0 0.722667 0.829333 0.278667 0.302667
0 0.599667 0.947000 0.058000 0.058000
0 0.749667 0.946333 0.050000 0.044667
0 0.900333 0.885667 0.199333 0.224667
0 0.890667 0.493000 0.192000 0.214000
0 0.773667 0.546000 0.204667 0.273333
0 0.613667 0.557667 0.138000 0.183333
0 0.500000 0.471667 0.070667 0.074000
0 0.557333 0.353000 0.193333 0.195333
0 0.686667 0.291667 0.160000 0.184667
0 0.957667 0.350333 0.050000 0.042000
0 0.892667 0.305667 0.061333 0.068667
0 0.826000 0.309333 0.046667 0.042667
0 0.958667 0.279000 0.054667 0.063333
0 0.872667 0.216667 0.049333 0.046667
0 0.820333 0.193667 0.067333 0.072667
0 0.763000 0.135333 0.058000 0.062667
2 0.629333 0.037667 0.098667 0.074000
2 0.775667 0.049333 0.116667 0.097333
2 0.880667 0.092667 0.033333 0.044000
