3 0.669333 0.191333 0.098667 0.112000
3 0.755000 0.158667 0.086000 0.086667
3 0.434000 0.440333 0.097333 0.083333
3 0.482667 0.514667 0.077333 0.065333
2 0.397333 0.542667 0.096000 0.070667
2 0.351667 0.584333 0.084667 0.104667
2 0.368000 0.679000 0.112000 0.084667
2 0.151667 0.597667 0.087333 0.070000
2 0.070333 0.642667 0.108667 0.096000
2 0.037333 0.772667 0.065333 0.102667
2 0.110333 0.785333 0.080667 0.097333
2 0.109667 0.715000 0.056667 0.046000
2 0.175000 0.712333 0.076667 0.115333
2 0.254667 0.681333 0.105333 0.098667
2 0.187000 0.808000 0.075333 0.090667
2 0.242333 0.781667 0.063333 0.104667
2 0.304667 0.730000 0.064000 0.065333
2 0.360667 0.781667 0.066667 0.098000
2 0.299333 0.794667 0.050667 0.072000
3 0.553667 0.910000 0.088667 0.077333
2 0.561667 0.837000 0.111333 0.079333
2 0.603667 0.756000 0.124667 0.102667
2 0.669667 0.813667 0.112667 0.120667
2 0.713333 0.928000 0.128000 0.100000
2 0.765000 0.781000 0.084667 0.086000
2 0.749333 0.676000 0.058667 0.060000
2 0.832667 0.668000 0.100000 0.132000
2 0.923667 0.669000 0.087333 0.092667
2 0.952000 0.759333 0.089333 0.090667
2 0.874333 0.783000 0.108667 0.102000
2 0.910333 0.933000 0.119333 0.123333
2 0.863667 0.485667 0.087333 0.084667
2 0.680667 0.538667 0.062667 0.062667
2 0.730000 0.589333 0.077333 0.089333
2 0.780000 0.514000 0.105333 0.133333
2 0.941667 0.354333 0.098000 0.088667
0 0.219000 0.218333 0.168667 0.227333
0 0.314333 0.125333 0.207333 0.190667
0 0.422333 0.178333 0.050000 0.076667
0 0.067000 0.193333 0.132667 0.272000
0 0.040333 0.355667 0.043333 0.054000
0 0.315333 0.365667 0.096000 0.078000
0 0.354000 0.408667 0.085333 0.094667
0 0.279000 0.413667 0.064667 0.078000
0 0.543333 0.137667 0.042667 0.052667
0 0.577667 0.182000 0.062000 0.060000
0 0.680000 0.037000 0.050667 0.055333
0 0.056667 0.436333 0.038667 0.044667
0 0.041333 0.481333 0.060000 0.049333
0 0.195333 0.439667 0.028000 0.035333
0 0.115000 0.460333 0.031333 0.030000
2 0.458333 0.367333 0.068667 0.061333
0 0.599667 0.355667 0.082000 0.066000
0 0.639333 0.317333 0.069333 0.070667
0 0.529333 0.368333 0.062667 0.070000
0 0.599333 0.237000 0.045333 0.070000
0 0.504000 0.267333 0.077333 0.058667
0 0.519333 0.425000 0.056000 0.059333
0 0.646667 0.460000 0.044000 0.049333
0 0.638000 0.411333 0.037333 0.048000
0 0.549000 0.588000 0.067333 0.069333
0 0.619667 0.590333 0.054000 0.074000
0 0.670667 0.604667 0.049333 0.068000
0 0.480333 0.622667 0.067333 0.072000
0 0.454667 0.689667 0.080000 0.083333
0 0.547000 0.673333 0.075333 0.096000
0 0.278333 0.628667 0.068667 0.069333
2 0.038667 0.706667 0.072000 0.066667
0 0.453000 0.798333 0.106000 0.102000
0 0.499333 0.742000 0.061333 0.080000
0 0.311000 0.859333 0.094000 0.077333
0 0.368333 0.966667 0.094000 0.066667
0 0.400333 0.939667 0.038000 0.055333
0 0.465000 0.968667 0.102000 0.062667
0 0.483667 0.879667 0.059333 0.059333
0 0.461333 0.916000 0.065333 0.064000
0 0.626000 0.912333 0.056000 0.072667
0 0.811667 0.863667 0.051333 0.058000
0 0.898667 0.568667 0.064000 0.072000
0 0.938000 0.513333 0.058667 0.070667
0 0.911333 0.442667 0.052000 0.064000
0 0.839333 0.362333 0.104000 0.114000
0 0.816000 0.293333 0.041333 0.038667
0 0.911333 0.289333 0.093333 0.089333
0 0.822667 0.254000 0.048000 0.045333
0 0.833667 0.212333 0.068667 0.060667
0 0.907333 0.193000 0.056000 0.058000
0 0.773667 0.203333 0.035333 0.058667
0 0.694000 0.104000 0.081333 0.073333
0 0.766667 0.077667 0.064000 0.054000
2 0.958000 0.040000 0.084000 0.078667
0 0.763667 0.029333 0.087333 0.057333
0 0.840667 0.029667 0.085333 0.058000
