2 0.103000 0.149000 0.115333 0.124667
2 0.223667 0.109000 0.112667 0.119333
2 0.132000 0.201667 0.090667 0.088667
2 0.219667 0.176000 0.112667 0.101333
2 0.306333 0.110667 0.111333 0.157333
2 0.608333 0.090000 0.151333 0.145333
2 0.612667 0.184000 0.173333 0.133333
2 0.611667 0.290667 0.114000 0.094667
2 0.425000 0.193000 0.195333 0.151333
2 0.438333 0.290000 0.116667 0.076000
2 0.427667 0.070000 0.154000 0.128000
2 0.245333 0.263667 0.138667 0.104667
2 0.140000 0.286667 0.132000 0.125333
2 0.142333 0.378333 0.158000 0.122000
2 0.320667 0.344667 0.137333 0.141333
2 0.418333 0.380667 0.183333 0.145333
2 0.520667 0.410333 0.132000 0.122000
2 0.627667 0.382667 0.130000 0.144000
2 0.141000 0.487333 0.150000 0.140000
2 0.276333 0.494667 0.126000 0.136000
2 0.406333 0.484667 0.130000 0.098667
2 0.534667 0.528333 0.137333 0.150000
2 0.426333 0.594333 0.184667 0.148667
3 0.221667 0.635000 0.155333 0.147333
2 0.121667 0.787667 0.144667 0.183333
2 0.178000 0.935333 0.173333 0.126667
2 0.252000 0.778000 0.138667 0.138667
2 0.412333 0.739333 0.156667 0.138667
2 0.542000 0.718667 0.134667 0.169333
2 0.333333 0.842667 0.145333 0.178667
2 0.464000 0.851333 0.137333 0.129333
2 0.173333 0.041000 0.117333 0.080667
2 0.100667 0.047333 0.085333 0.092000
2 0.039667 0.169333 0.078000 0.086667
2 0.039000 0.077333 0.076667 0.102667
0 0.507333 0.124333 0.076000 0.094000
0 0.523333 0.312000 0.052000 0.073333
2 0.518000 0.231000 0.065333 0.096667
2 0.047333 0.259667 0.093333 0.139333
2 0.066000 0.528000 0.130667 0.157333
0 0.332667 0.638000 0.101333 0.102667
2 0.070667 0.689000 0.140000 0.163333
2 0.033667 0.816667 0.066000 0.116000
2 0.057000 0.926333 0.112667 0.147333
2 0.344667 0.957667 0.197333 0.084667
0 0.866333 0.973667 0.107333 0.052667
0 0.902000 0.917333 0.104000 0.108000
0 0.853000 0.840333 0.118000 0.110000
2 0.934667 0.769000 0.086667 0.072667
0 0.911333 0.697667 0.090667 0.066000
3 0.979000 0.687333 0.042000 0.056000
0 0.962333 0.415333 0.075333 0.093333
