2 0.220333 0.201667 0.116667 0.114000
3 0.129333 0.299333 0.140000 0.133333
3 0.264000 0.276000 0.098667 0.096000
3 0.329000 0.226000 0.079333 0.109333
3 0.334000 0.099000 0.072000 0.088667
2 0.425000 0.079000 0.098000 0.092667
3 0.421000 0.207333 0.110000 0.105333
3 0.527333 0.107333 0.094667 0.128000
3 0.608333 0.078000 0.090000 0.128000
3 0.663333 0.150333 0.061333 0.083333
3 0.807000 0.105000 0.074000 0.082000
3 0.731333 0.135333 0.061333 0.061333
2 0.777667 0.195333 0.146000 0.101333
3 0.856333 0.229333 0.058000 0.061333
3 0.798000 0.261667 0.094667 0.078000
3 0.832667 0.328000 0.102667 0.094667
3 0.807000 0.423667 0.079333 0.083333
2 0.727667 0.439333 0.087333 0.089333
2 0.679333 0.376000 0.062667 0.068000
3 0.698000 0.293667 0.097333 0.080667
3 0.616000 0.217667 0.136000 0.118000
2 0.527000 0.264333 0.091333 0.072667
3 0.603667 0.315000 0.080667 0.079333
3 0.528667 0.350000 0.100000 0.101333
3 0.457667 0.292000 0.086000 0.077333
3 0.360667 0.335333 0.102667 0.105333
2 0.214667 0.361667 0.061333 0.058000
3 0.260667 0.417667 0.100000 0.082000
0 0.205000 0.452667 0.058000 0.070667
2 0.124667 0.474000 0.100000 0.092000
2 0.064333 0.588667 0.080667 0.076000
2 0.189000 0.536333 0.090000 0.083333
3 0.271000 0.508667 0.079333 0.102667
2 0.346333 0.486000 0.080667 0.093333
3 0.419333 0.457333 0.073333 0.086667
3 0.492333 0.434333 0.086000 0.082000
3 0.612000 0.408000 0.069333 0.068000
2 0.563333 0.491333 0.066667 0.070667
3 0.638333 0.475000 0.088667 0.082000
3 0.779000 0.522667 0.118000 0.100000
3 0.726667 0.595667 0.104000 0.115333
3 0.693333 0.705333 0.134667 0.106667
3 0.634667 0.635000 0.104000 0.094000
2 0.623333 0.552333 0.098667 0.087333
3 0.492333 0.518333 0.096667 0.080667
3 0.539667 0.574667 0.086000 0.088000
3 0.537667 0.656000 0.118000 0.077333
3 0.451667 0.775667 0.115333 0.119333
3 0.564000 0.748333 0.112000 0.118000
3 0.602000 0.831667 0.128000 0.092667
2 0.492667 0.878333 0.102667 0.086000
3 0.553333 0.927333 0.105333 0.096000
2 0.422333 0.882333 0.076667 0.086000
2 0.339667 0.899667 0.088667 0.092667
2 0.394000 0.944333 0.066667 0.087333
2 0.463333 0.940667 0.064000 0.056000
2 0.360667 0.804000 0.097333 0.090667
2 0.224333 0.856667 0.086000 0.090667
2 0.289000 0.831667 0.043333 0.054000
3 0.367333 0.710000 0.108000 0.094667
3 0.376333 0.620333 0.087333 0.087333
3 0.458000 0.611667 0.066667 0.083333
2 0.409667 0.536000 0.079333 0.073333
2 0.085000 0.662667 0.087333 0.066667
3 0.103667 0.736667 0.111333 0.097333
2 0.191333 0.772667 0.100000 0.089333
3 0.270333 0.751000 0.091333 0.084667
3 0.225667 0.691333 0.086000 0.068000
3 0.285333 0.657333 0.094667 0.094667
3 0.250667 0.605000 0.110667 0.079333
3 0.152000 0.627667 0.097333 0.087333
2 0.855333 0.749000 0.137333 0.132667
3 0.933333 0.792000 0.121333 0.128000
3 0.899333 0.882333 0.089333 0.080667
2 0.775000 0.856000 0.115333 0.120000
3 0.827000 0.930333 0.055333 0.074000
2 0.866000 0.965667 0.044000 0.060667
2 0.944000 0.953667 0.100000 0.092667
2 0.091000 0.096333 0.076667 0.091333
2 0.160333 0.066000 0.142000 0.130667
2 0.240000 0.049000 0.093333 0.095333
2 0.706000 0.053333 0.128000 0.104000
0 0.514333 0.195333 0.059333 0.049333
2 0.397000 0.146000 0.062000 0.040000
0 0.166333 0.140667 0.044667 0.048000
0 0.149000 0.174000 0.042000 0.036000
2 0.091333 0.237667 0.054667 0.062000
0 0.035333 0.285333 0.044000 0.052000
3 0.444333 0.368667 0.071333 0.085333
0 0.742333 0.363000 0.050000 0.035333
2 0.551000 0.426667 0.046000 0.062667
3 0.046333 0.494667 0.091333 0.120000
2 0.123000 0.566000 0.050000 0.066667
2 0.052000 0.807000 0.100000 0.122000
2 0.065667 0.900000 0.126000 0.096000
2 0.256667 0.950667 0.148000 0.098667
0 0.649333 0.968000 0.050667 0.054667
0 0.610667 0.976000 0.032000 0.036000
0 0.707000 0.957667 0.056667 0.068667
0 0.725667 0.773667 0.048667 0.052667
0 0.932667 0.545667 0.066667 0.059333
0 0.879667 0.452333 0.068667 0.060667
0 0.936333 0.368333 0.051333 0.054000
0 0.940333 0.313333 0.032667 0.038667
0 0.964333 0.283000 0.035333 0.035333
0 0.911333 0.284000 0.041333 0.054667
