2 0.098000 0.165000 0.133333 0.107333
2 0.277667 0.064333 0.107333 0.111333
3 0.412667 0.126667 0.104000 0.110667
3 0.512667 0.120667 0.098667 0.132000
3 0.605000 0.124000 0.075333 0.080000
3 0.716000 0.083667 0.146667 0.147333
2 0.117333 0.265000 0.113333 0.084667
3 0.089000 0.357333 0.107333 0.092000
2 0.232000 0.315000 0.145333 0.162000
2 0.329333 0.252333 0.126667 0.143333
2 0.433333 0.224000 0.137333 0.102667
2 0.441000 0.320000 0.119333 0.108000
3 0.559000 0.322000 0.072667 0.068000
3 0.543000 0.226000 0.092667 0.093333
2 0.632000 0.236000 0.096000 0.137333
2 0.728667 0.212000 0.102667 0.106667
3 0.931333 0.174000 0.100000 0.097333
3 0.920333 0.271333 0.119333 0.125333
2 0.798000 0.284667 0.128000 0.137333
3 0.354333 0.482333 0.090000 0.088667
3 0.461000 0.470333 0.107333 0.112667
3 0.571667 0.463333 0.116667 0.101333
3 0.734667 0.536333 0.140000 0.147333
3 0.879000 0.501000 0.154000 0.159333
2 0.521000 0.569333 0.110000 0.104000
2 0.088333 0.633667 0.114000 0.119333
2 0.212000 0.616333 0.169333 0.179333
2 0.182667 0.742667 0.116000 0.098667
3 0.262000 0.903333 0.074667 0.094667
3 0.401333 0.677000 0.078667 0.080667
2 0.597000 0.671333 0.120667 0.138667
3 0.808667 0.663667 0.134667 0.143333
3 0.933333 0.719000 0.114667 0.110000
3 0.926333 0.827667 0.118000 0.123333
3 0.816667 0.851667 0.109333 0.108667
3 0.720000 0.876000 0.108000 0.145333
2 0.614667 0.898333 0.113333 0.138000
3 0.103667 0.090000 0.040667 0.045333
0 0.358667 0.079000 0.060000 0.075333
3 0.221667 0.160667 0.062000 0.065333
0 0.393000 0.399000 0.036667 0.044667
0 0.318333 0.424000 0.067333 0.072000
0 0.181333 0.414000 0.061333 0.057333
0 0.128667 0.453667 0.082667 0.090000
0 0.280667 0.539000 0.041333 0.056667
3 0.497667 0.672000 0.047333 0.049333
3 0.056333 0.739000 0.110000 0.071333
2 0.065667 0.928000 0.056667 0.066667
1 0.179667 0.904667 0.038000 0.045333
1 0.335333 0.820667 0.044000 0.052000
3 0.499000 0.871000 0.055333 0.064667
2 0.834333 0.949667 0.106000 0.100667
0 0.632000 0.782667 0.076000 0.084000
0 0.684333 0.762333 0.054000 0.052667
0 0.806000 0.761667 0.068000 0.070000
0 0.973667 0.490333 0.052667 0.094000
2 0.654667 0.436667 0.033333 0.048000
2 0.623000 0.564333 0.042000 0.030000
0 0.843667 0.384667 0.091333 0.072000
