2 0.166667 0.121333 0.124000 0.122667
0 0.067000 0.097667 0.084667 0.103333
3 0.284667 0.160333 0.109333 0.114000
2 0.163333 0.211667 0.110667 0.088667
2 0.076000 0.216333 0.064000 0.064667
2 0.131333 0.310667 0.161333 0.109333
2 0.239667 0.272000 0.108667 0.142667
2 0.347333 0.283667 0.106667 0.186000
2 0.419333 0.144000 0.160000 0.132000
2 0.430000 0.271333 0.097333 0.138667
2 0.520000 0.266333 0.074667 0.123333
2 0.600667 0.203667 0.141333 0.154000
2 0.654000 0.089333 0.160000 0.161333
2 0.804000 0.067667 0.140000 0.118000
2 0.744000 0.154667 0.097333 0.122667
2 0.713667 0.244667 0.084667 0.094667
2 0.814000 0.249000 0.109333 0.100667
2 0.927667 0.192000 0.110000 0.122667
2 0.855667 0.132333 0.112667 0.111333
2 0.867667 0.310333 0.116667 0.111333
2 0.764000 0.350333 0.093333 0.116667
2 0.677000 0.374667 0.114000 0.137333
2 0.600000 0.324000 0.098667 0.084000
2 0.559000 0.408000 0.108667 0.118667
2 0.472667 0.436000 0.097333 0.126667
2 0.374333 0.464333 0.111333 0.139333
2 0.240333 0.423333 0.162000 0.154667
2 0.139000 0.414667 0.118000 0.098667
2 0.269333 0.549667 0.157333 0.128667
2 0.446000 0.573333 0.140000 0.124000
2 0.550667 0.531667 0.100000 0.131333
2 0.642333 0.509333 0.119333 0.142667
2 0.770333 0.553000 0.124667 0.155333
2 0.850667 0.518333 0.077333 0.114000
2 0.902667 0.401667 0.140000 0.111333
2 0.936667 0.488667 0.102667 0.088000
2 0.945333 0.591333 0.100000 0.101333
2 0.849333 0.639667 0.166667 0.115333
2 0.842333 0.737333 0.124667 0.109333
2 0.942000 0.713000 0.098667 0.124667
2 0.866000 0.838667 0.110667 0.106667
2 0.946667 0.809333 0.092000 0.112000
2 0.927667 0.925333 0.112667 0.122667
2 0.779000 0.892000 0.156667 0.144000
2 0.671000 0.930333 0.126000 0.128667
2 0.582000 0.955000 0.085333 0.084667
2 0.646667 0.829667 0.100000 0.106000
2 0.756667 0.772000 0.097333 0.104000
2 0.651667 0.716333 0.151333 0.159333
2 0.597000 0.624667 0.115333 0.090667
2 0.501333 0.664333 0.096000 0.091333
2 0.407667 0.677333 0.111333 0.129333
3 0.324333 0.703333 0.083333 0.097333
2 0.256333 0.752333 0.072667 0.090000
2 0.193667 0.656667 0.184667 0.141333
2 0.072000 0.772667 0.129333 0.174667
2 0.164333 0.790000 0.116667 0.132000
2 0.107667 0.915000 0.124667 0.131333
2 0.236667 0.879333 0.108000 0.130667
2 0.341667 0.821000 0.107333 0.150000
2 0.431333 0.913333 0.092000 0.134667
2 0.436667 0.799000 0.097333 0.111333
2 0.541000 0.753333 0.111333 0.105333
2 0.537667 0.872000 0.120667 0.129333
0 0.370333 0.050333 0.086000 0.099333
0 0.495333 0.089000 0.093333 0.052667
2 0.110000 0.036667 0.128000 0.072000
2 0.054667 0.182333 0.108000 0.159333
0 0.507000 0.028667 0.063333 0.056000
2 0.326667 0.946333 0.149333 0.107333
2 0.853000 0.950333 0.143333 0.099333
0 0.788667 0.453333 0.102667 0.064000
0 0.795667 0.406000 0.039333 0.045333
2 0.960000 0.295000 0.080000 0.128667
