3 0.087667 0.100333 0.087333 0.114000
2 0.187667 0.065667 0.118000 0.106000
2 0.135333 0.202333 0.122667 0.084667
2 0.171667 0.278333 0.080667 0.088667
3 0.238333 0.245333 0.088667 0.126667
2 0.317333 0.203333 0.097333 0.108000
3 0.321000 0.300333 0.092667 0.091333
3 0.351333 0.429667 0.076000 0.094000
2 0.371667 0.526667 0.060667 0.066667
3 0.418667 0.588667 0.110667 0.104000
3 0.429667 0.685333 0.114000 0.097333
3 0.461333 0.775333 0.104000 0.105333
3 0.542333 0.828667 0.094000 0.093333
2 0.533333 0.918333 0.101333 0.091333
3 0.425667 0.871333 0.094000 0.077333
3 0.468000 0.951667 0.073333 0.083333
3 0.349333 0.887333 0.086667 0.076000
2 0.268667 0.899667 0.077333 0.084667
3 0.204333 0.913333 0.074000 0.104000
3 0.119333 0.921333 0.093333 0.089333
3 0.134667 0.835333 0.145333 0.094667
2 0.070333 0.757333 0.124667 0.113333
2 0.198667 0.749000 0.048000 0.058000
3 0.296000 0.808667 0.073333 0.077333
3 0.372667 0.792000 0.069333 0.089333
2 0.354333 0.707333 0.076667 0.077333
3 0.266000 0.714333 0.097333 0.114000
3 0.166667 0.670000 0.114667 0.097333
2 0.040667 0.619333 0.066667 0.106667
3 0.115333 0.583667 0.098667 0.130000
3 0.197333 0.570667 0.062667 0.076000
3 0.280000 0.564333 0.102667 0.124667
3 0.334000 0.620000 0.102667 0.100000
3 0.253333 0.460667 0.108000 0.076000
3 0.255000 0.372000 0.119333 0.093333
3 0.164000 0.485333 0.104000 0.072000
3 0.160667 0.402000 0.105333 0.097333
3 0.080667 0.423000 0.078667 0.115333
2 0.102000 0.296333 0.077333 0.075333
2 0.153667 0.337667 0.052667 0.047333
2 0.370333 0.109000 0.080667 0.080667
3 0.437000 0.082667 0.055333 0.066667
3 0.513667 0.056000 0.079333 0.072000
3 0.495333 0.155667 0.102667 0.119333
3 0.408333 0.177000 0.087333 0.111333
3 0.389333 0.349667 0.097333 0.087333
3 0.464000 0.335667 0.068000 0.084667
3 0.541000 0.314000 0.086000 0.097333
2 0.400000 0.278667 0.062667 0.068000
3 0.474333 0.253667 0.096667 0.082000
3 0.597333 0.126000 0.104000 0.104000
3 0.763333 0.150333 0.108000 0.088667
2 0.658333 0.193667 0.090000 0.078000
2 0.577000 0.224667 0.078000 0.088000
2 0.628667 0.277333 0.074667 0.076000
3 0.709667 0.249667 0.095333 0.104667
2 0.856333 0.113000 0.086000 0.075333
3 0.877333 0.210000 0.105333 0.110667
2 0.783333 0.244000 0.090667 0.104000
2 0.850000 0.316333 0.076000 0.098000
3 0.498000 0.406000 0.089333 0.092000
2 0.424333 0.430333 0.075333 0.071333
3 0.447000 0.502333 0.082000 0.084667
3 0.541000 0.474000 0.103333 0.094667
3 0.590667 0.367667 0.100000 0.095333
3 0.659000 0.353000 0.103333 0.086000
3 0.740333 0.331667 0.090000 0.082000
3 0.799333 0.399667 0.102667 0.112667
3 0.848333 0.483667 0.118000 0.119333
2 0.746333 0.515667 0.088667 0.096667
3 0.675000 0.543333 0.082000 0.102667
3 0.582667 0.564333 0.116000 0.106000
3 0.501000 0.572000 0.080667 0.078667
3 0.628333 0.453667 0.080667 0.087333
3 0.719333 0.428333 0.106667 0.091333
2 0.512667 0.660000 0.065333 0.077333
3 0.588333 0.644667 0.106000 0.133333
2 0.716667 0.617000 0.148000 0.108667
3 0.710000 0.685000 0.132000 0.058000
3 0.759667 0.743667 0.123333 0.078000
3 0.773667 0.833000 0.171333 0.104667
2 0.591000 0.768000 0.091333 0.104000
3 0.669333 0.761667 0.065333 0.086000
2 0.731000 0.935667 0.086000 0.107333
3 0.892333 0.924667 0.111333 0.132000
3 0.809667 0.945333 0.092667 0.098667
0 0.286667 0.100667 0.049333 0.050667
2 0.326000 0.055333 0.100000 0.109333
3 0.416333 0.034667 0.091333 0.068000
2 0.613333 0.046667 0.116000 0.092000
2 0.707000 0.056333 0.103333 0.111333
2 0.035667 0.460000 0.070000 0.136000
0 0.537667 0.712667 0.046000 0.040000
2 0.094667 0.682000 0.050667 0.069333
2 0.049333 0.917667 0.097333 0.164667
0 0.016333 0.854667 0.031333 0.052000
0 0.312000 0.858667 0.045333 0.032000
0 0.644667 0.856333 0.064000 0.079333
2 0.319000 0.955667 0.092667 0.088667
2 0.397000 0.961667 0.087333 0.076667
2 0.638333 0.936000 0.139333 0.128000
0 0.859667 0.645333 0.094000 0.073333
0 0.865000 0.581667 0.084667 0.066000
2 0.939667 0.543000 0.120667 0.120667
2 0.941333 0.254333 0.117333 0.159333
2 0.807000 0.052333 0.110000 0.103333
