2 0.108333 0.082333 0.140667 0.139333
2 0.050000 0.142333 0.085333 0.080667
2 0.076333 0.244333 0.140667 0.146000
2 0.226333 0.103000 0.110000 0.114000
2 0.184000 0.220000 0.074667 0.066667
2 0.194667 0.414333 0.098667 0.111333
2 0.341667 0.386667 0.184667 0.166667
2 0.341000 0.126333 0.111333 0.112667
2 0.262333 0.174000 0.090000 0.069333
2 0.468333 0.173667 0.195333 0.188667
2 0.657667 0.069000 0.094000 0.118000
2 0.558000 0.065000 0.100000 0.120667
2 0.737000 0.447000 0.111333 0.115333
3 0.634000 0.481000 0.102667 0.096667
2 0.579000 0.546000 0.110000 0.097333
2 0.641667 0.590667 0.082000 0.077333
2 0.461000 0.626000 0.123333 0.129333
2 0.466667 0.747667 0.165333 0.116667
2 0.716667 0.540000 0.112000 0.085333
3 0.817333 0.514333 0.100000 0.088667
3 0.818000 0.586333 0.093333 0.075333
3 0.882667 0.618333 0.072000 0.088667
3 0.938333 0.668000 0.114000 0.104000
3 0.939667 0.766667 0.096667 0.098667
3 0.834667 0.738000 0.109333 0.108000
3 0.802667 0.658667 0.062667 0.053333
3 0.718667 0.626667 0.069333 0.069333
2 0.617333 0.668333 0.138667 0.088667
3 0.625667 0.748333 0.158000 0.098000
3 0.658333 0.835333 0.138000 0.105333
3 0.750000 0.890000 0.101333 0.096000
3 0.750000 0.786333 0.078667 0.075333
3 0.830667 0.840000 0.088000 0.098667
3 0.735667 0.706333 0.086000 0.082000
0 0.188000 0.310000 0.118667 0.121333
0 0.278333 0.263000 0.124667 0.139333
0 0.420667 0.261000 0.108000 0.123333
0 0.560333 0.232000 0.114000 0.148000
0 0.653333 0.181667 0.098667 0.087333
0 0.735667 0.080000 0.083333 0.076000
0 0.493667 0.462667 0.106000 0.116000
0 0.393333 0.545667 0.086667 0.122000
0 0.537333 0.609333 0.064000 0.076000
0 0.545667 0.855000 0.082000 0.082000
0 0.611333 0.909000 0.074667 0.078000
0 0.883667 0.357667 0.040667 0.040667
0 0.884000 0.331333 0.036000 0.026667
1 0.886667 0.067000 0.042667 0.047333
1 0.974000 0.013667 0.042667 0.026000
