3 0.763000 0.043333 0.083333 0.072000
3 0.796667 0.122000 0.092000 0.093333
2 0.689000 0.119667 0.118000 0.114000
3 0.741000 0.223333 0.124667 0.121333
3 0.385667 0.122000 0.111333 0.129333
2 0.344333 0.197000 0.123333 0.123333
2 0.133333 0.140333 0.104000 0.116667
2 0.115000 0.333667 0.118000 0.114000
2 0.237000 0.308000 0.108667 0.098667
3 0.876000 0.361333 0.066667 0.069333
2 0.764667 0.414000 0.136000 0.124000
2 0.252000 0.539667 0.094667 0.084667
3 0.062000 0.629667 0.108000 0.114000
3 0.148667 0.634333 0.081333 0.092667
2 0.254333 0.638000 0.115333 0.108000
3 0.498000 0.774667 0.110667 0.126667
3 0.931333 0.581667 0.066667 0.076667
0 0.040333 0.167333 0.078000 0.082667
0 0.164000 0.264333 0.037333 0.044667
2 0.026333 0.369667 0.051333 0.134000
0 0.519000 0.114333 0.063333 0.068667
3 0.500000 0.189667 0.041333 0.036667
3 0.416000 0.275667 0.057333 0.064667
3 0.445333 0.293000 0.048000 0.070000
0 0.364667 0.364000 0.025333 0.030667
0 0.663667 0.505000 0.047333 0.047333
0 0.441333 0.468000 0.038667 0.041333
0 0.380667 0.496000 0.106667 0.118667
0 0.417667 0.533667 0.046000 0.048667
0 0.328667 0.530667 0.061333 0.070667
0 0.347333 0.589667 0.038667 0.046000
0 0.407333 0.630000 0.044000 0.044000
0 0.729667 0.594667 0.075333 0.082667
0 0.500667 0.702333 0.053333 0.038000
0 0.222000 0.706667 0.093333 0.089333
2 0.129000 0.745333 0.039333 0.053333
0 0.025667 0.797667 0.050000 0.071333
0 0.113333 0.824667 0.106667 0.105333
0 0.118000 0.906333 0.104000 0.096667
0 0.212667 0.848667 0.070667 0.078667
0 0.309667 0.816333 0.043333 0.039333
2 0.210333 0.953333 0.072667 0.056000
0 0.419333 0.971667 0.073333 0.056667
0 0.282333 0.950000 0.051333 0.052000
0 0.363333 0.869667 0.085333 0.100667
0 0.575667 0.818667 0.052667 0.061333
0 0.720333 0.660333 0.042000 0.039333
0 0.790667 0.627667 0.048000 0.059333
3 0.778667 0.496000 0.096000 0.073333
2 0.947667 0.349000 0.082000 0.079333
0 0.888667 0.256000 0.058667 0.064000
0 0.953000 0.220333 0.094000 0.091333
0 0.966333 0.291333 0.047333 0.041333
0 0.948333 0.171000 0.044667 0.050000
0 0.857333 0.188333 0.088000 0.095333
0 0.955333 0.121333 0.041333 0.041333
0 0.875000 0.052667 0.106000 0.104000
0 0.650333 0.027333 0.058000 0.050667
