2 0.713667 0.069333 0.148667 0.126667
2 0.911000 0.072000 0.151333 0.140000
2 0.851333 0.187667 0.176000 0.180667
2 0.730000 0.187333 0.089333 0.109333
2 0.620667 0.153333 0.162667 0.174667
2 0.573667 0.265667 0.095333 0.075333
2 0.093000 0.224000 0.076667 0.077333
2 0.165333 0.219667 0.070667 0.080667
2 0.268667 0.212000 0.110667 0.093333
2 0.372333 0.237000 0.087333 0.076667
2 0.148000 0.321000 0.097333 0.111333
2 0.269333 0.354333 0.140000 0.188667
2 0.375667 0.337000 0.119333 0.143333
2 0.419667 0.474667 0.151333 0.173333
2 0.479333 0.345333 0.093333 0.104000
2 0.567333 0.358667 0.097333 0.156000
2 0.676000 0.356667 0.102667 0.165333
2 0.793667 0.370667 0.124667 0.176000
2 0.919667 0.361000 0.123333 0.176667
2 0.883333 0.528000 0.198667 0.174667
2 0.709333 0.473000 0.102667 0.082000
2 0.578000 0.495333 0.160000 0.140000
2 0.676000 0.606000 0.233333 0.177333
2 0.482000 0.565000 0.101333 0.098000
2 0.137333 0.439333 0.165333 0.120000
2 0.081333 0.557333 0.138667 0.138667
2 0.194667 0.558000 0.101333 0.112000
2 0.293667 0.546000 0.116667 0.133333
2 0.112000 0.686333 0.136000 0.122000
2 0.232667 0.667000 0.113333 0.111333
2 0.367333 0.652000 0.153333 0.161333
2 0.186667 0.765000 0.094667 0.098000
2 0.286333 0.764333 0.090000 0.088667
2 0.176667 0.841333 0.062667 0.070667
2 0.265667 0.842000 0.083333 0.072000
2 0.382000 0.917000 0.104000 0.147333
2 0.176667 0.922667 0.096000 0.086667
2 0.073000 0.929333 0.127333 0.094667
2 0.068667 0.811333 0.122667 0.125333
2 0.388333 0.788000 0.094000 0.125333
2 0.501667 0.751667 0.120667 0.152667
2 0.465000 0.870000 0.110000 0.088000
2 0.680000 0.852333 0.100000 0.110000
2 0.593000 0.836333 0.076667 0.158000
2 0.870333 0.923333 0.178000 0.112000
2 0.909667 0.810333 0.107333 0.116667
2 0.845000 0.675667 0.147333 0.147333
2 0.759000 0.777667 0.203333 0.184667
2 0.062333 0.138333 0.123333 0.143333
2 0.321333 0.062667 0.141333 0.124000
0 0.456000 0.051667 0.082667 0.078000
0 0.386000 0.154333 0.065333 0.064667
0 0.302000 0.136000 0.085333 0.062667
0 0.056667 0.301333 0.100000 0.089333
0 0.467333 0.249667 0.068000 0.066000
2 0.036333 0.428667 0.071333 0.156000
2 0.271000 0.937000 0.163333 0.126000
2 0.546333 0.945667 0.136667 0.108667
2 0.950667 0.690667 0.098667 0.137333
2 0.956000 0.214333 0.077333 0.122000
