2 0.134000 0.284000 0.094667 0.102667
3 0.241667 0.253667 0.102000 0.112667
2 0.339000 0.247000 0.092667 0.123333
2 0.352000 0.135667 0.092000 0.087333
3 0.545667 0.120333 0.148667 0.128667
3 0.565667 0.229000 0.083333 0.084667
2 0.623000 0.307333 0.119333 0.100000
2 0.816000 0.187667 0.161333 0.111333
2 0.824333 0.292667 0.136667 0.104000
2 0.690333 0.216333 0.079333 0.079333
3 0.796333 0.683667 0.086000 0.088667
3 0.827333 0.751667 0.094667 0.080667
3 0.728333 0.765667 0.116667 0.116667
3 0.790333 0.863667 0.115333 0.128667
3 0.428000 0.774000 0.129333 0.133333
3 0.379000 0.853667 0.115333 0.120667
3 0.265333 0.946667 0.104000 0.104000
3 0.172000 0.771333 0.101333 0.108000
3 0.467667 0.472333 0.052667 0.052667
3 0.484667 0.565667 0.060000 0.058000
3 0.448000 0.049667 0.072000 0.092667
0 0.245000 0.182667 0.046000 0.038667
0 0.194000 0.148333 0.050667 0.064667
2 0.166333 0.192333 0.035333 0.038000
0 0.432000 0.250000 0.108000 0.122667
0 0.439000 0.351667 0.120667 0.120667
0 0.480667 0.423667 0.068000 0.056667
0 0.513667 0.391333 0.047333 0.050667
0 0.548667 0.324333 0.085333 0.107333
0 0.557000 0.446333 0.055333 0.066000
0 0.632333 0.406000 0.128667 0.110667
0 0.229667 0.338000 0.096667 0.081333
0 0.264000 0.379000 0.076000 0.075333
2 0.336333 0.049000 0.140667 0.096667
0 0.209333 0.480667 0.152000 0.104000
2 0.018000 0.403667 0.034667 0.044667
0 0.161667 0.537667 0.075333 0.074000
0 0.126667 0.464667 0.033333 0.037333
0 0.178000 0.426667 0.056000 0.049333
0 0.192333 0.580333 0.052667 0.046000
0 0.681000 0.661333 0.066000 0.076000
0 0.596667 0.608667 0.073333 0.084000
0 0.552000 0.731000 0.061333 0.068667
0 0.082333 0.777333 0.066000 0.073333
0 0.062333 0.728667 0.036667 0.048000
0 0.031333 0.743667 0.034667 0.044667
0 0.046667 0.794667 0.032000 0.046667
3 0.539000 0.821000 0.048667 0.043333
3 0.455000 0.904000 0.046000 0.072000
3 0.481667 0.925667 0.060667 0.062000
0 0.198667 0.880000 0.036000 0.041333
0 0.397667 0.976667 0.022000 0.028000
0 0.926000 0.913667 0.066667 0.062000
0 0.890667 0.815000 0.086667 0.094000
0 0.905333 0.673000 0.101333 0.107333
0 0.954667 0.483333 0.056000 0.070667
2 0.852333 0.413333 0.047333 0.042667
0 0.792667 0.409667 0.045333 0.052667
0 0.855667 0.043000 0.059333 0.056667
