3 0.532000 0.555333 0.068000 0.068000
2 0.816667 0.777333 0.057333 0.068000
0 0.085667 0.280667 0.170000 0.158667
0 0.062667 0.157667 0.124000 0.120667
0 0.069000 0.404333 0.136667 0.119333
0 0.218000 0.280667 0.028000 0.032000
0 0.063667 0.549667 0.124667 0.163333
0 0.066000 0.802333 0.130667 0.191333
0 0.488667 0.765667 0.305333 0.282000
3 0.655333 0.800000 0.056000 0.048000
0 0.744000 0.692333 0.209333 0.264667
3 0.460000 0.619000 0.114667 0.072667
3 0.604667 0.561333 0.040000 0.037333
0 0.912667 0.563333 0.174667 0.272000
2 0.551667 0.449000 0.043333 0.046000
0 0.620333 0.489333 0.099333 0.101333
0 0.502333 0.519000 0.055333 0.054000
0 0.515333 0.480667 0.058667 0.050667
0 0.757333 0.508333 0.174667 0.154000
0 0.922667 0.323000 0.154667 0.179333
0 0.684000 0.395333 0.197333 0.136000
0 0.515000 0.357333 0.040667 0.038667
0 0.522333 0.394000 0.066000 0.044000
0 0.557333 0.366000 0.045333 0.060000
0 0.719333 0.303667 0.284000 0.156667
0 0.727000 0.172000 0.300667 0.164000
0 0.535000 0.276667 0.042000 0.042667
2 0.932000 0.080000 0.057333 0.054667
