2 0.087667 0.081000 0.107333 0.108667
2 0.223000 0.096667 0.070000 0.096000
2 0.297000 0.078000 0.084667 0.125333
2 0.389667 0.100667 0.088667 0.097333
2 0.510333 0.106000 0.114000 0.092000
2 0.698333 0.036667 0.087333 0.072000
2 0.690333 0.119000 0.087333 0.087333
2 0.788667 0.115667 0.101333 0.103333
2 0.894333 0.107333 0.087333 0.116000
2 0.094667 0.168667 0.096000 0.100000
2 0.066000 0.402667 0.089333 0.106667
2 0.122333 0.325333 0.123333 0.086667
2 0.136667 0.247000 0.133333 0.090000
2 0.191000 0.204000 0.119333 0.132000
2 0.292667 0.201000 0.097333 0.112667
2 0.382000 0.195667 0.093333 0.087333
2 0.487667 0.207333 0.123333 0.158667
2 0.603333 0.194000 0.125333 0.142667
2 0.782000 0.216667 0.121333 0.101333
2 0.897000 0.215000 0.112667 0.128667
2 0.283333 0.369667 0.078667 0.086000
2 0.225667 0.319000 0.078000 0.087333
2 0.184667 0.387667 0.106667 0.088667
2 0.157667 0.455333 0.075333 0.062667
2 0.250000 0.456000 0.165333 0.102667
2 0.247333 0.558333 0.173333 0.115333
1 0.305667 0.303667 0.090000 0.087333
2 0.390333 0.283667 0.159333 0.119333
2 0.531000 0.378000 0.150000 0.128000
1 0.555667 0.452333 0.095333 0.112667
1 0.413333 0.383333 0.125333 0.101333
1 0.452667 0.466333 0.124000 0.098000
2 0.370667 0.542000 0.096000 0.110667
2 0.468667 0.555667 0.102667 0.086000
2 0.264667 0.655333 0.102667 0.093333
2 0.395000 0.652333 0.158000 0.112667
2 0.326667 0.720667 0.137333 0.132000
2 0.387333 0.809333 0.129333 0.129333
2 0.502333 0.871000 0.086000 0.088667
1 0.570000 0.795667 0.102667 0.084667
1 0.478667 0.783000 0.069333 0.076667
2 0.526333 0.705000 0.159333 0.148667
1 0.602667 0.297333 0.106667 0.100000
2 0.564000 0.576667 0.142667 0.136000
2 0.774333 0.648333 0.150000 0.128667
2 0.675667 0.567667 0.111333 0.110000
2 0.705333 0.890667 0.104000 0.100000
2 0.649667 0.704333 0.116667 0.111333
2 0.596333 0.901333 0.114000 0.098667
2 0.672333 0.800667 0.107333 0.102667
1 0.748000 0.739333 0.105333 0.077333
2 0.830667 0.819000 0.093333 0.156667
2 0.758333 0.831667 0.056667 0.056667
2 0.775000 0.783000 0.046000 0.043333
2 0.898000 0.891333 0.105333 0.104000
2 0.928000 0.731667 0.137333 0.207333
2 0.948667 0.399667 0.098667 0.128667
2 0.916333 0.302333 0.083333 0.079333
2 0.825667 0.315667 0.108667 0.096667
2 0.714667 0.304333 0.125333 0.122000
2 0.664000 0.375333 0.093333 0.100000
2 0.622333 0.470000 0.092667 0.097333
2 0.696333 0.460667 0.080667 0.098667
2 0.764000 0.503667 0.106667 0.118000
2 0.865333 0.468000 0.106667 0.096000
1 0.858333 0.395667 0.098000 0.092667
2 0.765333 0.400000 0.098667 0.098667
2 0.600333 0.036667 0.084667 0.072000
2 0.044000 0.252667 0.086667 0.161333
1 0.029000 0.352333 0.056667 0.066000
3 0.428333 0.887667 0.062000 0.075333
2 0.498667 0.954667 0.122667 0.090667
1 0.880333 0.960000 0.144667 0.080000
1 0.967333 0.897667 0.065333 0.087333
2 0.930333 0.560667 0.139333 0.132000
2 0.966667 0.234667 0.066667 0.110667
0 0.673000 0.199333 0.054000 0.065333
0 0.630333 0.096333 0.034000 0.050000
