2 0.778333 0.331667 0.116667 0.107333
2 0.897000 0.358000 0.112667 0.109333
3 0.804333 0.443000 0.092667 0.087333
2 0.897333 0.509667 0.106667 0.084667
3 0.796667 0.524000 0.136000 0.077333
2 0.718667 0.567000 0.100000 0.088667
2 0.621667 0.495667 0.075333 0.092667
2 0.712667 0.450333 0.106667 0.119333
3 0.816000 0.597000 0.094667 0.071333
3 0.950000 0.746333 0.098667 0.094000
3 0.952000 0.885000 0.077333 0.086000
3 0.799333 0.958000 0.074667 0.065333
2 0.732667 0.928333 0.038667 0.100667
2 0.636000 0.858000 0.098667 0.101333
3 0.631333 0.947333 0.072000 0.064000
2 0.464667 0.884333 0.105333 0.104667
2 0.544333 0.864667 0.087333 0.101333
2 0.557000 0.783667 0.079333 0.075333
2 0.645667 0.781000 0.090000 0.086000
2 0.809667 0.771333 0.140667 0.102667
3 0.815333 0.878000 0.121333 0.105333
2 0.805667 0.693333 0.087333 0.077333
2 0.741333 0.651000 0.100000 0.084667
3 0.643000 0.702000 0.087333 0.102667
3 0.562333 0.700667 0.084667 0.097333
2 0.473000 0.732000 0.111333 0.100000
2 0.490333 0.636333 0.076667 0.086000
3 0.560333 0.616333 0.060667 0.064667
3 0.559000 0.549000 0.058000 0.063333
3 0.633000 0.602667 0.083333 0.098667
2 0.394333 0.515000 0.148667 0.126000
2 0.401333 0.638667 0.121333 0.101333
3 0.382000 0.722000 0.081333 0.068000
2 0.049667 0.703333 0.083333 0.094667
2 0.144000 0.685000 0.097333 0.080667
3 0.126667 0.760000 0.065333 0.061333
2 0.219667 0.720000 0.084667 0.092000
2 0.300667 0.665000 0.089333 0.112667
2 0.295000 0.814000 0.152667 0.136000
2 0.210667 0.886000 0.105333 0.101333
2 0.047667 0.790000 0.083333 0.073333
3 0.106333 0.851667 0.119333 0.080667
0 0.303667 0.035667 0.082000 0.070000
0 0.480333 0.029000 0.076667 0.056667
0 0.460667 0.418333 0.042667 0.051333
0 0.508333 0.374333 0.028667 0.031333
0 0.537000 0.371000 0.031333 0.034000
2 0.302333 0.575333 0.082000 0.073333
2 0.484333 0.550000 0.080667 0.077333
2 0.495667 0.480667 0.031333 0.040000
2 0.278333 0.947667 0.098000 0.104667
2 0.456333 0.963000 0.088667 0.074000
2 0.550000 0.957333 0.092000 0.085333
2 0.695333 0.921667 0.048000 0.066000
2 0.720333 0.848000 0.060667 0.081333
3 0.893333 0.953333 0.092000 0.093333
2 0.940667 0.805000 0.098667 0.071333
3 0.957000 0.657000 0.086000 0.110000
0 0.858333 0.646667 0.062000 0.082667
2 0.713667 0.737667 0.055333 0.082000
3 0.972667 0.334333 0.054667 0.098000
0 0.808333 0.264333 0.064667 0.056667
0 0.842333 0.206000 0.083333 0.105333
0 0.784333 0.024333 0.055333 0.047333
