2 0.193667 0.116333 0.106000 0.104667
2 0.297333 0.118333 0.106667 0.108667
2 0.409667 0.128667 0.123333 0.104000
2 0.587000 0.146667 0.091333 0.101333
2 0.714000 0.131000 0.126667 0.094000
2 0.749333 0.093333 0.080000 0.074667
2 0.908333 0.119667 0.143333 0.119333
2 0.871667 0.226667 0.116667 0.108000
2 0.768667 0.259000 0.110667 0.116667
2 0.825000 0.324667 0.107333 0.098667
2 0.675000 0.353333 0.143333 0.138667
2 0.682667 0.226667 0.100000 0.122667
2 0.593000 0.263667 0.087333 0.138000
2 0.497667 0.244000 0.080667 0.134667
2 0.407667 0.239333 0.100667 0.138667
2 0.318667 0.226333 0.092000 0.120667
2 0.227333 0.219000 0.105333 0.120667
2 0.145667 0.224667 0.076667 0.093333
2 0.116667 0.334333 0.112000 0.123333
2 0.212667 0.329000 0.093333 0.118000
2 0.319667 0.336333 0.120667 0.108667
2 0.422333 0.342667 0.084667 0.096000
2 0.516000 0.364333 0.066667 0.063333
2 0.858333 0.427333 0.128667 0.090667
2 0.859000 0.505333 0.116667 0.090667
2 0.905333 0.570000 0.129333 0.097333
2 0.802000 0.631000 0.108000 0.088667
2 0.759667 0.546000 0.107333 0.100000
2 0.732000 0.461667 0.121333 0.086000
2 0.589000 0.465667 0.140667 0.144667
2 0.648667 0.560667 0.126667 0.137333
2 0.718000 0.708667 0.154667 0.141333
2 0.803333 0.804000 0.130667 0.104000
2 0.860333 0.893333 0.091333 0.128000
2 0.944667 0.866333 0.101333 0.198000
2 0.762667 0.918333 0.098667 0.119333
2 0.664000 0.883000 0.104000 0.162000
2 0.562000 0.858667 0.097333 0.122667
2 0.609000 0.754667 0.088667 0.105333
2 0.504000 0.785333 0.106667 0.102667
2 0.484000 0.863333 0.056000 0.065333
2 0.388000 0.871333 0.100000 0.100000
2 0.393667 0.760333 0.114000 0.111333
2 0.283333 0.745000 0.093333 0.111333
2 0.244333 0.865333 0.174000 0.172000
2 0.103333 0.840000 0.097333 0.112000
2 0.076667 0.734667 0.137333 0.129333
2 0.179333 0.657333 0.140000 0.138667
2 0.293333 0.644333 0.070667 0.090000
2 0.380667 0.654667 0.090667 0.092000
2 0.519667 0.655333 0.154000 0.137333
2 0.073000 0.632000 0.080667 0.066667
0 0.070000 0.948333 0.092000 0.082000
2 0.439000 0.448333 0.162000 0.131333
2 0.485333 0.550333 0.122667 0.080667
2 0.362333 0.556000 0.120667 0.105333
2 0.314333 0.445000 0.116667 0.111333
2 0.255333 0.560667 0.137333 0.124000
2 0.141000 0.540000 0.094000 0.096000
2 0.085667 0.445000 0.114000 0.116667
2 0.198667 0.444333 0.118667 0.115333
2 0.043000 0.128000 0.080667 0.084000
2 0.123000 0.055333 0.144667 0.109333
2 0.396000 0.041333 0.108000 0.081333
2 0.485000 0.055333 0.083333 0.108000
2 0.577667 0.049333 0.111333 0.097333
2 0.672333 0.046333 0.094000 0.091333
2 0.291333 0.036333 0.126667 0.071333
2 0.058667 0.215333 0.116000 0.116000
3 0.060000 0.529333 0.117333 0.133333
0 0.835667 0.704000 0.070000 0.072000
2 0.926000 0.658000 0.148000 0.129333
2 0.956333 0.439333 0.087333 0.153333
0 0.906333 0.353000 0.067333 0.060667
2 0.947667 0.244000 0.104667 0.154667
