2 0.125333 0.067667 0.132000 0.126000
2 0.141667 0.156000 0.135333 0.092000
2 0.236667 0.080333 0.133333 0.151333
2 0.380667 0.165667 0.140000 0.096667
2 0.515333 0.147667 0.114667 0.119333
2 0.632000 0.165000 0.134667 0.115333
2 0.798000 0.097000 0.161333 0.146000
2 0.908333 0.165000 0.115333 0.095333
2 0.775667 0.212333 0.114000 0.092667
2 0.909000 0.263333 0.127333 0.101333
2 0.800000 0.308000 0.096000 0.109333
2 0.717333 0.344000 0.130667 0.140000
2 0.632667 0.268000 0.130667 0.104000
2 0.522333 0.278667 0.104667 0.098667
2 0.529667 0.372667 0.122000 0.094667
2 0.621000 0.370000 0.090000 0.105333
2 0.530000 0.465667 0.156000 0.108667
2 0.635333 0.538333 0.089333 0.087333
2 0.632667 0.624667 0.122667 0.096000
3 0.523667 0.719667 0.087333 0.108667
2 0.630000 0.733667 0.130667 0.142000
2 0.707000 0.804000 0.095333 0.076000
2 0.611667 0.915333 0.083333 0.100000
3 0.702667 0.914333 0.106667 0.144667
3 0.809667 0.880333 0.107333 0.118000
2 0.922333 0.861333 0.123333 0.136000
3 0.807000 0.780000 0.092667 0.096000
3 0.893667 0.764000 0.078000 0.102667
2 0.805000 0.695000 0.158000 0.083333
2 0.800333 0.617000 0.115333 0.072667
2 0.946000 0.660000 0.098667 0.102667
2 0.924667 0.583667 0.133333 0.091333
2 0.799333 0.544333 0.122667 0.079333
2 0.919000 0.492000 0.111333 0.094667
2 0.775000 0.467000 0.164667 0.111333
2 0.690333 0.445333 0.102000 0.093333
2 0.885000 0.373000 0.120667 0.115333
2 0.961333 0.392667 0.065333 0.096000
2 0.135667 0.254667 0.122000 0.125333
2 0.244000 0.249667 0.100000 0.138000
3 0.402333 0.257333 0.116667 0.116000
3 0.315333 0.265667 0.068000 0.086000
2 0.132000 0.352000 0.118667 0.105333
2 0.130000 0.463000 0.110667 0.108667
2 0.230000 0.401667 0.130667 0.116667
2 0.342333 0.460000 0.091333 0.064000
2 0.417333 0.329667 0.110667 0.083333
2 0.343667 0.367000 0.142000 0.106000
2 0.155333 0.562333 0.132000 0.090000
2 0.234000 0.504000 0.125333 0.098667
2 0.339667 0.562667 0.114000 0.130667
2 0.437000 0.608000 0.150000 0.126667
2 0.258333 0.673333 0.143333 0.145333
2 0.060000 0.713667 0.101333 0.110000
2 0.150667 0.641333 0.080000 0.068000
2 0.151333 0.741333 0.124000 0.121333
2 0.077000 0.812333 0.083333 0.079333
2 0.176333 0.841333 0.090000 0.088000
3 0.257000 0.784333 0.076667 0.087333
2 0.343667 0.767333 0.088667 0.136000
2 0.433333 0.714000 0.093333 0.097333
2 0.438667 0.808667 0.098667 0.092000
2 0.280333 0.913667 0.148667 0.148667
2 0.084333 0.893667 0.119333 0.111333
2 0.383000 0.071667 0.191333 0.140667
0 0.259333 0.335333 0.070667 0.045333
2 0.040667 0.235000 0.080000 0.118000
3 0.434667 0.523333 0.069333 0.046667
2 0.049667 0.438667 0.098000 0.113333
2 0.049000 0.537667 0.091333 0.084667
0 0.557667 0.572667 0.060667 0.066667
0 0.557333 0.634000 0.064000 0.072000
2 0.060000 0.632000 0.118667 0.113333
0 0.512667 0.805333 0.065333 0.068000
2 0.189667 0.948333 0.102000 0.103333
0 0.325000 0.849333 0.052667 0.049333
2 0.399667 0.904000 0.059333 0.064000
2 0.545333 0.855333 0.045333 0.048000
0 0.623000 0.873000 0.056667 0.040667
0 0.621333 0.836000 0.076000 0.046667
2 0.804667 0.968333 0.112000 0.063333
3 0.889000 0.966333 0.068667 0.067333
2 0.940333 0.778667 0.058000 0.070667
0 0.608000 0.448000 0.029333 0.028000
2 0.971667 0.199667 0.056667 0.096667
2 0.935000 0.052000 0.128667 0.102667
2 0.595333 0.062333 0.153333 0.123333
