2 0.926000 0.449000 0.136000 0.142000
2 0.900000 0.637667 0.134667 0.086000
2 0.866667 0.725000 0.196000 0.182000
2 0.922000 0.895333 0.129333 0.160000
2 0.792667 0.881000 0.197333 0.219333
2 0.655333 0.807333 0.096000 0.130667
2 0.484000 0.896000 0.130667 0.138667
2 0.575000 0.928667 0.076667 0.104000
2 0.645667 0.936333 0.090000 0.119333
2 0.591000 0.829667 0.096667 0.106000
2 0.617667 0.724000 0.087333 0.116000
2 0.521000 0.774000 0.120667 0.105333
2 0.404000 0.760000 0.098667 0.089333
1 0.347333 0.703000 0.101333 0.091333
1 0.452000 0.671333 0.108000 0.094667
1 0.545667 0.674000 0.112667 0.116000
2 0.091667 0.544000 0.171333 0.201333
2 0.066667 0.811000 0.106667 0.079333
2 0.102667 0.694667 0.190667 0.194667
1 0.162000 0.795000 0.094667 0.144667
1 0.271000 0.787000 0.156667 0.215333
1 0.237000 0.587667 0.152667 0.222000
1 0.366000 0.592000 0.150667 0.130667
1 0.484000 0.542000 0.130667 0.169333
1 0.561000 0.506667 0.146000 0.145333
1 0.615333 0.621333 0.109333 0.094667
2 0.665333 0.548333 0.126667 0.112667
1 0.692333 0.462333 0.124667 0.118000
1 0.393333 0.481667 0.132000 0.168667
1 0.273333 0.464000 0.168000 0.133333
1 0.286000 0.359333 0.176000 0.093333
1 0.569000 0.367667 0.119333 0.138000
1 0.450667 0.358000 0.141333 0.142667
1 0.391000 0.279333 0.134000 0.138667
2 0.264333 0.245667 0.147333 0.150000
2 0.317667 0.122667 0.183333 0.166667
2 0.508333 0.085333 0.135333 0.166667
1 0.436333 0.168333 0.118000 0.122000
2 0.507000 0.246667 0.123333 0.101333
1 0.740333 0.342667 0.120667 0.132000
1 0.627333 0.285333 0.166667 0.166667
2 0.760333 0.248333 0.116667 0.118000
2 0.650667 0.164333 0.169333 0.139333
2 0.675333 0.085333 0.168000 0.130667
2 0.847333 0.121333 0.226667 0.222667
0 0.736000 0.736000 0.058667 0.069333
0 0.920000 0.564333 0.144000 0.119333
0 0.736000 0.666667 0.066667 0.053333
0 0.814333 0.377667 0.108667 0.120667
0 0.863667 0.273333 0.171333 0.125333
