2 0.521333 0.113000 0.061333 0.075333
2 0.459000 0.145667 0.075333 0.076667
2 0.529333 0.194667 0.076000 0.066667
3 0.522333 0.268333 0.074000 0.083333
2 0.332000 0.172667 0.129333 0.113333
2 0.238333 0.268333 0.078000 0.086000
2 0.403667 0.265667 0.083333 0.083333
2 0.333000 0.290000 0.116667 0.124000
2 0.955000 0.521333 0.083333 0.089333
2 0.712667 0.516333 0.106667 0.092667
2 0.714333 0.594000 0.116667 0.073333
2 0.723667 0.667000 0.098000 0.083333
2 0.797333 0.658000 0.070667 0.068000
2 0.640333 0.705000 0.135333 0.148667
2 0.748000 0.727333 0.097333 0.101333
2 0.871333 0.834000 0.125333 0.144000
2 0.766667 0.844333 0.098667 0.072667
2 0.581667 0.830333 0.182000 0.192667
2 0.488333 0.704333 0.147333 0.150000
2 0.395667 0.911333 0.146000 0.141333
2 0.302000 0.797667 0.122667 0.127333
2 0.234000 0.900667 0.136000 0.136000
2 0.137000 0.921667 0.075333 0.082000
2 0.148667 0.830333 0.148000 0.092667
2 0.056333 0.728333 0.088667 0.119333
3 0.157000 0.730333 0.104667 0.104667
2 0.553333 0.551000 0.092000 0.118000
3 0.466667 0.559000 0.085333 0.114000
2 0.394667 0.522333 0.106667 0.116667
2 0.313333 0.525333 0.072000 0.102667
2 0.327667 0.636667 0.092667 0.102667
2 0.242333 0.665667 0.080667 0.096667
2 0.145667 0.624000 0.123333 0.110667
2 0.241333 0.577667 0.100000 0.084667
2 0.167333 0.527000 0.077333 0.080667
3 0.095667 0.493333 0.082000 0.094667
2 0.085667 0.411667 0.088667 0.078000
2 0.186000 0.353667 0.140000 0.120667
3 0.180333 0.449000 0.084667 0.075333
2 0.247333 0.501667 0.078667 0.078000
2 0.255667 0.435667 0.051333 0.056667
2 0.322667 0.415667 0.100000 0.114000
2 0.473667 0.432333 0.104667 0.096667
2 0.482000 0.360000 0.057333 0.056000
3 0.685333 0.100667 0.074667 0.066667
3 0.600000 0.189333 0.068000 0.066667
3 0.607667 0.100667 0.066000 0.066667
3 0.606333 0.344000 0.055333 0.060000
2 0.515000 0.036000 0.066000 0.070667
0 0.046667 0.033000 0.080000 0.064667
2 0.617000 0.024667 0.054000 0.046667
3 0.678000 0.046000 0.048000 0.045333
2 0.689000 0.183000 0.038000 0.040667
0 0.575333 0.251667 0.054667 0.072667
0 0.460000 0.225667 0.080000 0.084667
0 0.448667 0.323667 0.090667 0.100667
2 0.332000 0.356333 0.034667 0.036667
3 0.237333 0.744667 0.074667 0.060000
2 0.047000 0.842333 0.082000 0.086000
2 0.488000 0.859667 0.085333 0.123333
2 0.599333 0.952667 0.116000 0.094667
2 0.777000 0.938333 0.199333 0.123333
0 0.939333 0.875667 0.088000 0.088667
0 0.934333 0.760667 0.112667 0.085333
2 0.812000 0.768333 0.118667 0.124667
2 0.714667 0.808333 0.093333 0.087333
2 0.932667 0.637000 0.134667 0.156667
0 0.820000 0.594333 0.116000 0.090000
0 0.627000 0.520333 0.064667 0.054000
0 0.829667 0.500333 0.155333 0.150000
0 0.923667 0.462000 0.060667 0.053333
0 0.741333 0.437333 0.109333 0.108000
0 0.638000 0.440667 0.114667 0.122667
0 0.570333 0.430667 0.088667 0.113333
0 0.641000 0.366333 0.055333 0.052667
3 0.692000 0.367333 0.041333 0.049333
0 0.837667 0.402000 0.123333 0.092000
0 0.783000 0.285667 0.224667 0.223333
0 0.914333 0.102333 0.160667 0.202000
2 0.770667 0.068000 0.076000 0.076000
