3 0.062667 0.289333 0.068000 0.064000
3 0.180667 0.320000 0.068000 0.072000
3 0.095667 0.359333 0.076667 0.054667
3 0.072667 0.407333 0.069333 0.056000
3 0.156333 0.416333 0.094000 0.104667
3 0.263667 0.336000 0.087333 0.093333
3 0.321000 0.437667 0.118000 0.119333
3 0.098000 0.491333 0.072000 0.070667
3 0.083667 0.563000 0.084667 0.080667
2 0.143000 0.599000 0.038000 0.052667
2 0.087333 0.654333 0.093333 0.088667
3 0.189000 0.500333 0.076667 0.060667
3 0.187667 0.574667 0.090000 0.076000
3 0.371667 0.274000 0.072667 0.058667
2 0.380000 0.345667 0.097333 0.076667
3 0.481333 0.349000 0.097333 0.086000
2 0.429000 0.445000 0.084667 0.083333
3 0.275000 0.575667 0.090000 0.086000
2 0.376000 0.594333 0.102667 0.110000
3 0.392000 0.522000 0.068000 0.062667
2 0.499333 0.628333 0.130667 0.108667
3 0.488667 0.526000 0.098667 0.096000
3 0.605000 0.541333 0.108667 0.106667
3 0.652333 0.460000 0.083333 0.092000
3 0.752667 0.471333 0.106667 0.110667
3 0.949333 0.381667 0.092000 0.084667
3 0.946333 0.474000 0.088667 0.092000
3 0.801333 0.557333 0.104000 0.080000
2 0.916333 0.550333 0.116667 0.094000
3 0.711667 0.547000 0.080667 0.059333
2 0.703000 0.636333 0.112667 0.108667
2 0.809000 0.650333 0.103333 0.106000
2 0.914000 0.644000 0.112000 0.096000
2 0.507000 0.722667 0.082000 0.077333
2 0.500000 0.894667 0.118667 0.141333
2 0.597000 0.819000 0.079333 0.087333
2 0.600000 0.728667 0.093333 0.106667
2 0.704000 0.734667 0.106667 0.101333
3 0.799667 0.747667 0.083333 0.086000
2 0.898000 0.741333 0.102667 0.106667
2 0.695333 0.832333 0.108000 0.094000
2 0.787667 0.825333 0.087333 0.089333
2 0.681333 0.933000 0.108000 0.120667
2 0.879333 0.940000 0.098667 0.109333
2 0.778000 0.937000 0.104000 0.118000
2 0.411667 0.792000 0.108667 0.092000
2 0.410333 0.699000 0.114000 0.100667
2 0.291000 0.692667 0.122000 0.129333
2 0.193667 0.737000 0.094000 0.118000
2 0.202000 0.846667 0.108000 0.101333
2 0.089667 0.849000 0.114000 0.108667
1 0.201333 0.940667 0.078667 0.094667
2 0.295000 0.778000 0.083333 0.072000
2 0.284000 0.867667 0.080000 0.104667
2 0.382000 0.897000 0.118667 0.138000
2 0.491333 0.891667 0.132000 0.148667
0 0.413000 0.088000 0.279333 0.174667
0 0.583333 0.217333 0.189333 0.233333
0 0.023000 0.429000 0.044667 0.075333
3 0.020667 0.489333 0.040000 0.048000
2 0.126667 0.726667 0.066667 0.078667
2 0.052000 0.910333 0.102667 0.119333
2 0.122667 0.945333 0.080000 0.102667
2 0.270333 0.943000 0.168667 0.114000
0 0.572333 0.879000 0.064667 0.068667
2 0.954667 0.934333 0.090667 0.127333
3 0.870333 0.822333 0.063333 0.080667
2 0.955667 0.823667 0.088667 0.111333
2 0.971000 0.737667 0.058000 0.083333
0 0.820000 0.256000 0.360000 0.382667
