2 0.192333 0.224667 0.150000 0.121333
2 0.218667 0.342667 0.161333 0.132000
2 0.106000 0.380333 0.164000 0.174000
2 0.218667 0.472667 0.177333 0.120000
2 0.072000 0.496333 0.129333 0.119333
2 0.093667 0.593333 0.114000 0.110667
2 0.228667 0.603000 0.172000 0.150000
2 0.095333 0.714333 0.172000 0.175333
2 0.099667 0.854667 0.116667 0.092000
2 0.196000 0.735333 0.158667 0.174667
2 0.845000 0.070667 0.083333 0.090667
2 0.730667 0.066333 0.112000 0.095333
2 0.779000 0.140000 0.148667 0.104000
2 0.761333 0.235333 0.165333 0.128000
2 0.937000 0.260000 0.108667 0.102667
2 0.752333 0.348333 0.122000 0.104667
2 0.876333 0.324000 0.115333 0.138667
2 0.627667 0.460000 0.156667 0.156000
2 0.733000 0.452667 0.083333 0.098667
2 0.828000 0.453000 0.106667 0.108667
2 0.936333 0.461667 0.118000 0.152667
2 0.641667 0.589667 0.140667 0.115333
2 0.743000 0.571000 0.087333 0.122000
2 0.858333 0.598333 0.162000 0.190000
2 0.594333 0.695333 0.143333 0.129333
2 0.721667 0.703333 0.122000 0.128000
3 0.835667 0.696333 0.055333 0.058000
2 0.903000 0.791667 0.187333 0.151333
2 0.869333 0.911333 0.209333 0.136000
2 0.599333 0.827000 0.192000 0.152667
2 0.725667 0.796333 0.091333 0.083333
0 0.242667 0.066000 0.146667 0.129333
0 0.110667 0.112333 0.110667 0.132667
2 0.589667 0.947333 0.144667 0.105333
2 0.953667 0.679000 0.092667 0.100667
2 0.963000 0.585333 0.072667 0.074667
1 0.937667 0.069000 0.124667 0.136667
0 0.681333 0.145000 0.058667 0.058000
3 0.953667 0.353333 0.050000 0.045333
