2 0.096333 0.134333 0.111333 0.126000
2 0.212000 0.116333 0.130667 0.128667
2 0.318000 0.122000 0.093333 0.088000
2 0.300000 0.221667 0.134667 0.112667
2 0.189000 0.210667 0.095333 0.098667
2 0.093667 0.242000 0.106000 0.077333
2 0.055000 0.321333 0.094000 0.105333
2 0.145667 0.318667 0.087333 0.097333
2 0.236000 0.298667 0.098667 0.100000
2 0.232000 0.402000 0.121333 0.102667
2 0.340333 0.317000 0.107333 0.116667
2 0.404333 0.233667 0.082000 0.086000
2 0.426333 0.147000 0.082000 0.082000
2 0.450000 0.062333 0.062667 0.082000
2 0.354333 0.045000 0.040667 0.044667
2 0.532000 0.049667 0.085333 0.090000
2 0.521333 0.133667 0.097333 0.078000
2 0.519000 0.223333 0.088667 0.109333
2 0.626667 0.221000 0.070667 0.078000
2 0.605000 0.139333 0.072667 0.061333
2 0.726333 0.214333 0.087333 0.091333
2 0.734000 0.055667 0.069333 0.080667
2 0.930000 0.283000 0.100000 0.128667
2 0.942333 0.169000 0.108667 0.112667
2 0.786000 0.302667 0.126667 0.132000
2 0.878333 0.411000 0.124667 0.112667
2 0.792333 0.391333 0.042000 0.042667
2 0.436667 0.329667 0.092000 0.086000
2 0.331000 0.410667 0.083333 0.073333
2 0.427333 0.422667 0.102667 0.089333
2 0.546667 0.405000 0.110667 0.118000
2 0.634667 0.413667 0.073333 0.076667
2 0.720333 0.444667 0.086000 0.097333
2 0.893667 0.511000 0.078000 0.082000
2 0.594333 0.488000 0.046000 0.058667
2 0.650000 0.496000 0.062667 0.097333
2 0.670667 0.574667 0.070667 0.073333
2 0.733333 0.540000 0.112000 0.124000
2 0.852000 0.570667 0.141333 0.160000
2 0.692333 0.728000 0.106000 0.125333
2 0.817667 0.725667 0.150000 0.150000
2 0.498000 0.515000 0.080000 0.068667
2 0.540000 0.586667 0.065333 0.061333
2 0.485000 0.657333 0.087333 0.089333
2 0.589000 0.659333 0.104667 0.098667
2 0.601333 0.747000 0.088000 0.084667
2 0.658333 0.838000 0.146000 0.102667
2 0.650000 0.935333 0.081333 0.100000
2 0.529667 0.924000 0.088667 0.086667
2 0.485333 0.867000 0.092000 0.096667
2 0.423667 0.774000 0.084667 0.069333
2 0.379000 0.871000 0.084667 0.080667
2 0.413333 0.944000 0.061333 0.070667
2 0.309000 0.942000 0.096667 0.094667
2 0.199333 0.849667 0.092000 0.082000
2 0.188000 0.951667 0.100000 0.083333
2 0.125000 0.888333 0.054000 0.048667
2 0.313000 0.692000 0.114000 0.125333
2 0.398000 0.680000 0.058667 0.062667
2 0.377000 0.576000 0.055333 0.045333
2 0.393000 0.621667 0.054000 0.048667
2 0.275000 0.578000 0.035333 0.038667
2 0.312667 0.547000 0.029333 0.040667
2 0.355000 0.517000 0.094000 0.094000
2 0.258333 0.497667 0.076667 0.072667
2 0.163333 0.773333 0.100000 0.081333
2 0.103333 0.678000 0.125333 0.105333
2 0.216000 0.684333 0.089333 0.115333
2 0.093000 0.578333 0.115333 0.078000
2 0.165333 0.517000 0.114667 0.160667
2 0.743000 0.930667 0.087333 0.100000
2 0.847667 0.906667 0.147333 0.178667
2 0.941333 0.907667 0.117333 0.167333
2 0.484000 0.967000 0.064000 0.060667
2 0.296667 0.872333 0.056000 0.047333
2 0.043333 0.053667 0.085333 0.106000
2 0.134333 0.048667 0.122000 0.094667
0 0.680333 0.134333 0.063333 0.079333
0 0.036000 0.178333 0.070667 0.076667
0 0.682667 0.353667 0.064000 0.055333
0 0.035333 0.399667 0.064000 0.058000
2 0.070333 0.478333 0.139333 0.156667
2 0.023667 0.682000 0.044667 0.081333
2 0.043333 0.770333 0.085333 0.094000
0 0.442000 0.716667 0.053333 0.058667
2 0.103667 0.851000 0.059333 0.054000
2 0.086000 0.947000 0.110667 0.106000
2 0.506667 0.768667 0.038667 0.048000
2 0.348667 0.743333 0.045333 0.046667
0 0.584333 0.945333 0.054000 0.054667
0 0.534333 0.816667 0.048667 0.049333
0 0.427667 0.828000 0.071333 0.045333
0 0.675000 0.622333 0.043333 0.044667
2 0.937000 0.442333 0.052667 0.062000
3 0.919667 0.337000 0.066000 0.050000
0 0.945333 0.379333 0.044000 0.053333
0 0.771333 0.155667 0.097333 0.100667
3 0.819333 0.107333 0.042667 0.056000
3 0.933000 0.057667 0.123333 0.106000
2 0.628333 0.041667 0.091333 0.082000
2 0.701667 0.030333 0.066000 0.059333
