2 0.083667 0.096333 0.162000 0.191333
2 0.220333 0.089333 0.152667 0.174667
2 0.468000 0.179333 0.137333 0.138667
2 0.655333 0.130000 0.134667 0.134667
2 0.871667 0.070000 0.144667 0.130667
2 0.832000 0.172333 0.154667 0.119333
2 0.709000 0.209333 0.130000 0.132000
2 0.914000 0.269333 0.145333 0.196000
2 0.772333 0.297000 0.156667 0.162000
2 0.657000 0.324667 0.082000 0.088000
2 0.561333 0.320000 0.104000 0.097333
2 0.612333 0.415000 0.118000 0.098000
3 0.923667 0.460333 0.128667 0.178000
2 0.810000 0.486667 0.137333 0.141333
2 0.679667 0.520333 0.152667 0.176667
2 0.577000 0.525667 0.083333 0.119333
2 0.524333 0.535000 0.075333 0.144667
2 0.446667 0.549000 0.102667 0.103333
2 0.434333 0.462000 0.086000 0.070667
2 0.471000 0.372333 0.152667 0.174000
2 0.393000 0.287333 0.146000 0.120000
2 0.831333 0.615000 0.146667 0.131333
2 0.771333 0.698333 0.094667 0.115333
2 0.689000 0.622667 0.095333 0.066667
2 0.687000 0.718667 0.116667 0.128000
2 0.581333 0.693333 0.113333 0.141333
2 0.381000 0.632333 0.086000 0.078000
2 0.350667 0.719333 0.110667 0.098667
2 0.464333 0.670667 0.116667 0.132000
2 0.428667 0.769667 0.100000 0.091333
2 0.131333 0.736000 0.120000 0.098667
3 0.122667 0.828333 0.097333 0.083333
2 0.184333 0.908000 0.114000 0.137333
2 0.273000 0.890000 0.088667 0.157333
2 0.377000 0.872333 0.106000 0.114000
2 0.488000 0.856000 0.130667 0.166667
2 0.593000 0.818000 0.123333 0.129333
2 0.629667 0.914333 0.114000 0.122000
2 0.261000 0.209333 0.112667 0.101333
2 0.439333 0.051667 0.041333 0.042000
2 0.556333 0.036000 0.098000 0.070667
2 0.362667 0.180667 0.049333 0.057333
0 0.122667 0.239000 0.097333 0.090000
3 0.036000 0.266000 0.070667 0.153333
0 0.211667 0.446333 0.422000 0.460667
2 0.231333 0.735000 0.118667 0.120667
0 0.203333 0.806667 0.056000 0.057333
2 0.054667 0.948000 0.108000 0.104000
2 0.391000 0.960667 0.160667 0.078667
2 0.951000 0.893000 0.083333 0.090000
3 0.818667 0.763333 0.078667 0.089333
0 0.945000 0.145667 0.062000 0.064667
0 0.940667 0.093333 0.040000 0.044000
