2 0.759000 0.741667 0.124667 0.115333
3 0.500333 0.666333 0.115333 0.104667
2 0.561333 0.599667 0.104000 0.095333
2 0.553333 0.509333 0.128000 0.101333
2 0.650000 0.515667 0.088000 0.116667
2 0.551000 0.432667 0.147333 0.066667
2 0.567333 0.364000 0.122667 0.102667
2 0.669333 0.397667 0.090667 0.075333
2 0.701000 0.353000 0.116667 0.116667
2 0.812333 0.404667 0.123333 0.092000
2 0.795333 0.299667 0.100000 0.112667
2 0.903333 0.277667 0.069333 0.084667
2 0.743000 0.242333 0.123333 0.083333
2 0.630000 0.295000 0.108000 0.086000
2 0.625667 0.216333 0.116667 0.076667
2 0.643667 0.156667 0.106000 0.065333
2 0.741000 0.155333 0.094000 0.096000
2 0.750000 0.072667 0.137333 0.122667
2 0.816000 0.142000 0.074667 0.122667
2 0.860333 0.073333 0.091333 0.109333
0 0.361667 0.114667 0.052667 0.060000
0 0.486333 0.135333 0.038000 0.046667
0 0.529333 0.194000 0.061333 0.060000
0 0.495333 0.271000 0.056000 0.063333
0 0.560333 0.256667 0.046000 0.060000
0 0.550667 0.121667 0.045333 0.048667
0 0.315667 0.345667 0.047333 0.063333
0 0.405000 0.386000 0.039333 0.044000
0 0.180000 0.525667 0.178667 0.202000
0 0.398667 0.670667 0.034667 0.038667
0 0.502667 0.806000 0.036000 0.038667
0 0.403333 0.711000 0.037333 0.044667
0 0.441000 0.717333 0.035333 0.044000
0 0.478333 0.725000 0.035333 0.035333
0 0.264333 0.939000 0.035333 0.035333
0 0.912333 0.745000 0.095333 0.083333
0 0.967000 0.803000 0.066000 0.079333
0 0.919000 0.664667 0.071333 0.066667
0 0.748000 0.592000 0.081333 0.074667
0 0.814333 0.573000 0.056667 0.059333
0 0.899667 0.555333 0.056667 0.060000
0 0.966333 0.567667 0.052667 0.059333
0 0.660000 0.589333 0.052000 0.040000
0 0.904333 0.512333 0.054000 0.043333
0 0.845000 0.466667 0.087333 0.080000
0 0.915667 0.468667 0.071333 0.050667
0 0.762333 0.476333 0.083333 0.091333
0 0.703667 0.476000 0.044667 0.049333
0 0.930667 0.386000 0.118667 0.126667
0 0.845333 0.239667 0.080000 0.071333
0 0.888000 0.191000 0.082667 0.078000
2 0.943000 0.078667 0.114000 0.145333
