2 0.134000 0.118333 0.205333 0.235333
2 0.414333 0.063000 0.116667 0.119333
2 0.289000 0.111667 0.112667 0.108667
2 0.265333 0.256667 0.121333 0.129333
2 0.397667 0.163667 0.060667 0.059333
2 0.520667 0.190667 0.073333 0.074667
2 0.693333 0.149000 0.134667 0.116667
2 0.827333 0.151333 0.097333 0.096000
2 0.601333 0.245667 0.204000 0.146000
2 0.791000 0.227667 0.072667 0.054000
2 0.755000 0.340667 0.091333 0.110667
2 0.874333 0.285000 0.167333 0.194000
1 0.395000 0.311000 0.155333 0.148667
2 0.092000 0.492000 0.122667 0.109333
2 0.207667 0.453667 0.163333 0.146000
2 0.278667 0.382333 0.130667 0.119333
2 0.606333 0.370000 0.175333 0.172000
2 0.454667 0.359000 0.156000 0.179333
2 0.447000 0.491000 0.151333 0.096667
2 0.379333 0.415667 0.057333 0.047333
2 0.931000 0.462000 0.120667 0.165333
2 0.906333 0.634000 0.063333 0.064000
2 0.716333 0.558667 0.150000 0.133333
2 0.607000 0.476667 0.082000 0.077333
2 0.499333 0.588000 0.177333 0.133333
2 0.179333 0.567000 0.137333 0.075333
2 0.072667 0.678000 0.104000 0.102667
2 0.191000 0.670667 0.144667 0.134667
2 0.127000 0.884333 0.155333 0.182000
2 0.248000 0.848333 0.097333 0.151333
1 0.342000 0.837000 0.098667 0.110000
2 0.321333 0.687667 0.160000 0.200667
1 0.425000 0.710000 0.115333 0.136000
2 0.525667 0.696333 0.086000 0.080667
2 0.623333 0.674667 0.098667 0.157333
2 0.733333 0.758667 0.145333 0.110667
2 0.887667 0.795667 0.154000 0.143333
2 0.891000 0.919333 0.142000 0.137333
2 0.702000 0.874000 0.130667 0.117333
2 0.591667 0.894000 0.102000 0.106667
2 0.548667 0.806667 0.137333 0.140000
1 0.430333 0.851667 0.115333 0.124667
1 0.363333 0.933000 0.200000 0.134000
2 0.048667 0.137667 0.094667 0.136667
0 0.119667 0.204333 0.059333 0.068667
0 0.702333 0.015667 0.040667 0.030000
0 0.681000 0.066000 0.042000 0.040000
0 0.395333 0.221000 0.057333 0.070000
2 0.060333 0.412333 0.119333 0.154000
2 0.691667 0.454000 0.072667 0.064000
0 0.294667 0.440333 0.085333 0.060667
2 0.283000 0.522000 0.051333 0.050667
2 0.066333 0.576000 0.131333 0.144000
0 0.191333 0.746667 0.068000 0.045333
0 0.037667 0.910667 0.074000 0.106667
2 0.214333 0.953000 0.139333 0.094000
2 0.695333 0.958333 0.201333 0.083333
2 0.966667 0.883333 0.066667 0.062667
0 0.886667 0.695667 0.114667 0.098000
2 0.784667 0.825333 0.080000 0.077333
0 0.705333 0.662667 0.086667 0.078667
2 0.852333 0.537667 0.046000 0.059333
0 0.690000 0.263667 0.069333 0.074000
0 0.921333 0.040667 0.068000 0.057333
2 0.953333 0.139667 0.093333 0.139333
