2 0.931667 0.733000 0.136667 0.200667
2 0.809333 0.776667 0.164000 0.172000
2 0.663667 0.743667 0.151333 0.183333
1 0.567000 0.720333 0.082000 0.090000
2 0.455667 0.705000 0.128667 0.154000
2 0.327667 0.694667 0.140667 0.174667
2 0.204667 0.669333 0.130667 0.129333
2 0.311667 0.558000 0.114000 0.098667
2 0.212000 0.542000 0.092000 0.092000
2 0.107667 0.548333 0.127333 0.123333
3 0.121667 0.647000 0.083333 0.087333
2 0.138000 0.441333 0.161333 0.109333
2 0.462000 0.458667 0.102667 0.122667
2 0.564667 0.460333 0.156000 0.119333
2 0.547000 0.581667 0.187333 0.148667
2 0.700667 0.573000 0.138667 0.148667
2 0.818667 0.617000 0.169333 0.150000
3 0.873667 0.524667 0.138000 0.118667
2 0.706333 0.454667 0.127333 0.092000
2 0.547333 0.344667 0.137333 0.105333
2 0.680000 0.333667 0.130667 0.144667
2 0.880000 0.324667 0.166667 0.173333
2 0.858333 0.196333 0.087333 0.083333
2 0.753333 0.238333 0.128000 0.120667
2 0.746333 0.150333 0.114000 0.072667
2 0.744000 0.062333 0.202667 0.115333
2 0.616667 0.147667 0.121333 0.124667
2 0.553333 0.229000 0.125333 0.118000
3 0.360000 0.248333 0.096000 0.082000
2 0.357000 0.355333 0.128667 0.132000
2 0.244333 0.345667 0.118000 0.159333
2 0.150000 0.346333 0.065333 0.083333
2 0.061667 0.241333 0.108667 0.109333
2 0.064667 0.110000 0.120000 0.128000
2 0.224333 0.115667 0.155333 0.136667
2 0.248667 0.233667 0.118667 0.094000
3 0.456333 0.254667 0.078000 0.094667
0 0.455667 0.346333 0.059333 0.058000
0 0.470000 0.194333 0.057333 0.050000
2 0.138667 0.245667 0.048000 0.060667
0 0.029000 0.431000 0.056667 0.080667
0 0.249333 0.471333 0.048000 0.040000
0 0.474000 0.834000 0.056000 0.070667
0 0.518333 0.880000 0.046000 0.054667
0 0.470333 0.884000 0.047333 0.045333
0 0.136333 0.843667 0.071333 0.084667
0 0.099333 0.876667 0.048000 0.050667
0 0.046667 0.888333 0.041333 0.039333
0 0.800667 0.962000 0.084000 0.076000
0 0.740333 0.934333 0.075333 0.066000
0 0.854000 0.442000 0.058667 0.056000
2 0.778333 0.350333 0.083333 0.094000
3 0.663333 0.244667 0.061333 0.072000
