2 0.090333 0.320667 0.151333 0.104000
2 0.166000 0.223333 0.113333 0.104000
2 0.241667 0.182333 0.102000 0.083333
2 0.065333 0.226000 0.114667 0.088000
2 0.067333 0.128000 0.102667 0.100000
2 0.176000 0.106667 0.097333 0.109333
2 0.252667 0.070667 0.129333 0.104000
2 0.360333 0.327333 0.111333 0.173333
2 0.460333 0.275000 0.119333 0.118000
2 0.468667 0.173667 0.100000 0.116667
2 0.568000 0.153667 0.076000 0.115333
2 0.583333 0.069333 0.070667 0.065333
2 0.657667 0.179667 0.091333 0.142000
2 0.739667 0.149000 0.072667 0.119333
2 0.791333 0.062667 0.066667 0.061333
3 0.820333 0.117000 0.086000 0.070000
2 0.829333 0.185000 0.096000 0.072667
2 0.786333 0.269667 0.090000 0.091333
2 0.928667 0.162333 0.094667 0.084667
2 0.946667 0.232333 0.092000 0.080667
2 0.654333 0.374000 0.076667 0.089333
2 0.692333 0.312333 0.044667 0.051333
2 0.571667 0.260667 0.108667 0.076000
2 0.593000 0.320000 0.076667 0.064000
2 0.545000 0.352667 0.058000 0.065333
2 0.534000 0.433000 0.113333 0.104667
2 0.435000 0.454333 0.082000 0.078000
3 0.469667 0.371333 0.082000 0.072000
2 0.264000 0.590000 0.121333 0.134667
3 0.166000 0.599667 0.089333 0.159333
2 0.071000 0.626333 0.112667 0.154000
3 0.217667 0.743333 0.119333 0.125333
2 0.120000 0.846000 0.128000 0.100000
2 0.264667 0.892000 0.138667 0.136000
3 0.414667 0.881000 0.094667 0.078000
2 0.425667 0.816333 0.072667 0.051333
3 0.411000 0.740000 0.087333 0.106667
2 0.482000 0.738667 0.057333 0.088000
3 0.461333 0.641333 0.137333 0.118667
3 0.545333 0.660000 0.041333 0.044000
3 0.560333 0.727000 0.083333 0.086000
3 0.527000 0.792667 0.072667 0.057333
3 0.508333 0.857333 0.068667 0.069333
3 0.584000 0.823333 0.072000 0.096000
3 0.529333 0.926000 0.090667 0.076000
3 0.611000 0.902000 0.059333 0.066667
3 0.696667 0.885333 0.092000 0.102667
3 0.651333 0.801333 0.070667 0.098667
3 0.594000 0.610000 0.097333 0.097333
3 0.698667 0.534667 0.096000 0.104000
2 0.807667 0.491333 0.075333 0.073333
2 0.889333 0.443333 0.130667 0.102667
3 0.954667 0.536333 0.064000 0.080667
3 0.873000 0.551667 0.096667 0.086000
2 0.806000 0.583667 0.097333 0.096667
2 0.725667 0.614333 0.083333 0.063333
2 0.684000 0.695333 0.108000 0.106667
3 0.771667 0.677333 0.075333 0.076000
3 0.766667 0.751667 0.062667 0.072667
3 0.820333 0.716333 0.044667 0.064667
3 0.848000 0.655333 0.058667 0.060000
3 0.907000 0.632667 0.059333 0.066667
3 0.962000 0.621333 0.064000 0.089333
3 0.909333 0.696667 0.064000 0.065333
2 0.024333 0.079000 0.047333 0.108667
2 0.097000 0.038667 0.100667 0.076000
2 0.642000 0.067333 0.054667 0.080000
0 0.440333 0.116667 0.070000 0.061333
0 0.419000 0.081667 0.042000 0.050000
0 0.637333 0.467667 0.057333 0.062000
0 0.706667 0.429000 0.070667 0.075333
0 0.594333 0.511000 0.054000 0.058000
0 0.512667 0.500333 0.042667 0.040667
0 0.321667 0.645333 0.076667 0.074667
0 0.324000 0.726000 0.105333 0.116000
0 0.317000 0.461667 0.048667 0.052667
0 0.188667 0.872000 0.062667 0.074667
2 0.052000 0.732667 0.102667 0.094667
2 0.070333 0.805333 0.138000 0.089333
2 0.036000 0.873000 0.069333 0.063333
2 0.051000 0.931333 0.100667 0.080000
0 0.112333 0.955667 0.040667 0.055333
0 0.154000 0.942333 0.061333 0.068667
0 0.215000 0.979333 0.067333 0.041333
0 0.157000 0.977667 0.047333 0.044667
2 0.309667 0.967333 0.092667 0.065333
2 0.420333 0.955667 0.144667 0.088667
2 0.713000 0.954667 0.051333 0.053333
2 0.766333 0.922000 0.055333 0.093333
0 0.881667 0.892667 0.134000 0.104000
2 0.822000 0.831333 0.082667 0.069333
2 0.710000 0.785667 0.054667 0.056667
2 0.898667 0.822667 0.086667 0.076000
2 0.964000 0.856333 0.069333 0.074000
2 0.964667 0.799333 0.070667 0.076000
2 0.873667 0.751333 0.056667 0.060000
2 0.962000 0.730667 0.037333 0.036000
0 0.972667 0.383667 0.038667 0.044667
0 0.934000 0.368333 0.060000 0.068667
0 0.863667 0.368667 0.075333 0.068000
0 0.899667 0.319000 0.055333 0.054000
2 0.734333 0.084000 0.062000 0.054667
