2 0.404000 0.033667 0.040000 0.036667
2 0.409667 0.100333 0.062000 0.060667
2 0.480667 0.073333 0.076000 0.070667
2 0.563000 0.064333 0.086000 0.080667
2 0.594667 0.129667 0.096000 0.094000
2 0.485000 0.141333 0.098000 0.070667
2 0.412000 0.185000 0.069333 0.116667
3 0.490333 0.205000 0.104667 0.084667
2 0.489000 0.298000 0.115333 0.101333
2 0.588333 0.287333 0.075333 0.096000
2 0.642667 0.174667 0.069333 0.068000
2 0.691333 0.218000 0.100000 0.104000
2 0.742667 0.158667 0.066667 0.072000
2 0.821000 0.128667 0.084667 0.104000
2 0.889667 0.115667 0.078000 0.099333
2 0.937667 0.175333 0.076667 0.077333
2 0.838333 0.222667 0.122000 0.092000
2 0.960333 0.076667 0.072667 0.108000
2 0.327667 0.323333 0.148667 0.132000
2 0.549333 0.634333 0.066667 0.095333
2 0.562000 0.738667 0.041333 0.042667
2 0.489667 0.650333 0.058000 0.080667
2 0.519333 0.792667 0.057333 0.070667
2 0.519667 0.883667 0.054000 0.070000
2 0.596667 0.865667 0.110667 0.116667
2 0.666000 0.924667 0.049333 0.052000
2 0.672667 0.856667 0.069333 0.081333
2 0.642667 0.765000 0.100000 0.079333
3 0.625667 0.676667 0.086000 0.092000
2 0.653333 0.533000 0.102667 0.107333
2 0.714667 0.670000 0.105333 0.094667
3 0.748000 0.588667 0.144000 0.137333
2 0.729667 0.761667 0.086000 0.078000
3 0.804000 0.724667 0.104000 0.112000
2 0.741000 0.844333 0.075333 0.076667
2 0.748333 0.931667 0.084667 0.095333
2 0.823000 0.896000 0.088667 0.105333
2 0.868333 0.807333 0.120667 0.108000
2 0.893000 0.894000 0.079333 0.093333
2 0.960333 0.852333 0.075333 0.126000
2 0.907000 0.685667 0.162000 0.151333
2 0.736000 0.362333 0.126667 0.126000
2 0.804000 0.424667 0.104000 0.076000
2 0.940333 0.392667 0.112667 0.093333
2 0.906333 0.477333 0.103333 0.070667
2 0.851667 0.545333 0.051333 0.040000
3 0.927000 0.535667 0.106000 0.074000
2 0.474333 0.512000 0.086000 0.068000
2 0.798667 0.496333 0.109333 0.072667
2 0.425000 0.677000 0.095333 0.080667
2 0.457667 0.739333 0.091333 0.074667
2 0.448000 0.824000 0.102667 0.102667
2 0.448000 0.912000 0.108000 0.096000
2 0.327000 0.938000 0.114000 0.097333
2 0.245000 0.951000 0.058000 0.059333
3 0.100000 0.833333 0.073333 0.068000
3 0.331333 0.849000 0.092000 0.127333
3 0.238667 0.872333 0.096000 0.083333
3 0.215333 0.795667 0.145333 0.115333
3 0.211667 0.675333 0.116667 0.102667
2 0.300000 0.638667 0.076000 0.070667
3 0.329333 0.564333 0.093333 0.070000
2 0.423333 0.579333 0.101333 0.105333
2 0.412000 0.449000 0.128000 0.139333
2 0.324333 0.474667 0.075333 0.109333
3 0.250667 0.522333 0.077333 0.080667
3 0.174333 0.547333 0.130000 0.100000
2 0.151333 0.613000 0.121333 0.075333
2 0.759667 0.051333 0.104667 0.098667
0 0.134333 0.091667 0.139333 0.180667
0 0.229333 0.069667 0.073333 0.122000
0 0.296667 0.155667 0.174667 0.195333
0 0.180333 0.210333 0.106000 0.120667
0 0.120333 0.262667 0.127333 0.118667
0 0.133667 0.393000 0.194000 0.196667
0 0.681667 0.047667 0.046000 0.052667
0 0.282000 0.388667 0.065333 0.058667
0 0.260667 0.348667 0.052000 0.057333
0 0.256333 0.445333 0.070000 0.072000
0 0.115333 0.704333 0.050667 0.058000
0 0.035667 0.685667 0.048667 0.054000
0 0.294333 0.700000 0.047333 0.048000
0 0.080667 0.929333 0.052000 0.049333
0 0.353667 0.744000 0.039333 0.040000
0 0.081000 0.621333 0.040667 0.056000
0 0.085667 0.974667 0.034000 0.032000
2 0.553667 0.942333 0.123333 0.115333
0 0.569333 0.451000 0.052000 0.068667
0 0.552000 0.391000 0.056000 0.046000
0 0.635667 0.394667 0.050000 0.049333
0 0.642667 0.460667 0.065333 0.052000
0 0.682333 0.427333 0.051333 0.042667
0 0.632667 0.338000 0.050667 0.054667
0 0.672667 0.322333 0.060000 0.059333
0 0.731333 0.293333 0.045333 0.040000
0 0.786667 0.299000 0.044000 0.050000
0 0.854333 0.309667 0.071333 0.066000
0 0.861333 0.363000 0.048000 0.047333
3 0.836333 0.037000 0.062000 0.072667
