2 0.158333 0.137000 0.156667 0.143333
2 0.367333 0.181000 0.141333 0.139333
2 0.668333 0.195000 0.112667 0.119333
2 0.886000 0.132333 0.109333 0.114000
2 0.921000 0.230000 0.158000 0.141333
2 0.855333 0.323333 0.104000 0.137333
2 0.786333 0.214333 0.087333 0.083333
2 0.753000 0.305667 0.110000 0.114000
2 0.654667 0.372667 0.172000 0.174667
2 0.697000 0.482333 0.120667 0.124667
2 0.817000 0.452333 0.115333 0.123333
2 0.545000 0.368667 0.088667 0.130667
2 0.470000 0.351667 0.100000 0.119333
2 0.351333 0.347667 0.137333 0.111333
2 0.223667 0.350333 0.138000 0.150000
2 0.088333 0.328667 0.119333 0.096000
3 0.157667 0.244000 0.136667 0.104000
2 0.095333 0.455000 0.128000 0.112667
2 0.076000 0.590667 0.130667 0.141333
2 0.109000 0.763333 0.144667 0.134667
2 0.184667 0.826667 0.109333 0.128000
2 0.264667 0.765000 0.133333 0.107333
2 0.219667 0.633000 0.143333 0.146000
2 0.320667 0.679667 0.073333 0.091333
2 0.342333 0.557333 0.203333 0.180000
2 0.494000 0.526000 0.094667 0.104000
2 0.470333 0.692000 0.144667 0.138667
2 0.572333 0.735000 0.079333 0.083333
2 0.533333 0.825333 0.118667 0.108000
2 0.424333 0.815667 0.108667 0.088667
2 0.402333 0.930333 0.111333 0.120667
2 0.150667 0.943333 0.133333 0.102667
2 0.275667 0.864333 0.094000 0.094000
2 0.320667 0.908667 0.062667 0.069333
2 0.731333 0.614333 0.089333 0.096667
2 0.572000 0.603000 0.096000 0.083333
2 0.609667 0.522000 0.118000 0.124000
2 0.780333 0.683000 0.082000 0.090000
2 0.795000 0.601000 0.058000 0.062000
2 0.930000 0.590667 0.072000 0.077333
2 0.638667 0.780000 0.101333 0.101333
2 0.690333 0.886333 0.131333 0.119333
2 0.811667 0.935667 0.111333 0.115333
2 0.912333 0.928667 0.120667 0.126667
2 0.759000 0.775667 0.122000 0.114000
2 0.824333 0.849333 0.088667 0.100000
2 0.902667 0.734333 0.124000 0.115333
2 0.919000 0.825333 0.119333 0.097333
2 0.440000 0.079333 0.141333 0.157333
2 0.538333 0.132333 0.094000 0.074000
0 0.532667 0.064667 0.065333 0.069333
3 0.735000 0.116000 0.074000 0.077333
0 0.558333 0.203667 0.084667 0.075333
2 0.044000 0.119667 0.086667 0.107333
2 0.047000 0.232333 0.092667 0.143333
2 0.479333 0.288667 0.090667 0.065333
0 0.206000 0.463667 0.073333 0.076667
0 0.468000 0.445000 0.068000 0.066000
2 0.175333 0.529333 0.050667 0.060000
0 0.410667 0.421667 0.032000 0.031333
2 0.621333 0.677667 0.102667 0.099333
2 0.040667 0.688667 0.078667 0.101333
2 0.576667 0.934333 0.116000 0.131333
3 0.061333 0.882000 0.074667 0.074667
2 0.827000 0.740667 0.070000 0.078667
2 0.945667 0.670000 0.098000 0.065333
2 0.855333 0.574667 0.061333 0.062667
