2 0.070333 0.218000 0.114000 0.098667
2 0.093000 0.338000 0.120667 0.125333
2 0.189333 0.279333 0.066667 0.072000
2 0.186333 0.363000 0.112667 0.091333
2 0.220000 0.462333 0.108000 0.087333
2 0.291667 0.430333 0.118000 0.143333
2 0.378000 0.477667 0.101333 0.123333
3 0.448667 0.564333 0.090667 0.096667
2 0.359667 0.610000 0.092667 0.128000
3 0.457667 0.642333 0.088667 0.083333
3 0.543667 0.637000 0.091333 0.076667
3 0.568667 0.561000 0.144000 0.112667
2 0.126333 0.134333 0.107333 0.138000
2 0.244000 0.158667 0.130667 0.146667
2 0.274333 0.263667 0.114000 0.107333
2 0.316000 0.313667 0.074667 0.082000
2 0.407000 0.292333 0.120667 0.086000
2 0.378667 0.204667 0.100000 0.094667
2 0.386333 0.104667 0.118000 0.102667
2 0.519000 0.094667 0.119333 0.100000
2 0.467333 0.209333 0.086667 0.142667
2 0.546000 0.195667 0.070667 0.118000
2 0.615333 0.174000 0.076000 0.116000
2 0.684667 0.142000 0.088000 0.125333
2 0.754333 0.124667 0.074000 0.104000
2 0.719333 0.212000 0.093333 0.070667
2 0.671667 0.281667 0.119333 0.107333
2 0.562333 0.313667 0.115333 0.095333
2 0.816000 0.120667 0.046667 0.068000
2 0.875000 0.154667 0.076667 0.130667
2 0.935000 0.213667 0.118000 0.148667
2 0.883333 0.306667 0.114667 0.145333
2 0.946333 0.374667 0.088667 0.126667
2 0.791000 0.489333 0.108667 0.153333
2 0.695333 0.444000 0.094667 0.101333
2 0.598667 0.486667 0.118667 0.100000
2 0.600000 0.404333 0.070667 0.083333
2 0.680000 0.369667 0.100000 0.080667
2 0.528333 0.399000 0.088667 0.100667
2 0.432667 0.392333 0.128000 0.119333
3 0.674000 0.539333 0.100000 0.089333
3 0.716000 0.599667 0.100000 0.118000
3 0.809333 0.572667 0.100000 0.069333
3 0.893000 0.456667 0.107333 0.093333
2 0.919333 0.543667 0.106667 0.083333
2 0.933333 0.634667 0.109333 0.098667
2 0.799333 0.647000 0.100000 0.076667
2 0.871000 0.634333 0.056667 0.079333
2 0.791000 0.723333 0.103333 0.098667
2 0.912333 0.738667 0.115333 0.137333
2 0.848667 0.780000 0.104000 0.096000
2 0.873667 0.859667 0.092667 0.084667
2 0.954333 0.842000 0.076667 0.086667
2 0.764667 0.870667 0.141333 0.126667
2 0.669667 0.676000 0.123333 0.101333
2 0.717333 0.761000 0.072000 0.082000
2 0.649667 0.803667 0.116667 0.154000
2 0.563000 0.762000 0.080667 0.126667
2 0.514667 0.717000 0.097333 0.091333
2 0.441000 0.725333 0.070000 0.080000
3 0.127000 0.476333 0.080667 0.084667
2 0.058333 0.753667 0.104667 0.090000
2 0.067333 0.890667 0.120000 0.130667
2 0.164333 0.899667 0.086000 0.107333
2 0.236333 0.863000 0.087333 0.114000
2 0.378333 0.833667 0.088667 0.127333
2 0.321333 0.906667 0.102667 0.106667
2 0.470000 0.914333 0.169333 0.127333
2 0.471667 0.808667 0.106000 0.086667
2 0.044667 0.144333 0.086667 0.103333
2 0.127333 0.046667 0.153333 0.092000
2 0.227333 0.062667 0.064000 0.069333
2 0.309333 0.054333 0.110667 0.107333
0 0.037667 0.653333 0.055333 0.069333
0 0.204000 0.641667 0.318667 0.282000
2 0.306000 0.806667 0.098667 0.106667
2 0.092667 0.967000 0.077333 0.066000
2 0.245333 0.947333 0.106667 0.105333
0 0.663000 0.894667 0.062000 0.074667
2 0.821000 0.942667 0.174000 0.114667
2 0.931333 0.955333 0.088000 0.089333
2 0.770333 0.334333 0.116667 0.162000
2 0.798333 0.197667 0.068667 0.094000
