2 0.643000 0.112000 0.092667 0.101333
2 0.724333 0.089333 0.122000 0.166667
2 0.721333 0.192667 0.100000 0.090667
2 0.584667 0.231000 0.160000 0.139333
2 0.857667 0.190667 0.186000 0.233333
2 0.943000 0.261333 0.095333 0.105333
2 0.717000 0.289000 0.148667 0.116667
2 0.575000 0.349667 0.120667 0.102000
2 0.660000 0.432667 0.170667 0.166667
2 0.773667 0.392000 0.148667 0.174667
2 0.894000 0.348333 0.094667 0.084667
2 0.888000 0.435333 0.128000 0.128000
2 0.513333 0.474667 0.189333 0.168000
2 0.730667 0.510667 0.096000 0.090667
2 0.843000 0.517667 0.151333 0.171333
1 0.688333 0.589333 0.158000 0.153333
2 0.879333 0.645667 0.173333 0.112667
2 0.468333 0.594000 0.151333 0.140000
2 0.575667 0.632333 0.119333 0.147333
2 0.404000 0.694667 0.165333 0.161333
2 0.537333 0.731667 0.129333 0.148667
2 0.342333 0.812000 0.178000 0.160000
2 0.294333 0.910667 0.143333 0.176000
1 0.471333 0.839333 0.094667 0.130667
1 0.534667 0.915667 0.106667 0.124667
2 0.799333 0.892000 0.113333 0.094667
2 0.683333 0.823333 0.157333 0.188000
2 0.707333 0.724667 0.166667 0.132000
2 0.882000 0.789333 0.214667 0.210667
0 0.075333 0.067667 0.065333 0.091333
3 0.148667 0.196000 0.056000 0.057333
0 0.062000 0.427667 0.112000 0.120667
1 0.417333 0.938000 0.141333 0.124000
1 0.653333 0.930667 0.189333 0.138667
0 0.899333 0.934333 0.154667 0.119333
0 0.796000 0.664333 0.090667 0.107333
