3 0.644333 0.864333 0.090000 0.086000
2 0.725667 0.883000 0.078000 0.112667
2 0.791000 0.835667 0.122000 0.154000
2 0.854000 0.942667 0.129333 0.090667
2 0.911333 0.882333 0.106667 0.127333
2 0.880000 0.745000 0.158667 0.122000
2 0.841333 0.636000 0.133333 0.132000
2 0.622333 0.418000 0.115333 0.134667
2 0.739333 0.413667 0.133333 0.146000
2 0.641667 0.196667 0.218000 0.129333
2 0.661000 0.291333 0.176667 0.090667
2 0.811000 0.174667 0.118000 0.121333
2 0.841667 0.249667 0.064667 0.062000
2 0.904333 0.171000 0.118000 0.119333
2 0.891667 0.077667 0.138000 0.079333
2 0.871333 0.410000 0.166667 0.108000
2 0.868667 0.328333 0.202667 0.088667
2 0.914000 0.258000 0.145333 0.096000
2 0.712333 0.176667 0.076667 0.066667
0 0.408000 0.112333 0.037333 0.039333
0 0.285000 0.226000 0.048667 0.064000
0 0.073000 0.162000 0.135333 0.161333
0 0.189333 0.354667 0.220000 0.266667
0 0.367000 0.374000 0.152667 0.229333
0 0.064667 0.304000 0.124000 0.138667
0 0.059000 0.398333 0.116667 0.128667
0 0.374333 0.583000 0.264667 0.279333
0 0.124000 0.581000 0.246667 0.283333
0 0.174667 0.738000 0.102667 0.078667
0 0.092667 0.894667 0.184000 0.208000
0 0.354667 0.897000 0.244000 0.206000
0 0.413000 0.763000 0.128667 0.107333
0 0.280333 0.783667 0.163333 0.202000
0 0.539000 0.817667 0.047333 0.047333
0 0.935000 0.841333 0.051333 0.045333
0 0.604667 0.752333 0.038667 0.038000
0 0.739333 0.667667 0.041333 0.055333
0 0.681333 0.736000 0.038667 0.042667
0 0.827333 0.526667 0.037333 0.042667
3 0.793667 0.034333 0.088667 0.067333
0 0.556667 0.048000 0.045333 0.037333
0 0.791333 0.286000 0.072000 0.070667
