2 0.046667 0.154333 0.072000 0.080667
2 0.096000 0.115000 0.076000 0.095333
2 0.161667 0.102667 0.078000 0.104000
2 0.248000 0.115000 0.100000 0.087333
2 0.150667 0.202333 0.105333 0.110000
2 0.246667 0.199000 0.102667 0.116667
3 0.334000 0.180333 0.069333 0.090000
2 0.416000 0.095333 0.122667 0.126667
2 0.535667 0.133000 0.114000 0.126000
2 0.620333 0.087333 0.086000 0.104000
2 0.736667 0.115000 0.138667 0.140667
2 0.875667 0.093333 0.116667 0.105333
2 0.889000 0.202333 0.095333 0.123333
2 0.960333 0.191333 0.047333 0.085333
2 0.811000 0.231667 0.074000 0.090000
2 0.720667 0.261000 0.132000 0.154000
2 0.639000 0.271667 0.095333 0.115333
2 0.554333 0.305000 0.090000 0.084667
3 0.498667 0.247000 0.088000 0.084667
3 0.464000 0.181000 0.060000 0.083333
2 0.374333 0.268667 0.096667 0.100000
2 0.148000 0.308000 0.113333 0.109333
2 0.232000 0.317000 0.124000 0.116667
2 0.405000 0.362333 0.116667 0.112667
2 0.309667 0.308667 0.059333 0.066667
2 0.102333 0.434667 0.186000 0.134667
2 0.045000 0.523333 0.075333 0.088000
2 0.111333 0.555333 0.098667 0.073333
3 0.146667 0.615333 0.097333 0.100000
2 0.071000 0.665667 0.118000 0.106000
3 0.236333 0.658000 0.054000 0.060000
3 0.234000 0.587000 0.033333 0.051333
3 0.286000 0.547667 0.098667 0.083333
2 0.342333 0.492667 0.111333 0.121333
2 0.265000 0.415667 0.148667 0.108667
3 0.185667 0.717000 0.080667 0.094000
3 0.303000 0.642000 0.079333 0.069333
3 0.339667 0.707333 0.042000 0.058667
3 0.279667 0.725333 0.050000 0.066667
2 0.228667 0.823333 0.125333 0.114667
3 0.341667 0.868333 0.104667 0.106000
2 0.482667 0.899667 0.097333 0.118000
2 0.439000 0.728000 0.095333 0.097333
2 0.450667 0.650000 0.066667 0.065333
3 0.523667 0.710667 0.074000 0.073333
3 0.403667 0.583000 0.086000 0.076667
2 0.541000 0.549333 0.170000 0.112000
2 0.682667 0.579667 0.125333 0.150000
2 0.774333 0.564333 0.099333 0.160667
2 0.846000 0.538000 0.093333 0.130667
3 0.926333 0.551667 0.087333 0.083333
2 0.918333 0.646000 0.148667 0.105333
3 0.855333 0.720667 0.096000 0.090667
2 0.700667 0.758000 0.128000 0.129333
3 0.782667 0.740667 0.080000 0.094667
2 0.597333 0.786667 0.096000 0.125333
3 0.566667 0.949000 0.088000 0.094000
3 0.636333 0.907333 0.048667 0.049333
2 0.874333 0.868333 0.130000 0.108667
3 0.699667 0.835667 0.083333 0.084667
3 0.806333 0.915667 0.103333 0.111333
3 0.855000 0.790667 0.108667 0.069333
2 0.838333 0.315000 0.094000 0.071333
2 0.841333 0.398333 0.100000 0.126000
2 0.743000 0.405333 0.128667 0.140000
2 0.614667 0.398333 0.128000 0.159333
2 0.503667 0.421000 0.116667 0.180667
2 0.429333 0.454000 0.090667 0.098667
2 0.936333 0.443667 0.123333 0.155333
3 0.506333 0.050333 0.099333 0.098000
2 0.051333 0.251000 0.101333 0.143333
2 0.037333 0.335333 0.073333 0.089333
2 0.355667 0.402333 0.052667 0.070000
0 0.182667 0.426667 0.052000 0.058667
2 0.031333 0.601000 0.061333 0.080667
2 0.571333 0.603000 0.089333 0.078000
2 0.503000 0.617667 0.031333 0.038000
3 0.206667 0.515667 0.037333 0.034000
0 0.434667 0.540000 0.070667 0.064000
0 0.672333 0.485000 0.048667 0.050000
0 0.622667 0.526333 0.044000 0.062000
0 0.555667 0.477667 0.062000 0.052667
0 0.614667 0.672667 0.053333 0.062667
2 0.709333 0.677000 0.038667 0.042000
2 0.575000 0.673667 0.042000 0.044667
0 0.356000 0.632667 0.053333 0.070667
0 0.113000 0.729667 0.075333 0.067333
0 0.138333 0.781667 0.074000 0.063333
0 0.052333 0.813667 0.086000 0.096667
0 0.147333 0.849333 0.064000 0.069333
0 0.100000 0.854333 0.054667 0.087333
0 0.230333 0.917667 0.062000 0.064667
0 0.130667 0.940000 0.096000 0.120000
3 0.189333 0.957333 0.104000 0.085333
2 0.338000 0.959333 0.166667 0.081333
0 0.372667 0.796333 0.080000 0.095333
2 0.442000 0.807667 0.057333 0.059333
0 0.533333 0.779000 0.066667 0.071333
0 0.427333 0.938667 0.052000 0.065333
2 0.712000 0.945000 0.110667 0.110000
2 0.966667 0.095333 0.066667 0.086667
