2 0.867333 0.254667 0.156000 0.144000
2 0.865333 0.358667 0.118667 0.097333
2 0.856333 0.471667 0.139333 0.120667
2 0.941667 0.574667 0.112667 0.118667
2 0.625000 0.861000 0.138000 0.123333
2 0.657000 0.952333 0.135333 0.092667
2 0.785333 0.920333 0.066667 0.084667
2 0.798000 0.152000 0.056000 0.061333
2 0.635667 0.167667 0.116667 0.138000
2 0.609667 0.281667 0.112667 0.135333
2 0.578000 0.393667 0.101333 0.088667
2 0.563333 0.499000 0.144000 0.127333
2 0.538333 0.125333 0.114000 0.141333
2 0.464000 0.074000 0.106667 0.128000
2 0.413667 0.172000 0.112667 0.112000
2 0.503333 0.252667 0.100000 0.126667
2 0.124667 0.098333 0.166667 0.128667
1 0.209000 0.177333 0.127333 0.126667
2 0.297333 0.239000 0.132000 0.186000
2 0.400000 0.288667 0.157333 0.145333
1 0.466000 0.427000 0.100000 0.111333
2 0.360333 0.397667 0.119333 0.122000
2 0.071667 0.343667 0.124667 0.111333
2 0.133333 0.496000 0.173333 0.172000
2 0.110667 0.630000 0.094667 0.096000
2 0.282667 0.512333 0.164000 0.140667
2 0.408333 0.545333 0.115333 0.126667
2 0.218000 0.630000 0.126667 0.101333
2 0.105000 0.213667 0.150000 0.128667
2 0.388000 0.685667 0.164000 0.156667
2 0.300000 0.617000 0.090667 0.083333
2 0.245333 0.712667 0.128000 0.100000
2 0.227000 0.808000 0.139333 0.101333
2 0.343333 0.803333 0.098667 0.108000
2 0.436333 0.857333 0.120667 0.102667
2 0.328333 0.914333 0.108667 0.116667
2 0.221000 0.894000 0.120667 0.090667
2 0.145667 0.942000 0.110000 0.100000
2 0.349667 0.066667 0.178000 0.132000
2 0.637000 0.053333 0.126000 0.105333
0 0.158333 0.350000 0.103333 0.112000
0 0.171333 0.431333 0.084000 0.082667
0 0.257000 0.418667 0.095333 0.106667
2 0.052667 0.435333 0.104000 0.137333
0 0.137333 0.723667 0.081333 0.071333
0 0.124000 0.789667 0.101333 0.079333
2 0.243000 0.961667 0.099333 0.076667
2 0.543000 0.743667 0.039333 0.058000
0 0.578667 0.974000 0.060000 0.052000
0 0.743667 0.961000 0.047333 0.050000
0 0.879333 0.851000 0.036000 0.044667
3 0.957333 0.897000 0.085333 0.112667
0 0.733333 0.563333 0.094667 0.114667
2 0.963000 0.468333 0.074000 0.103333
3 0.961333 0.353333 0.050667 0.069333
0 0.729667 0.356000 0.044667 0.042667
0 0.711333 0.307000 0.070667 0.056667
2 0.642000 0.389333 0.038667 0.034667
0 0.736333 0.211667 0.112667 0.150000
0 0.954000 0.229667 0.053333 0.059333
0 0.787000 0.301333 0.054000 0.062667
0 0.838667 0.132667 0.066667 0.082667
2 0.914667 0.053667 0.153333 0.106000
