3 0.534333 0.406000 0.094000 0.118667
2 0.649667 0.405000 0.136667 0.135333
2 0.650000 0.560333 0.137333 0.183333
3 0.745667 0.523000 0.087333 0.084667
3 0.840667 0.550333 0.066667 0.060667
3 0.909000 0.293333 0.155333 0.102667
3 0.837333 0.419667 0.096000 0.091333
3 0.961333 0.547000 0.062667 0.079333
2 0.594667 0.261000 0.100000 0.112667
0 0.199667 0.161000 0.383333 0.320667
3 0.732667 0.389667 0.076000 0.070000
0 0.470000 0.518333 0.052000 0.062000
0 0.530333 0.548333 0.060667 0.056667
0 0.375667 0.586667 0.035333 0.042667
0 0.485000 0.689333 0.076667 0.094667
0 0.571000 0.694333 0.066000 0.068667
0 0.639000 0.653000 0.052667 0.048667
0 0.576000 0.565667 0.040000 0.050000
0 0.268333 0.785667 0.050000 0.044667
0 0.156000 0.741667 0.034667 0.047333
0 0.656667 0.751333 0.056000 0.065333
0 0.673667 0.778000 0.035333 0.026667
0 0.568667 0.817000 0.076000 0.067333
0 0.595333 0.861000 0.038667 0.042000
0 0.718667 0.861333 0.053333 0.056000
0 0.668333 0.846667 0.052667 0.046667
0 0.070333 0.836667 0.078000 0.065333
0 0.186667 0.906667 0.046667 0.044000
0 0.318000 0.906000 0.058667 0.061333
0 0.265667 0.952667 0.027333 0.032000
0 0.526333 0.971333 0.062000 0.057333
0 0.570333 0.954333 0.047333 0.050000
0 0.944667 0.850000 0.060000 0.061333
0 0.949000 0.911000 0.050000 0.048667
0 0.928000 0.963667 0.053333 0.062000
0 0.828667 0.969667 0.048000 0.046000
0 0.787000 0.963667 0.058000 0.063333
0 0.892000 0.772667 0.049333 0.058667
0 0.812333 0.725667 0.078000 0.082000
0 0.948000 0.668667 0.078667 0.077333
0 0.785000 0.639000 0.056667 0.068667
0 0.793333 0.587000 0.053333 0.056667
0 0.899667 0.553000 0.054000 0.063333
0 0.836333 0.494000 0.050000 0.052000
3 0.944667 0.428667 0.110667 0.128000
3 0.929333 0.214333 0.074667 0.072667
0 0.788667 0.150000 0.352000 0.296000
