3 0.077000 0.058000 0.127333 0.109333
2 0.182667 0.043667 0.094667 0.083333
2 0.262333 0.053667 0.076667 0.087333
2 0.206333 0.140667 0.114000 0.117333
3 0.063667 0.161333 0.112667 0.092000
3 0.169667 0.210000 0.084667 0.077333
3 0.092000 0.245000 0.098667 0.080667
3 0.129667 0.310333 0.116667 0.086000
3 0.228000 0.282000 0.106667 0.100000
3 0.311333 0.260000 0.070667 0.066667
3 0.316000 0.182667 0.120000 0.100000
3 0.336667 0.083000 0.100000 0.104667
3 0.476333 0.109333 0.104667 0.106667
3 0.420667 0.048000 0.073333 0.065333
3 0.401667 0.170000 0.087333 0.097333
3 0.529667 0.192667 0.088667 0.093333
3 0.459333 0.216333 0.064000 0.074000
3 0.565333 0.279667 0.085333 0.094000
3 0.630000 0.347667 0.089333 0.111333
2 0.412000 0.322667 0.108000 0.102667
3 0.484667 0.283000 0.076000 0.090000
3 0.514000 0.375333 0.092000 0.089333
2 0.541667 0.458667 0.123333 0.105333
3 0.340333 0.409667 0.095333 0.082000
2 0.434000 0.410333 0.089333 0.083333
3 0.295333 0.346333 0.105333 0.091333
2 0.195000 0.380667 0.111333 0.100000
3 0.091000 0.425333 0.111333 0.125333
2 0.062000 0.592667 0.108000 0.104000
2 0.153333 0.559333 0.074667 0.073333
3 0.186667 0.483000 0.092000 0.098000
3 0.261667 0.454000 0.075333 0.106667
3 0.323667 0.507333 0.048667 0.069333
3 0.385667 0.483667 0.088667 0.114000
3 0.475000 0.519000 0.084667 0.084667
3 0.418000 0.575333 0.098667 0.080000
3 0.311333 0.576000 0.104000 0.088000
3 0.229000 0.597000 0.082000 0.115333
3 0.139667 0.627000 0.083333 0.055333
3 0.110333 0.718333 0.086000 0.088667
3 0.056333 0.756667 0.075333 0.085333
3 0.066000 0.837333 0.072000 0.070667
2 0.126333 0.812000 0.062000 0.070667
2 0.120667 0.880667 0.073333 0.066667
2 0.252333 0.910333 0.116667 0.152667
3 0.195667 0.790333 0.087333 0.116667
3 0.203333 0.693333 0.105333 0.097333
2 0.359000 0.798333 0.086000 0.095333
3 0.276333 0.752667 0.084667 0.132000
2 0.369333 0.718000 0.093333 0.070667
3 0.409000 0.640000 0.083333 0.078667
2 0.322000 0.657000 0.098667 0.083333
2 0.613667 0.579000 0.120667 0.126000
3 0.520333 0.595000 0.114000 0.119333
2 0.495667 0.683000 0.118000 0.092667
2 0.593333 0.662667 0.101333 0.094667
3 0.511667 0.757333 0.080667 0.074667
3 0.435333 0.768333 0.072000 0.116667
2 0.402000 0.883000 0.097333 0.115333
2 0.332667 0.890667 0.050667 0.080000
2 0.334000 0.956667 0.074667 0.060000
2 0.570000 0.939000 0.102667 0.086000
2 0.563667 0.861333 0.079333 0.074667
2 0.653333 0.852333 0.066667 0.082000
2 0.589000 0.779000 0.115333 0.126000
2 0.496667 0.830667 0.105333 0.130667
3 0.835667 0.922667 0.116667 0.128000
3 0.941000 0.887000 0.096667 0.112667
3 0.934000 0.814333 0.092000 0.086000
3 0.918000 0.745000 0.098667 0.078000
3 0.928333 0.686667 0.088667 0.064000
3 0.842000 0.840667 0.098667 0.082667
3 0.754333 0.784333 0.092667 0.110000
3 0.837000 0.767000 0.080667 0.070000
2 0.811667 0.690000 0.116667 0.104000
2 0.891667 0.638333 0.107333 0.079333
2 0.762000 0.596000 0.130667 0.094667
2 0.853667 0.562333 0.116667 0.118000
2 0.933333 0.535000 0.093333 0.086000
3 0.737000 0.512333 0.122000 0.084667
3 0.695333 0.458000 0.141333 0.068000
3 0.791667 0.431667 0.068667 0.098000
3 0.692333 0.394667 0.114000 0.066667
2 0.861667 0.422667 0.080667 0.080000
2 0.922000 0.397667 0.070667 0.063333
3 0.937333 0.318333 0.093333 0.122000
3 0.850333 0.347667 0.118000 0.072667
3 0.714000 0.310000 0.096000 0.122667
3 0.802000 0.293333 0.077333 0.128000
3 0.873000 0.269000 0.096667 0.076667
3 0.659000 0.247333 0.114000 0.097333
3 0.588333 0.171333 0.055333 0.089333
2 0.565333 0.103000 0.073333 0.083333
3 0.632667 0.072667 0.069333 0.073333
2 0.706333 0.057333 0.072667 0.100000
3 0.856333 0.090667 0.142000 0.120000
2 0.734000 0.168667 0.092000 0.133333
3 0.648333 0.154000 0.082000 0.109333
2 0.804000 0.182333 0.070667 0.106000
2 0.881333 0.180667 0.108000 0.102667
2 0.490333 0.041000 0.070000 0.050000
2 0.566333 0.039000 0.088667 0.074000
2 0.038667 0.283000 0.074667 0.102000
2 0.039667 0.469000 0.074000 0.068667
2 0.044333 0.928667 0.087333 0.140000
2 0.159667 0.931667 0.155333 0.136667
2 0.747667 0.950000 0.120667 0.100000
0 0.682333 0.789667 0.048667 0.043333
2 0.961333 0.606000 0.077333 0.093333
2 0.952333 0.225667 0.095333 0.106000
