2 0.504333 0.052000 0.156667 0.100000
2 0.575000 0.162000 0.195333 0.165333
1 0.685667 0.232333 0.114000 0.124667
1 0.845333 0.036667 0.088000 0.072000
2 0.596667 0.284667 0.064000 0.062667
2 0.627000 0.353667 0.124667 0.090000
2 0.627000 0.458000 0.191333 0.152000
2 0.793667 0.479000 0.147333 0.151333
2 0.925333 0.335333 0.134667 0.133333
1 0.939000 0.555000 0.104667 0.112667
2 0.673667 0.651667 0.107333 0.116667
2 0.780000 0.640000 0.105333 0.118667
2 0.766000 0.728333 0.094667 0.080667
2 0.907000 0.643333 0.148667 0.133333
2 0.866000 0.732333 0.077333 0.091333
2 0.794333 0.816000 0.143333 0.100000
2 0.783667 0.919000 0.182000 0.154000
2 0.203333 0.899667 0.164000 0.131333
2 0.197667 0.615667 0.114000 0.111333
2 0.161667 0.492667 0.091333 0.104000
2 0.073000 0.519667 0.094000 0.088667
2 0.060000 0.410667 0.098667 0.124000
2 0.173667 0.396000 0.135333 0.097333
2 0.138667 0.290667 0.134667 0.117333
2 0.100667 0.176000 0.110667 0.098667
2 0.090333 0.071333 0.146000 0.110667
3 0.029000 0.129667 0.056667 0.102000
0 0.197333 0.191667 0.144000 0.112667
0 0.270667 0.497667 0.134667 0.144667
0 0.259000 0.731333 0.150000 0.138667
0 0.126000 0.774667 0.110667 0.118667
1 0.055000 0.758333 0.108667 0.163333
2 0.958333 0.916667 0.083333 0.102667
0 0.695333 0.777667 0.070667 0.086000
1 0.949000 0.749333 0.102000 0.160000
2 0.927333 0.449667 0.145333 0.114000
2 0.679667 0.541667 0.071333 0.079333
0 0.766667 0.329667 0.190667 0.182000
0 0.869667 0.182333 0.247333 0.234000
1 0.712000 0.059333 0.054667 0.046667
