3 0.111333 0.742000 0.065333 0.066667
3 0.170667 0.917333 0.093333 0.097333
3 0.187000 0.763667 0.080667 0.090000
3 0.181333 0.474667 0.100000 0.104000
3 0.254000 0.509000 0.065333 0.080667
2 0.344333 0.456667 0.118000 0.106667
3 0.387667 0.494000 0.056667 0.057333
2 0.477000 0.395667 0.116667 0.115333
3 0.566667 0.444667 0.085333 0.092000
3 0.639000 0.399000 0.056667 0.066000
3 0.337667 0.347667 0.120667 0.108667
2 0.225000 0.309000 0.128667 0.116667
3 0.187000 0.192000 0.080667 0.100000
3 0.285000 0.215667 0.046000 0.058000
3 0.345000 0.175667 0.055333 0.047333
2 0.248000 0.122000 0.069333 0.076000
2 0.313667 0.106333 0.084667 0.084667
2 0.157667 0.076333 0.103333 0.084667
2 0.073667 0.121333 0.087333 0.092000
2 0.250000 0.059667 0.042667 0.046000
2 0.411000 0.058000 0.087333 0.085333
3 0.450000 0.190667 0.104000 0.116000
2 0.530667 0.191333 0.070667 0.070667
2 0.614667 0.248333 0.089333 0.098000
3 0.602667 0.320000 0.068000 0.061333
2 0.718000 0.453667 0.101333 0.112667
2 0.814000 0.409000 0.098667 0.119333
2 0.886000 0.334333 0.124000 0.104667
3 0.861333 0.268000 0.101333 0.068000
3 0.872667 0.190000 0.100000 0.073333
2 0.723667 0.232333 0.095333 0.108667
3 0.793000 0.223333 0.051333 0.093333
2 0.702333 0.321667 0.088667 0.079333
3 0.941000 0.106000 0.114000 0.141333
2 0.445333 0.316333 0.041333 0.040667
3 0.468000 0.129667 0.045333 0.050000
3 0.084667 0.933667 0.101333 0.132667
2 0.116333 0.030333 0.107333 0.059333
2 0.030000 0.074333 0.057333 0.072667
2 0.042667 0.187667 0.084000 0.131333
0 0.370000 0.115333 0.046667 0.054667
0 0.449000 0.029333 0.068667 0.056000
0 0.123667 0.213667 0.079333 0.084667
0 0.138667 0.274333 0.062667 0.071333
0 0.375667 0.270000 0.112667 0.110667
0 0.053000 0.307333 0.084667 0.094667
0 0.112000 0.351333 0.070667 0.077333
0 0.162667 0.343667 0.081333 0.075333
0 0.130333 0.427333 0.087333 0.096000
0 0.242000 0.409667 0.085333 0.083333
0 0.433000 0.448000 0.051333 0.068000
0 0.539667 0.273000 0.080667 0.091333
0 0.542000 0.354333 0.070667 0.070000
0 0.114667 0.492000 0.062667 0.066667
0 0.052333 0.500333 0.044667 0.043333
0 0.295333 0.549333 0.061333 0.069333
0 0.345667 0.636667 0.099333 0.108000
0 0.044667 0.668000 0.084000 0.090667
0 0.034000 0.740333 0.064000 0.067333
0 0.292333 0.740667 0.082000 0.081333
0 0.322667 0.800667 0.113333 0.074667
0 0.377667 0.753333 0.043333 0.052000
0 0.344000 0.708667 0.066667 0.057333
0 0.046333 0.834333 0.058000 0.080667
0 0.220000 0.863000 0.045333 0.051333
0 0.168333 0.827667 0.051333 0.046000
0 0.226333 0.802333 0.039333 0.039333
0 0.231667 0.943333 0.039333 0.041333
0 0.258333 0.923333 0.035333 0.044000
0 0.292000 0.905667 0.048000 0.070000
0 0.351667 0.914333 0.039333 0.039333
0 0.325333 0.854667 0.053333 0.048000
0 0.391333 0.844000 0.029333 0.038667
0 0.579333 0.861333 0.334667 0.277333
0 0.843000 0.920000 0.231333 0.160000
0 0.728000 0.879667 0.048000 0.050000
0 0.935667 0.867333 0.036667 0.041333
0 0.897333 0.812333 0.041333 0.038000
0 0.919000 0.740000 0.052667 0.038667
0 0.854667 0.700000 0.058667 0.061333
0 0.959333 0.703000 0.042667 0.046000
0 0.916667 0.671000 0.042667 0.052667
0 0.784000 0.706333 0.036000 0.038000
0 0.718667 0.728667 0.032000 0.028000
0 0.691667 0.629333 0.087333 0.080000
0 0.714667 0.543000 0.061333 0.055333
0 0.775333 0.593333 0.061333 0.065333
0 0.827333 0.614333 0.046667 0.050000
2 0.825000 0.488333 0.038000 0.047333
3 0.644000 0.078000 0.057333 0.076000
2 0.518667 0.120667 0.037333 0.046667
0 0.626333 0.160667 0.054000 0.061333
2 0.713333 0.073667 0.114667 0.144667
2 0.578333 0.076667 0.079333 0.102667
