3 0.112000 0.234667 0.064000 0.065333
3 0.234667 0.259000 0.068000 0.080667
3 0.157667 0.301667 0.066000 0.052667
3 0.131667 0.351333 0.082000 0.065333
3 0.222333 0.345333 0.095333 0.093333
3 0.289667 0.249667 0.052667 0.076667
3 0.336333 0.273000 0.056667 0.082000
3 0.423667 0.197333 0.074000 0.064000
3 0.540333 0.258000 0.107333 0.106667
2 0.436000 0.269667 0.098667 0.086000
2 0.493000 0.353000 0.082000 0.088667
3 0.388000 0.366000 0.128000 0.100000
3 0.075000 0.440667 0.062000 0.049333
3 0.164667 0.426667 0.077333 0.064000
3 0.251667 0.433000 0.079333 0.064667
2 0.082667 0.583667 0.086667 0.088667
2 0.086667 0.669667 0.102667 0.075333
3 0.149333 0.505000 0.069333 0.079333
2 0.214333 0.532333 0.047333 0.050000
2 0.180000 0.593000 0.108000 0.087333
3 0.262333 0.515000 0.082000 0.092667
3 0.354000 0.506000 0.093333 0.092000
3 0.458667 0.444333 0.065333 0.054000
2 0.460000 0.520000 0.104000 0.094667
2 0.566667 0.531667 0.101333 0.098000
2 0.595000 0.626667 0.086000 0.089333
2 0.690333 0.642333 0.092667 0.086000
2 0.793667 0.636000 0.106000 0.098667
3 0.893667 0.629667 0.075333 0.080667
2 0.888667 0.539333 0.101333 0.105333
3 0.877333 0.445667 0.105333 0.082000
2 0.829667 0.352000 0.122000 0.102667
3 0.711667 0.354000 0.108667 0.090667
3 0.682000 0.451000 0.145333 0.104667
3 0.635333 0.537000 0.044000 0.054000
3 0.552000 0.437667 0.100000 0.080667
2 0.214000 0.673333 0.062667 0.062667
2 0.287667 0.673667 0.084667 0.116667
2 0.378333 0.622333 0.142000 0.119333
2 0.382000 0.705333 0.090667 0.078667
2 0.503000 0.709333 0.112667 0.093333
2 0.490333 0.620667 0.115333 0.098667
2 0.688333 0.721667 0.091333 0.087333
2 0.785333 0.731000 0.108000 0.094000
2 0.886000 0.717000 0.098667 0.094000
2 0.092333 0.764333 0.108667 0.103333
2 0.189667 0.778667 0.091333 0.098667
2 0.128000 0.861000 0.134667 0.079333
2 0.114000 0.924000 0.112000 0.074667
2 0.220333 0.896333 0.075333 0.094000
2 0.281333 0.955667 0.072000 0.080667
1 0.299333 0.874667 0.080000 0.096000
2 0.291333 0.778000 0.100000 0.097333
2 0.376667 0.792000 0.096000 0.094667
2 0.388333 0.897667 0.124667 0.119333
2 0.481333 0.815000 0.120000 0.131333
2 0.600000 0.795000 0.129333 0.124667
1 0.591667 0.902000 0.128667 0.094667
2 0.711000 0.906667 0.112667 0.152000
2 0.777667 0.826333 0.107333 0.112667
1 0.818667 0.929000 0.105333 0.112667
2 0.881333 0.830333 0.100000 0.115333
2 0.901333 0.917667 0.093333 0.076667
0 0.063333 0.379333 0.082667 0.070667
0 0.015333 0.384333 0.029333 0.047333
3 0.076333 0.514333 0.046000 0.042000
0 0.034667 0.501333 0.036000 0.037333
2 0.040333 0.831000 0.079333 0.143333
2 0.053667 0.964000 0.082000 0.072000
0 0.663667 0.782000 0.066000 0.076000
0 0.628333 0.677000 0.052667 0.062000
2 0.964000 0.830667 0.072000 0.144000
3 0.957333 0.711333 0.068000 0.081333
2 0.964000 0.613000 0.072000 0.107333
2 0.771000 0.526667 0.154000 0.118667
3 0.784000 0.441667 0.072000 0.063333
2 0.960667 0.450667 0.078667 0.114667
0 0.850333 0.157000 0.299333 0.312667
0 0.654000 0.111667 0.220000 0.222000
