2 0.152667 0.099000 0.106667 0.116667
2 0.052333 0.209333 0.083333 0.096000
3 0.135000 0.212000 0.079333 0.073333
2 0.260333 0.120000 0.114000 0.133333
2 0.141667 0.297667 0.148667 0.122000
3 0.233333 0.224000 0.096000 0.084000
2 0.347333 0.235333 0.126667 0.105333
2 0.488333 0.253667 0.142000 0.115333
3 0.478000 0.179333 0.060000 0.061333
3 0.553667 0.175333 0.080667 0.086667
1 0.505667 0.357333 0.146000 0.113333
2 0.384333 0.366000 0.150000 0.166667
2 0.263333 0.347000 0.110667 0.126000
2 0.101333 0.408000 0.190667 0.112000
2 0.156000 0.517000 0.202667 0.111333
2 0.338000 0.508667 0.100000 0.102667
2 0.459000 0.545667 0.196667 0.123333
2 0.451333 0.674667 0.176000 0.140000
2 0.289667 0.652333 0.136667 0.118000
2 0.377000 0.770000 0.142000 0.128000
2 0.324333 0.870333 0.119333 0.112667
2 0.505667 0.778667 0.095333 0.101333
2 0.258333 0.742000 0.090000 0.094667
2 0.196000 0.867000 0.170667 0.155333
2 0.069000 0.856667 0.111333 0.121333
2 0.139000 0.742000 0.140667 0.130667
2 0.166000 0.619667 0.102667 0.091333
2 0.059000 0.638667 0.114000 0.098667
2 0.526333 0.925333 0.171333 0.141333
2 0.750000 0.935667 0.118667 0.120667
2 0.864000 0.931667 0.093333 0.110000
2 0.766667 0.826000 0.140000 0.112000
2 0.590333 0.794667 0.112667 0.125333
2 0.661000 0.789333 0.051333 0.086667
3 0.563000 0.672667 0.052667 0.064000
2 0.638333 0.680333 0.091333 0.115333
2 0.748000 0.694333 0.125333 0.151333
2 0.932000 0.614333 0.065333 0.078000
3 0.729333 0.586667 0.076000 0.066667
2 0.588333 0.440000 0.155333 0.188000
2 0.697333 0.493333 0.088000 0.136000
2 0.681333 0.375333 0.097333 0.100000
3 0.792333 0.483667 0.111333 0.103333
3 0.884333 0.491333 0.083333 0.114667
2 0.792333 0.365667 0.136667 0.136667
2 0.683333 0.284333 0.073333 0.071333
2 0.955000 0.312333 0.075333 0.090000
2 0.920000 0.227000 0.097333 0.114000
3 0.652667 0.178333 0.098667 0.124667
2 0.747333 0.192333 0.096000 0.116667
2 0.739333 0.108000 0.066667 0.065333
2 0.831333 0.206333 0.069333 0.082000
3 0.039333 0.099667 0.076000 0.072667
0 0.694333 0.056667 0.051333 0.066667
0 0.636667 0.065000 0.056000 0.062000
0 0.583667 0.103667 0.082000 0.063333
0 0.929000 0.758667 0.047333 0.046667
0 0.893667 0.699667 0.059333 0.071333
0 0.836667 0.704333 0.042667 0.047333
0 0.611000 0.301667 0.044667 0.059333
0 0.894333 0.349333 0.068667 0.057333
0 0.463333 0.874000 0.058667 0.045333
2 0.037000 0.737000 0.072667 0.106000
2 0.953000 0.122333 0.091333 0.115333
2 0.368333 0.057000 0.180667 0.112667
2 0.041000 0.520333 0.076667 0.131333
