2 0.355333 0.083000 0.162667 0.162000
2 0.465000 0.089333 0.082000 0.086667
2 0.581000 0.112333 0.150000 0.182000
2 0.918000 0.072667 0.126667 0.122667
2 0.804667 0.188000 0.133333 0.138667
2 0.921333 0.217000 0.138667 0.163333
2 0.520333 0.253667 0.108667 0.110000
2 0.414333 0.228667 0.116667 0.134667
2 0.289667 0.220667 0.144667 0.137333
3 0.039000 0.231667 0.071333 0.082000
2 0.056333 0.375000 0.103333 0.115333
2 0.061667 0.473333 0.111333 0.096000
2 0.163333 0.336000 0.125333 0.140000
3 0.262000 0.368333 0.064000 0.080667
2 0.361667 0.350667 0.150000 0.136000
2 0.168000 0.454000 0.090667 0.090667
2 0.176000 0.569000 0.064000 0.087333
2 0.281333 0.585000 0.136000 0.122000
2 0.329333 0.474000 0.126667 0.117333
2 0.437667 0.470667 0.112667 0.201333
2 0.512000 0.360000 0.133333 0.110667
2 0.634000 0.381333 0.108000 0.101333
2 0.738000 0.381667 0.100000 0.128667
2 0.862333 0.390000 0.143333 0.176000
2 0.898333 0.538000 0.115333 0.128000
2 0.790000 0.622667 0.134667 0.133333
3 0.772333 0.504667 0.095333 0.094667
2 0.669667 0.491333 0.120667 0.124000
2 0.641667 0.605667 0.143333 0.116667
2 0.554000 0.490000 0.137333 0.148000
2 0.505333 0.631000 0.165333 0.119333
3 0.758333 0.703000 0.062000 0.058000
3 0.869000 0.703000 0.083333 0.083333
2 0.951667 0.704333 0.048667 0.052667
2 0.830000 0.800333 0.100000 0.106000
2 0.794000 0.947000 0.054667 0.062000
2 0.679000 0.812000 0.143333 0.140000
2 0.593000 0.736667 0.128667 0.125333
2 0.534000 0.820667 0.089333 0.090667
2 0.459000 0.719333 0.124667 0.126667
2 0.385000 0.826000 0.154000 0.132000
3 0.425333 0.929667 0.134667 0.127333
2 0.673667 0.945333 0.071333 0.101333
2 0.563333 0.935667 0.138667 0.128667
2 0.221333 0.900333 0.097333 0.086000
3 0.107667 0.883333 0.070000 0.065333
2 0.057667 0.758333 0.083333 0.082000
2 0.188000 0.812000 0.094667 0.098667
2 0.276667 0.712000 0.134667 0.134667
2 0.153667 0.688000 0.114000 0.144000
2 0.066000 0.632333 0.110667 0.134000
3 0.915667 0.933333 0.162000 0.129333
2 0.853000 0.035333 0.096667 0.062667
