2 0.169667 0.134667 0.182000 0.134667
2 0.431333 0.174000 0.186667 0.186667
2 0.600667 0.193000 0.169333 0.146000
2 0.567333 0.081667 0.102667 0.112667
2 0.700000 0.100333 0.162667 0.191333
2 0.924333 0.132667 0.124667 0.100000
2 0.859667 0.242000 0.238000 0.166667
2 0.741000 0.343000 0.136667 0.182000
2 0.871333 0.403000 0.130667 0.155333
2 0.600667 0.314667 0.136000 0.132000
2 0.474333 0.295000 0.116667 0.111333
2 0.326333 0.245667 0.115333 0.123333
2 0.200000 0.264333 0.160000 0.150000
2 0.102667 0.385000 0.168000 0.227333
2 0.270667 0.387000 0.160000 0.156667
2 0.266000 0.509667 0.149333 0.115333
1 0.416667 0.405000 0.148000 0.215333
1 0.527667 0.440667 0.084667 0.100000
2 0.643667 0.451667 0.152667 0.160667
1 0.711000 0.582333 0.120667 0.114000
2 0.820333 0.620667 0.119333 0.134667
2 0.764667 0.729000 0.146667 0.176667
1 0.625000 0.719000 0.159333 0.174000
2 0.693000 0.870333 0.156667 0.182000
2 0.534667 0.822333 0.132000 0.186000
2 0.573667 0.943333 0.118000 0.105333
2 0.432000 0.932667 0.162667 0.133333
1 0.420667 0.807333 0.132000 0.164000
2 0.427667 0.672333 0.143333 0.147333
2 0.149333 0.624000 0.156000 0.216000
2 0.284333 0.642000 0.147333 0.177333
1 0.272333 0.810667 0.148667 0.176000
2 0.164667 0.852667 0.105333 0.106667
2 0.160333 0.944000 0.124667 0.096000
2 0.453333 0.549000 0.166667 0.158000
2 0.593667 0.567000 0.116667 0.106000
2 0.057333 0.143000 0.064000 0.068667
2 0.907000 0.910667 0.186000 0.169333
2 0.926667 0.745667 0.146667 0.158000
2 0.296333 0.084667 0.191333 0.161333
2 0.060000 0.577333 0.118667 0.136000
