0 0.109667 0.785333 0.074000 0.101333
0 0.199000 0.875000 0.139333 0.176667
0 0.338667 0.915000 0.148000 0.170000
0 0.346333 0.746667 0.170000 0.176000
0 0.493333 0.787333 0.142667 0.168000
0 0.627000 0.823667 0.143333 0.166000
0 0.490333 0.933333 0.160667 0.133333
0 0.750000 0.833333 0.122667 0.176000
0 0.845333 0.793000 0.137333 0.138000
0 0.164333 0.514000 0.099333 0.120000
0 0.259000 0.608000 0.182000 0.201333
0 0.124000 0.631000 0.117333 0.154000
0 0.240000 0.420667 0.100000 0.114667
0 0.333000 0.479000 0.124667 0.155333
0 0.427000 0.539333 0.091333 0.124000
0 0.523000 0.617000 0.174000 0.180667
0 0.907000 0.525333 0.186000 0.256000
0 0.534000 0.456333 0.144000 0.142000
0 0.752667 0.392333 0.180000 0.140667
0 0.847667 0.261333 0.132667 0.121333
0 0.705667 0.293333 0.142000 0.162667
0 0.487667 0.258333 0.274000 0.294000
0 0.804333 0.680000 0.118000 0.130667
0 0.713667 0.583667 0.231333 0.300667
0 0.244333 0.203333 0.223333 0.325333
0 0.742667 0.116667 0.173333 0.168000
0 0.907333 0.132667 0.108000 0.110667
0 0.109333 0.218000 0.193333 0.193333
0 0.060000 0.480667 0.118667 0.110667
0 0.035000 0.582667 0.068667 0.101333
0 0.919667 0.856000 0.160667 0.242667
0 0.649333 0.109667 0.225333 0.218000
