2 0.119000 0.202333 0.116667 0.146000
1 0.154000 0.075667 0.160000 0.150000
2 0.312333 0.088000 0.146000 0.158667
2 0.235333 0.203667 0.174667 0.176667
3 0.371000 0.247667 0.092667 0.091333
2 0.327000 0.333333 0.108667 0.098667
2 0.446333 0.354667 0.122000 0.125333
3 0.489000 0.263333 0.082000 0.098667
2 0.542333 0.178000 0.096667 0.097333
2 0.620333 0.076333 0.116667 0.148667
3 0.730000 0.097667 0.105333 0.116667
2 0.937000 0.137667 0.058000 0.078000
2 0.867333 0.224667 0.086667 0.081333
2 0.758333 0.215667 0.092667 0.088667
2 0.636333 0.200333 0.084667 0.083333
2 0.472000 0.472667 0.078667 0.094667
2 0.377000 0.456000 0.106000 0.130667
2 0.243000 0.462000 0.154000 0.160000
2 0.314000 0.571333 0.101333 0.102667
3 0.189333 0.558667 0.030667 0.036000
2 0.105000 0.419667 0.150000 0.178000
2 0.063667 0.663333 0.118000 0.137333
2 0.193000 0.666333 0.138000 0.164667
2 0.155667 0.786000 0.120667 0.106667
3 0.145667 0.900333 0.118000 0.119333
2 0.284667 0.789667 0.126667 0.118000
2 0.276667 0.925333 0.137333 0.138667
3 0.410333 0.908667 0.083333 0.122667
3 0.412333 0.797667 0.054000 0.055333
3 0.428000 0.693000 0.070667 0.082000
3 0.417333 0.576667 0.056000 0.056000
3 0.512000 0.594333 0.074667 0.079333
3 0.496000 0.807667 0.106667 0.116667
2 0.618333 0.851667 0.120667 0.106000
3 0.630000 0.736000 0.141333 0.126667
2 0.520667 0.698333 0.093333 0.104667
2 0.747333 0.828000 0.104000 0.102667
2 0.784000 0.924000 0.100000 0.108000
2 0.898667 0.637000 0.093333 0.087333
2 0.809667 0.611667 0.051333 0.052667
2 0.718667 0.619667 0.125333 0.119333
2 0.607000 0.599667 0.118000 0.146000
2 0.633333 0.491333 0.085333 0.093333
2 0.746000 0.500667 0.142667 0.133333
2 0.785667 0.393667 0.078000 0.078000
2 0.902333 0.413667 0.122000 0.110000
2 0.923000 0.530333 0.130000 0.104667
2 0.668667 0.387000 0.064000 0.082000
0 0.851000 0.143000 0.104667 0.078000
0 0.689667 0.961333 0.086000 0.076000
2 0.056333 0.070000 0.111333 0.138667
2 0.047000 0.373333 0.088667 0.186667
2 0.060000 0.527333 0.118667 0.140000
0 0.816333 0.293667 0.062000 0.055333
0 0.867667 0.299333 0.060667 0.061333
0 0.756333 0.744000 0.074000 0.057333
2 0.048000 0.794667 0.094667 0.162667
2 0.516333 0.936333 0.139333 0.127333
