2 0.066000 0.134333 0.130667 0.138000
2 0.357667 0.068333 0.132667 0.122000
2 0.252667 0.179667 0.126667 0.111333
2 0.443667 0.198333 0.111333 0.146000
2 0.555333 0.206667 0.129333 0.196000
2 0.664000 0.225333 0.112000 0.230667
2 0.795000 0.227667 0.150000 0.210000
2 0.823667 0.105333 0.123333 0.090667
2 0.707667 0.073333 0.139333 0.093333
2 0.753000 0.027667 0.082000 0.051333
2 0.913333 0.380667 0.169333 0.130667
2 0.125667 0.329000 0.158000 0.179333
3 0.243000 0.329667 0.079333 0.122000
3 0.323000 0.336000 0.088667 0.098667
3 0.423000 0.344000 0.108667 0.124000
2 0.894667 0.509333 0.196000 0.137333
2 0.886333 0.640667 0.184667 0.158667
3 0.272667 0.438000 0.102667 0.105333
2 0.359000 0.441667 0.078000 0.115333
2 0.432000 0.447000 0.081333 0.084667
2 0.535333 0.438000 0.125333 0.202667
2 0.635333 0.470667 0.077333 0.124000
3 0.718667 0.466000 0.092000 0.133333
2 0.723333 0.618333 0.134667 0.180667
2 0.747333 0.694667 0.096000 0.100000
2 0.615333 0.593333 0.142667 0.136000
2 0.521667 0.568333 0.078000 0.086000
2 0.429667 0.550333 0.111333 0.116667
3 0.287333 0.529333 0.065333 0.061333
3 0.202333 0.520667 0.088667 0.109333
2 0.114000 0.513000 0.096000 0.094000
3 0.064667 0.421000 0.122667 0.078000
2 0.136000 0.617000 0.126667 0.103333
2 0.168000 0.722000 0.176000 0.104000
3 0.195333 0.827333 0.141333 0.109333
3 0.306000 0.818667 0.097333 0.133333
2 0.063667 0.820000 0.120667 0.125333
3 0.455333 0.873333 0.134667 0.152000
2 0.512000 0.786667 0.130667 0.133333
2 0.600333 0.905000 0.160667 0.134000
2 0.632667 0.767333 0.117333 0.169333
2 0.743667 0.912000 0.111333 0.096000
2 0.857000 0.831667 0.115333 0.184667
2 0.741667 0.804000 0.128667 0.132000
2 0.958000 0.800000 0.084000 0.162667
2 0.284667 0.637000 0.137333 0.151333
2 0.408333 0.667667 0.112667 0.146000
2 0.520667 0.664000 0.126667 0.133333
2 0.165000 0.059667 0.151333 0.112667
2 0.057667 0.035333 0.078000 0.069333
3 0.532667 0.350667 0.085333 0.060000
3 0.830333 0.697333 0.070000 0.074667
0 0.295333 0.745000 0.096000 0.108667
2 0.930667 0.206333 0.138667 0.212667
2 0.038333 0.713000 0.075333 0.091333
2 0.049667 0.590000 0.095333 0.150667
3 0.251333 0.951667 0.100000 0.096667
3 0.135000 0.945333 0.123333 0.109333
3 0.039000 0.941333 0.076667 0.117333
