3 0.056333 0.161333 0.103333 0.136000
3 0.159667 0.167667 0.082000 0.079333
3 0.290333 0.149667 0.107333 0.115333
2 0.396667 0.090000 0.097333 0.121333
2 0.504333 0.078000 0.120667 0.128000
3 0.617333 0.068333 0.100000 0.127333
2 0.503000 0.197667 0.146000 0.127333
3 0.617333 0.170000 0.092000 0.102667
3 0.725000 0.199667 0.110000 0.131333
3 0.842333 0.210667 0.116667 0.140000
3 0.630667 0.286667 0.160000 0.141333
3 0.788333 0.324000 0.047333 0.053333
3 0.818667 0.352333 0.069333 0.059333
3 0.815333 0.413667 0.096000 0.084667
3 0.606333 0.418667 0.108667 0.102667
3 0.519667 0.387000 0.054000 0.054000
2 0.863667 0.542667 0.146000 0.145333
2 0.665333 0.535667 0.160000 0.143333
3 0.762333 0.631000 0.190000 0.142000
3 0.884000 0.656667 0.094667 0.098667
3 0.773667 0.769333 0.154000 0.160000
3 0.906333 0.804000 0.114000 0.157333
2 0.570000 0.640667 0.102667 0.116000
2 0.503333 0.510333 0.136000 0.111333
2 0.442333 0.620667 0.147333 0.142667
2 0.380000 0.729667 0.074667 0.086000
2 0.343000 0.591333 0.051333 0.073333
3 0.221667 0.564333 0.191333 0.155333
2 0.246000 0.690667 0.198667 0.144000
3 0.209667 0.803333 0.123333 0.100000
3 0.327667 0.812333 0.112667 0.112667
2 0.430667 0.919000 0.129333 0.143333
2 0.307000 0.933000 0.115333 0.126000
2 0.183333 0.901000 0.106667 0.090000
2 0.075667 0.880000 0.119333 0.134667
2 0.089667 0.681667 0.106000 0.090000
3 0.214000 0.363667 0.093333 0.087333
2 0.284333 0.425333 0.080667 0.069333
2 0.141000 0.464333 0.134000 0.152667
2 0.038000 0.354000 0.069333 0.065333
2 0.039667 0.447333 0.058000 0.069333
3 0.063000 0.565667 0.119333 0.124667
2 0.411000 0.290667 0.084667 0.084000
2 0.399333 0.210667 0.064000 0.068000
2 0.290000 0.240000 0.068000 0.062667
3 0.293000 0.297333 0.084667 0.064000
3 0.182000 0.261000 0.137333 0.118000
2 0.094667 0.056667 0.106667 0.112000
2 0.219667 0.070000 0.156667 0.136000
3 0.955333 0.217667 0.089333 0.123333
2 0.926333 0.138000 0.059333 0.066667
2 0.541000 0.917000 0.066000 0.072667
3 0.021667 0.070000 0.035333 0.041333
0 0.464000 0.366000 0.072000 0.069333
0 0.104333 0.776333 0.047333 0.051333
0 0.413333 0.521667 0.060000 0.080667
0 0.971000 0.459000 0.058000 0.058000
0 0.734000 0.937000 0.073333 0.087333
3 0.951667 0.352667 0.096667 0.070667
3 0.963333 0.665667 0.070667 0.091333
