1 0.728333 0.585333 0.150000 0.194667
1 0.873667 0.497333 0.220667 0.202667
2 0.868667 0.647667 0.161333 0.111333
2 0.818667 0.736667 0.200000 0.130667
2 0.801333 0.856333 0.098667 0.118000
2 0.913333 0.852667 0.138667 0.165333
1 0.447333 0.838333 0.245333 0.254000
2 0.634000 0.776000 0.156000 0.133333
1 0.627000 0.908000 0.142000 0.168000
1 0.372333 0.941667 0.116667 0.116667
2 0.499333 0.699333 0.098667 0.121333
0 0.824333 0.376667 0.107333 0.096000
0 0.952333 0.728000 0.092667 0.120000
0 0.711333 0.859000 0.078667 0.106000
0 0.628333 0.695333 0.132667 0.118667
0 0.599667 0.580667 0.154000 0.165333
0 0.319333 0.100333 0.113333 0.106000
0 0.136000 0.308333 0.114667 0.122000
