2 0.064000 0.067000 0.112000 0.111333
2 0.096000 0.184667 0.137333 0.137333
2 0.260333 0.218333 0.108667 0.124667
2 0.166000 0.326667 0.186667 0.158667
2 0.307667 0.086333 0.150000 0.158000
2 0.444667 0.084333 0.132000 0.138000
2 0.592667 0.101667 0.102667 0.106000
2 0.753667 0.149667 0.224667 0.187333
2 0.866667 0.181667 0.062667 0.071333
2 0.895000 0.282333 0.088667 0.083333
2 0.708333 0.270333 0.098000 0.079333
2 0.594667 0.239333 0.101333 0.122667
2 0.455667 0.232667 0.182000 0.166667
2 0.461333 0.358000 0.104000 0.093333
2 0.461333 0.445000 0.093333 0.088667
3 0.379000 0.379000 0.048667 0.054000
2 0.576000 0.375667 0.133333 0.150000
2 0.705000 0.382333 0.139333 0.155333
2 0.839333 0.387000 0.133333 0.179333
2 0.839000 0.535000 0.090000 0.094000
2 0.704000 0.612333 0.093333 0.087333
2 0.707667 0.513000 0.130000 0.108667
2 0.594333 0.498333 0.090000 0.074000
2 0.589667 0.597333 0.075333 0.064000
2 0.469667 0.590333 0.123333 0.150000
2 0.346667 0.459000 0.089333 0.080667
2 0.249333 0.452000 0.108000 0.102667
2 0.185333 0.543000 0.166667 0.154000
2 0.062333 0.545000 0.112667 0.114000
2 0.157333 0.710333 0.200000 0.180667
2 0.139000 0.831667 0.104667 0.087333
2 0.283333 0.811333 0.134667 0.138667
2 0.289667 0.694667 0.080667 0.069333
3 0.412333 0.704667 0.096667 0.088000
2 0.550000 0.703333 0.137333 0.138667
2 0.337667 0.574667 0.143333 0.160000
2 0.503333 0.829667 0.197333 0.178000
2 0.659000 0.842000 0.116667 0.122667
2 0.675667 0.733667 0.088667 0.094000
2 0.798000 0.736333 0.161333 0.183333
2 0.915333 0.764333 0.062667 0.078000
2 0.891667 0.876333 0.187333 0.184667
2 0.753333 0.870667 0.066667 0.076000
2 0.173333 0.066667 0.134667 0.132000
3 0.153333 0.424667 0.061333 0.054667
2 0.054000 0.402333 0.104000 0.143333
2 0.353333 0.197667 0.064000 0.070000
2 0.333667 0.930667 0.139333 0.138667
2 0.704333 0.963000 0.146000 0.074000
3 0.897000 0.069000 0.148667 0.136667
2 0.947333 0.400667 0.105333 0.162667
2 0.940333 0.568333 0.119333 0.179333
2 0.474333 0.940333 0.152667 0.119333
2 0.168000 0.944333 0.164000 0.111333
2 0.047667 0.825333 0.094000 0.138667
2 0.045667 0.675000 0.090000 0.146000
2 0.714000 0.964667 0.114667 0.070667
2 0.740333 0.038667 0.127333 0.076000
