2 0.095333 0.149667 0.133333 0.143333
2 0.282667 0.067000 0.084000 0.122000
2 0.137333 0.260667 0.134667 0.104000
2 0.098667 0.344667 0.106667 0.094667
2 0.207667 0.355333 0.119333 0.104000
2 0.185000 0.184000 0.079333 0.164000
2 0.260333 0.199000 0.080667 0.152667
2 0.371667 0.069000 0.088667 0.120667
2 0.476333 0.075333 0.126000 0.128000
2 0.614000 0.108667 0.101333 0.120000
2 0.704000 0.107333 0.073333 0.097333
2 0.789667 0.125333 0.091333 0.105333
2 0.886333 0.130000 0.110000 0.134667
2 0.319333 0.191667 0.068000 0.118000
2 0.393667 0.197667 0.091333 0.139333
2 0.482000 0.200667 0.085333 0.130667
2 0.573667 0.220000 0.107333 0.158667
2 0.707667 0.221333 0.124667 0.133333
2 0.803000 0.221333 0.082000 0.102667
2 0.931333 0.242000 0.110667 0.086667
2 0.088333 0.451000 0.122000 0.143333
3 0.182000 0.442667 0.060000 0.070667
2 0.266667 0.451000 0.168000 0.159333
2 0.375667 0.366333 0.163333 0.128667
2 0.454667 0.310667 0.130667 0.132000
2 0.548000 0.316333 0.077333 0.087333
2 0.563333 0.383667 0.141333 0.142000
2 0.684000 0.403667 0.110667 0.151333
2 0.705000 0.332333 0.080667 0.091333
2 0.801333 0.342667 0.134667 0.162667
2 0.934667 0.330000 0.121333 0.098667
2 0.892333 0.439000 0.152667 0.147333
2 0.786000 0.510000 0.157333 0.138667
2 0.607667 0.488000 0.099333 0.094667
2 0.523000 0.467000 0.086000 0.091333
2 0.418000 0.457333 0.126667 0.130667
2 0.045000 0.612667 0.086000 0.094667
2 0.108333 0.627333 0.068667 0.090667
2 0.083333 0.709333 0.090667 0.093333
2 0.192333 0.633000 0.111333 0.098000
2 0.184667 0.720000 0.101333 0.092000
2 0.287667 0.575333 0.179333 0.133333
2 0.435000 0.579000 0.115333 0.126000
2 0.518000 0.580000 0.104000 0.129333
2 0.627667 0.583000 0.123333 0.140667
2 0.671667 0.631667 0.080667 0.082000
2 0.795667 0.631667 0.190000 0.135333
2 0.789000 0.711000 0.076667 0.087333
2 0.910333 0.726667 0.127333 0.097333
2 0.920333 0.825333 0.114000 0.102667
2 0.707000 0.790667 0.123333 0.122667
2 0.797333 0.805667 0.060000 0.083333
2 0.650667 0.697333 0.080000 0.069333
2 0.543000 0.680333 0.143333 0.082000
2 0.566667 0.779667 0.154667 0.124667
2 0.404667 0.681000 0.161333 0.122000
2 0.410333 0.772000 0.116667 0.121333
2 0.306333 0.739000 0.119333 0.150000
2 0.410667 0.824667 0.045333 0.052000
3 0.219333 0.906000 0.042667 0.064000
0 0.111333 0.868333 0.164000 0.188667
0 0.658000 0.946333 0.058667 0.064667
0 0.744333 0.907667 0.100667 0.092667
0 0.590333 0.902333 0.076667 0.088667
0 0.360333 0.894667 0.082000 0.080000
0 0.424000 0.912333 0.074667 0.086000
0 0.503333 0.905667 0.097333 0.116667
0 0.321000 0.965667 0.076667 0.068667
0 0.555000 0.966333 0.094000 0.067333
0 0.663333 0.863667 0.084000 0.076667
0 0.867333 0.907000 0.129333 0.132667
0 0.955667 0.940667 0.088667 0.100000
2 0.945000 0.549667 0.110000 0.094000
2 0.185000 0.055000 0.119333 0.108667
2 0.585667 0.035667 0.114000 0.070000
