0 0.199000 0.828667 0.135333 0.144000
0 0.432667 0.730667 0.090667 0.085333
0 0.693333 0.348000 0.184000 0.144000
0 0.509667 0.623333 0.139333 0.142667
0 0.651000 0.598333 0.162000 0.179333
0 0.371333 0.278667 0.085333 0.093333
0 0.578000 0.230000 0.165333 0.185333
0 0.694667 0.191667 0.125333 0.132667
0 0.840333 0.289667 0.168667 0.160667
0 0.920333 0.460000 0.159333 0.158667
0 0.426000 0.355333 0.056000 0.065333
0 0.328667 0.722667 0.116000 0.141333
0 0.358000 0.822667 0.085333 0.088000
0 0.238333 0.732000 0.076667 0.105333
0 0.499000 0.472333 0.180667 0.164667
0 0.542667 0.841333 0.101333 0.114667
0 0.630000 0.811333 0.170667 0.220000
0 0.794000 0.880000 0.166667 0.168000
0 0.224333 0.956667 0.094000 0.086667
0 0.414333 0.924333 0.068667 0.071333
0 0.047000 0.664333 0.084667 0.099333
0 0.096000 0.707667 0.068000 0.066000
0 0.172000 0.273667 0.097333 0.088667
0 0.804000 0.723333 0.146667 0.140000
0 0.918667 0.723000 0.162667 0.160667
0 0.338333 0.927667 0.066000 0.055333
0 0.650667 0.951000 0.153333 0.098000
0 0.210667 0.538333 0.056000 0.059333
0 0.227333 0.605333 0.086667 0.078667
0 0.291333 0.520333 0.086667 0.090000
