2 0.452000 0.077333 0.174667 0.142667
2 0.773000 0.084667 0.180667 0.165333
2 0.666000 0.174667 0.153333 0.196000
2 0.552667 0.213333 0.101333 0.137333
2 0.459667 0.196333 0.115333 0.139333
2 0.337333 0.163000 0.162667 0.172667
2 0.148000 0.246000 0.205333 0.169333
2 0.368000 0.306667 0.132000 0.129333
2 0.473667 0.335000 0.112667 0.147333
2 0.594333 0.360000 0.151333 0.161333
2 0.535333 0.465667 0.228000 0.134000
2 0.317333 0.400333 0.189333 0.183333
2 0.165333 0.394000 0.145333 0.137333
1 0.147000 0.518333 0.120667 0.122000
1 0.263333 0.542000 0.128000 0.136000
2 0.373667 0.551000 0.118000 0.138000
2 0.498333 0.566333 0.148667 0.120667
2 0.472333 0.695333 0.151333 0.162667
2 0.343333 0.675333 0.129333 0.128000
1 0.223667 0.647000 0.143333 0.123333
2 0.102333 0.661333 0.119333 0.174667
1 0.213333 0.768333 0.166667 0.144667
1 0.369333 0.788667 0.193333 0.134667
1 0.237333 0.910000 0.160000 0.169333
1 0.389000 0.924667 0.176667 0.145333
2 0.193667 0.080667 0.119333 0.160000
2 0.303333 0.045333 0.098667 0.089333
0 0.829667 0.829333 0.162000 0.141333
0 0.844000 0.946667 0.166667 0.106667
2 0.056000 0.375000 0.110667 0.143333
2 0.047000 0.504333 0.092667 0.144667
2 0.064333 0.804667 0.127333 0.170667
2 0.087333 0.936000 0.173333 0.126667
2 0.102333 0.045667 0.091333 0.090000
