2 0.857667 0.574667 0.206000 0.218667
2 0.630667 0.647000 0.068000 0.059333
2 0.533333 0.640667 0.054667 0.050667
3 0.321000 0.619000 0.084667 0.084667
2 0.214000 0.606000 0.112000 0.102667
3 0.059000 0.715000 0.108667 0.120667
2 0.060000 0.939333 0.101333 0.097333
3 0.422667 0.827667 0.064000 0.110000
3 0.521333 0.840000 0.128000 0.132000
3 0.535667 0.940667 0.088667 0.094667
2 0.739000 0.817667 0.171333 0.184667
2 0.753333 0.933667 0.136000 0.075333
2 0.866667 0.864333 0.112000 0.160667
2 0.953667 0.821333 0.080667 0.102667
2 0.350333 0.504333 0.115333 0.086000
2 0.455333 0.522667 0.065333 0.066667
2 0.466667 0.431667 0.070667 0.076667
3 0.560000 0.439333 0.098667 0.102667
2 0.635333 0.457333 0.056000 0.066667
2 0.604000 0.542667 0.104000 0.098667
2 0.680333 0.324000 0.046000 0.049333
2 0.693333 0.410000 0.104000 0.102667
2 0.736667 0.475333 0.105333 0.097333
2 0.700000 0.548667 0.098667 0.100000
2 0.774333 0.321333 0.106000 0.110667
2 0.818000 0.219667 0.096000 0.088667
2 0.855667 0.138333 0.128667 0.118000
2 0.952000 0.178667 0.077333 0.098667
2 0.696000 0.110000 0.137333 0.189333
2 0.602000 0.109333 0.108000 0.154667
3 0.589000 0.223333 0.090000 0.096000
2 0.523333 0.213000 0.068000 0.072667
2 0.494333 0.305333 0.146000 0.098667
2 0.450000 0.199000 0.078667 0.099333
2 0.491000 0.099667 0.124667 0.148667
2 0.390333 0.095667 0.092667 0.146000
2 0.284667 0.092667 0.124000 0.176000
2 0.178333 0.067667 0.111333 0.107333
2 0.181333 0.178000 0.138667 0.174667
3 0.083333 0.151667 0.085333 0.094000
2 0.079000 0.263667 0.118000 0.095333
2 0.288000 0.269667 0.066667 0.078000
2 0.344333 0.371000 0.110000 0.114000
2 0.240000 0.348333 0.101333 0.110000
2 0.191000 0.408667 0.108667 0.086667
2 0.092333 0.469333 0.170000 0.168000
2 0.626333 0.945333 0.098000 0.109333
0 0.232667 0.519333 0.068000 0.080000
0 0.390667 0.611667 0.064000 0.082000
0 0.431000 0.627667 0.027333 0.034000
0 0.498667 0.746000 0.041333 0.038667
0 0.754000 0.694333 0.070667 0.075333
0 0.264667 0.836667 0.360000 0.326667
2 0.868333 0.316333 0.104667 0.103333
2 0.963333 0.341333 0.070667 0.161333
