0 0.108000 0.099333 0.129333 0.116000
0 0.183667 0.225667 0.066000 0.092667
0 0.285333 0.256333 0.141333 0.162000
0 0.377333 0.145000 0.229333 0.184667
0 0.584667 0.210333 0.129333 0.110000
0 0.520667 0.330333 0.168000 0.163333
0 0.682667 0.266667 0.174667 0.164000
0 0.474333 0.444333 0.127333 0.123333
0 0.605667 0.116000 0.123333 0.129333
0 0.768667 0.105667 0.180000 0.206000
0 0.831000 0.221667 0.143333 0.111333
0 0.829667 0.358667 0.212667 0.173333
0 0.628667 0.407333 0.166667 0.129333
0 0.409333 0.596000 0.157333 0.165333
0 0.680000 0.722000 0.186667 0.209333
0 0.545667 0.734333 0.122000 0.187333
0 0.406000 0.738000 0.165333 0.181333
0 0.284000 0.746333 0.122667 0.152667
0 0.173667 0.738333 0.123333 0.131333
0 0.057000 0.676000 0.112667 0.172000
0 0.090000 0.617333 0.094667 0.092000
0 0.249000 0.615000 0.147333 0.123333
0 0.537667 0.535667 0.142000 0.164667
0 0.677667 0.515333 0.158000 0.165333
0 0.776333 0.618000 0.104667 0.146667
0 0.909333 0.608333 0.181333 0.167333
0 0.055000 0.527000 0.108667 0.087333
0 0.170667 0.514000 0.153333 0.173333
0 0.351333 0.479000 0.205333 0.198000
0 0.916000 0.457000 0.168000 0.136667
