2 0.117667 0.275333 0.086000 0.105333
2 0.091667 0.153667 0.076667 0.120667
2 0.165333 0.165000 0.073333 0.102000
2 0.243667 0.159333 0.106000 0.126667
2 0.315333 0.065000 0.121333 0.126000
2 0.365000 0.193667 0.115333 0.116667
3 0.338667 0.303000 0.104000 0.114000
2 0.266667 0.403333 0.124000 0.138667
2 0.155000 0.403000 0.075333 0.083333
2 0.212333 0.292000 0.115333 0.130667
2 0.452000 0.090667 0.108000 0.166667
2 0.519000 0.225667 0.080667 0.119333
2 0.638667 0.109667 0.181333 0.218000
2 0.895667 0.119000 0.148667 0.142000
2 0.784667 0.252667 0.193333 0.140000
3 0.928333 0.265667 0.108667 0.103333
2 0.904333 0.377667 0.123333 0.115333
3 0.797000 0.370000 0.079333 0.072000
3 0.720000 0.464333 0.094667 0.080667
2 0.750667 0.589667 0.086667 0.084667
3 0.941000 0.760000 0.114000 0.108000
2 0.933667 0.868667 0.132667 0.125333
2 0.742333 0.861333 0.111333 0.097333
3 0.711667 0.749667 0.142000 0.140667
3 0.607000 0.721333 0.054000 0.066667
2 0.604333 0.847667 0.120667 0.150000
3 0.291333 0.935000 0.158667 0.130000
2 0.081333 0.926667 0.068000 0.142667
3 0.157000 0.911667 0.112667 0.147333
3 0.195000 0.795333 0.111333 0.134667
2 0.310000 0.791333 0.129333 0.160000
2 0.110333 0.665667 0.055333 0.070000
2 0.041000 0.511000 0.058000 0.076667
3 0.366333 0.559000 0.103333 0.123333
2 0.495333 0.559333 0.156000 0.157333
2 0.493000 0.418667 0.138000 0.136000
2 0.497000 0.736667 0.139333 0.148000
0 0.708667 0.368667 0.048000 0.056000
2 0.047667 0.292333 0.094000 0.178000
3 0.051000 0.885000 0.100667 0.198000
