2 0.916667 0.420667 0.142667 0.140000
2 0.836333 0.506667 0.115333 0.098667
2 0.941000 0.546333 0.103333 0.116667
2 0.773667 0.546333 0.120667 0.116667
2 0.727667 0.610667 0.120667 0.098667
2 0.866333 0.624000 0.150000 0.130667
2 0.633333 0.665667 0.109333 0.130000
2 0.564000 0.768667 0.154667 0.197333
2 0.768667 0.758000 0.189333 0.209333
2 0.889667 0.842000 0.119333 0.110667
2 0.925000 0.756333 0.143333 0.148667
2 0.494000 0.879667 0.100000 0.119333
2 0.821667 0.898333 0.108667 0.098000
2 0.714667 0.881667 0.108000 0.090000
2 0.643000 0.926667 0.118000 0.125333
0 0.025000 0.557667 0.048667 0.060667
0 0.093667 0.545000 0.086000 0.079333
0 0.147000 0.478333 0.076667 0.079333
0 0.203000 0.424667 0.078000 0.082667
0 0.127000 0.396000 0.086000 0.100000
0 0.277667 0.314333 0.046000 0.047333
0 0.343333 0.235333 0.105333 0.121333
0 0.414333 0.158000 0.130000 0.144000
0 0.316667 0.104000 0.066667 0.074667
0 0.204333 0.324333 0.068667 0.086000
0 0.472667 0.037333 0.090667 0.073333
0 0.176333 0.079667 0.076667 0.084667
0 0.143333 0.210667 0.074667 0.096000
0 0.074667 0.227000 0.100000 0.092667
0 0.240000 0.174333 0.116000 0.092667
0 0.055333 0.473667 0.109333 0.096667
0 0.062333 0.397000 0.060667 0.056667
0 0.077000 0.324333 0.038000 0.067333
0 0.054667 0.602000 0.060000 0.054667
2 0.401333 0.914667 0.168000 0.170667
0 0.083000 0.112333 0.086000 0.079333
0 0.518000 0.083333 0.072000 0.080000
0 0.212667 0.260000 0.056000 0.052000
0 0.137667 0.331000 0.034000 0.031333
2 0.953667 0.906667 0.092667 0.101333
