2 0.092333 0.208667 0.122000 0.113333
2 0.242667 0.236333 0.133333 0.116667
3 0.369333 0.246333 0.065333 0.058000
2 0.544667 0.194000 0.060000 0.062667
2 0.782000 0.331667 0.106667 0.098000
3 0.747000 0.437000 0.054000 0.054000
2 0.638333 0.303333 0.052667 0.058667
2 0.621000 0.405667 0.054000 0.047333
3 0.504000 0.405000 0.092000 0.078000
3 0.398000 0.473667 0.081333 0.082000
3 0.492333 0.492333 0.075333 0.080667
3 0.634000 0.518667 0.064000 0.066667
2 0.750333 0.662333 0.099333 0.102000
2 0.325000 0.594333 0.120667 0.118000
2 0.217333 0.565667 0.089333 0.099333
2 0.130667 0.579667 0.073333 0.088667
2 0.049333 0.552333 0.084000 0.090000
2 0.146333 0.520000 0.052667 0.041333
2 0.326333 0.860000 0.170000 0.138667
2 0.216667 0.708667 0.062667 0.077333
2 0.391000 0.713667 0.050000 0.043333
1 0.790000 0.817000 0.056000 0.058000
2 0.148667 0.917333 0.168000 0.164000
0 0.217000 0.083667 0.047333 0.048667
0 0.253333 0.109667 0.041333 0.035333
0 0.432333 0.194333 0.036667 0.051333
0 0.559000 0.312667 0.096667 0.102667
0 0.672667 0.040667 0.078667 0.066667
0 0.810333 0.070000 0.122000 0.129333
0 0.544667 0.054333 0.044000 0.038000
0 0.541333 0.665000 0.105333 0.103333
0 0.449667 0.833000 0.079333 0.091333
0 0.525333 0.823000 0.080000 0.067333
0 0.531333 0.888333 0.057333 0.068667
0 0.386000 0.655000 0.048000 0.043333
0 0.642667 0.588333 0.066667 0.067333
0 0.681000 0.945000 0.090000 0.110000
0 0.608667 0.946333 0.096000 0.100667
0 0.135667 0.713333 0.099333 0.108000
0 0.513333 0.754333 0.113333 0.074000
0 0.266333 0.649667 0.067333 0.070000
0 0.624000 0.197000 0.101333 0.104667
0 0.850000 0.798333 0.056000 0.088667
0 0.800000 0.888000 0.138667 0.092000
0 0.904667 0.443333 0.112000 0.116000
0 0.788333 0.182000 0.095333 0.090667
0 0.893333 0.211333 0.034667 0.038667
0 0.939000 0.171667 0.034000 0.042000
0 0.715000 0.283333 0.068667 0.073333
0 0.489000 0.265333 0.083333 0.061333
0 0.419000 0.276667 0.047333 0.034667
0 0.201333 0.773667 0.064000 0.062000
0 0.274000 0.767333 0.104000 0.058667
0 0.283333 0.715333 0.078667 0.060000
0 0.710000 0.189333 0.066667 0.049333
2 0.298667 0.955667 0.145333 0.088667
