0 0.332667 0.345333 0.084000 0.076000
0 0.264333 0.411333 0.126000 0.121333
0 0.357667 0.453000 0.075333 0.082000
0 0.453000 0.487333 0.116667 0.144000
0 0.536000 0.559333 0.053333 0.082667
0 0.324333 0.175667 0.059333 0.051333
0 0.251667 0.196000 0.086000 0.092000
0 0.155000 0.266333 0.047333 0.060667
0 0.425000 0.135667 0.184667 0.174000
0 0.588333 0.066667 0.108667 0.085333
0 0.682333 0.682333 0.212667 0.170000
0 0.816667 0.585333 0.186667 0.206667
0 0.927000 0.618000 0.047333 0.060000
0 0.891333 0.465667 0.216000 0.186000
0 0.083667 0.201333 0.062000 0.068000
0 0.164667 0.748667 0.110667 0.084000
0 0.845333 0.810000 0.154667 0.126667
