2 0.154333 0.911333 0.186000 0.165333
1 0.300333 0.929000 0.130000 0.115333
2 0.181000 0.772000 0.170000 0.140000
1 0.314333 0.772000 0.116667 0.126667
1 0.223333 0.641667 0.137333 0.162000
1 0.431000 0.808333 0.294000 0.318000
2 0.685000 0.834667 0.211333 0.212000
2 0.825333 0.775667 0.089333 0.096667
2 0.700333 0.685667 0.163333 0.119333
1 0.882333 0.640667 0.194000 0.185333
1 0.874667 0.498667 0.201333 0.132000
1 0.906667 0.359333 0.140000 0.133333
1 0.759667 0.310333 0.246000 0.224667
2 0.677000 0.102667 0.178000 0.190667
2 0.794333 0.100667 0.076667 0.102667
2 0.918333 0.100000 0.163333 0.198667
2 0.453000 0.104333 0.286000 0.206000
1 0.511667 0.252000 0.224667 0.158667
1 0.628000 0.415333 0.202667 0.188000
2 0.598667 0.571000 0.133333 0.151333
2 0.451333 0.654333 0.096000 0.082000
1 0.458667 0.514000 0.136000 0.162667
1 0.333000 0.568667 0.179333 0.241333
1 0.087333 0.595667 0.170667 0.187333
1 0.116000 0.351333 0.166667 0.185333
1 0.278333 0.392333 0.208667 0.230000
1 0.163667 0.234000 0.120667 0.117333
1 0.276333 0.198667 0.184667 0.193333
1 0.190667 0.099000 0.130667 0.114000
1 0.725333 0.548667 0.138667 0.162667
1 0.462333 0.366333 0.140667 0.151333
0 0.890000 0.247333 0.092000 0.081333
2 0.073000 0.086000 0.144667 0.170667
