0 0.420667 0.680000 0.198667 0.209333
0 0.197000 0.772333 0.142000 0.152667
0 0.443000 0.839000 0.067333 0.075333
0 0.332333 0.259667 0.128667 0.139333
0 0.503000 0.070000 0.090000 0.082667
0 0.840667 0.954333 0.074667 0.091333
0 0.312667 0.899000 0.078667 0.084667
0 0.091000 0.048000 0.119333 0.092000
0 0.070000 0.394333 0.138667 0.259333
0 0.195333 0.418333 0.208000 0.191333
0 0.172667 0.223000 0.245333 0.199333
0 0.359333 0.384000 0.121333 0.112000
0 0.061333 0.791333 0.110667 0.112000
0 0.075000 0.902333 0.095333 0.096667
0 0.115667 0.957000 0.076667 0.086000
0 0.198000 0.936333 0.086667 0.127333
0 0.430667 0.112333 0.100000 0.091333
0 0.608000 0.345000 0.062667 0.050000
0 0.600333 0.279667 0.088667 0.082000
0 0.815000 0.832000 0.047333 0.045333
0 0.897667 0.762000 0.078000 0.066667
0 0.643000 0.790000 0.072667 0.058667
0 0.692000 0.333333 0.045333 0.040000
0 0.750333 0.838333 0.060667 0.056667
