0 0.836333 0.786667 0.127333 0.124000
0 0.689000 0.797000 0.104667 0.116667
0 0.648667 0.927667 0.108000 0.098000
0 0.686667 0.889000 0.078667 0.079333
0 0.802667 0.914667 0.185333 0.170667
0 0.537667 0.799667 0.136667 0.123333
0 0.607333 0.857000 0.069333 0.086000
0 0.460333 0.914667 0.211333 0.170667
0 0.407333 0.762333 0.126667 0.143333
0 0.298667 0.895667 0.136000 0.130000
0 0.154333 0.910000 0.130000 0.128000
0 0.486000 0.707333 0.089333 0.081333
0 0.550333 0.652000 0.107333 0.106667
0 0.662333 0.598667 0.122000 0.152000
0 0.777000 0.559667 0.215333 0.192667
0 0.794667 0.691333 0.092000 0.092000
0 0.832333 0.417000 0.100667 0.094000
0 0.661000 0.446333 0.128667 0.112667
0 0.576667 0.504667 0.141333 0.114667
0 0.454000 0.587667 0.145333 0.171333
0 0.321667 0.648667 0.127333 0.132000
0 0.263667 0.592667 0.091333 0.096000
0 0.221333 0.676333 0.076000 0.079333
0 0.081667 0.798333 0.162000 0.142000
0 0.073333 0.682000 0.145333 0.096000
0 0.178000 0.550667 0.113333 0.086667
0 0.208000 0.469333 0.120000 0.113333
0 0.470667 0.435000 0.116000 0.152667
0 0.291667 0.521667 0.084667 0.062000
0 0.519667 0.246000 0.143333 0.129333
0 0.635000 0.092000 0.130000 0.148000
0 0.775667 0.107667 0.171333 0.211333
0 0.936333 0.120333 0.127333 0.127333
0 0.869333 0.264667 0.133333 0.137333
0 0.703333 0.264667 0.094667 0.084000
0 0.614000 0.360333 0.088000 0.071333
0 0.518333 0.397000 0.103333 0.106000
0 0.329667 0.169333 0.196667 0.182667
0 0.481000 0.148333 0.091333 0.090000
0 0.248667 0.287000 0.077333 0.087333
0 0.322667 0.320333 0.092000 0.095333
0 0.122667 0.327667 0.210667 0.146000
0 0.084667 0.482000 0.132000 0.138667
0 0.227667 0.367333 0.078000 0.073333
0 0.361333 0.432000 0.104000 0.134667
0 0.354667 0.526333 0.060000 0.056667
0 0.586000 0.288667 0.074667 0.072000
0 0.415333 0.252667 0.070667 0.117333
0 0.223000 0.195667 0.112667 0.106000
0 0.182000 0.071000 0.094667 0.111333
0 0.318333 0.053000 0.087333 0.083333
0 0.702000 0.690667 0.085333 0.070667
0 0.571333 0.595333 0.089333 0.064000
0 0.292000 0.449667 0.080000 0.084667
0 0.067333 0.123667 0.133333 0.203333
0 0.095000 0.216333 0.098000 0.107333
0 0.913000 0.911000 0.174000 0.176667
