2 0.632000 0.903667 0.118667 0.148667
2 0.066000 0.806667 0.102667 0.106667
3 0.198667 0.706000 0.062667 0.077333
3 0.303333 0.731000 0.069333 0.080667
3 0.267333 0.605333 0.108000 0.109333
2 0.328333 0.529000 0.108667 0.118000
2 0.473000 0.543667 0.060667 0.080667
3 0.605333 0.553333 0.081333 0.105333
3 0.685333 0.396000 0.100000 0.102667
3 0.785000 0.408667 0.046000 0.044000
2 0.902000 0.260667 0.194667 0.193333
2 0.926667 0.102333 0.137333 0.123333
2 0.734333 0.103000 0.116667 0.116667
2 0.600000 0.099667 0.124000 0.128667
2 0.089667 0.490000 0.139333 0.129333
3 0.073667 0.351000 0.120667 0.123333
2 0.083000 0.202667 0.116667 0.134667
3 0.140333 0.145333 0.115333 0.129333
2 0.184667 0.055333 0.098667 0.106667
3 0.271333 0.189333 0.130667 0.156000
2 0.438000 0.353667 0.097333 0.084667
2 0.310333 0.368667 0.119333 0.133333
2 0.462667 0.235000 0.093333 0.124667
0 0.299000 0.940000 0.066000 0.084000
0 0.637333 0.766667 0.102667 0.093333
0 0.809667 0.663333 0.086000 0.072000
0 0.369667 0.605000 0.058000 0.062000
0 0.444667 0.627333 0.080000 0.084000
0 0.048667 0.602333 0.045333 0.051333
2 0.478667 0.962333 0.080000 0.075333
0 0.598000 0.249667 0.078667 0.068667
0 0.661333 0.242000 0.044000 0.054667
2 0.302667 0.056667 0.142667 0.110667
