2 0.237000 0.083667 0.158000 0.150000
2 0.198667 0.188667 0.118667 0.090667
2 0.097333 0.278000 0.178667 0.164000
2 0.230667 0.288667 0.073333 0.068000
2 0.367667 0.090000 0.147333 0.160000
2 0.366333 0.225333 0.116667 0.120000
2 0.459667 0.239333 0.115333 0.138667
2 0.523667 0.108667 0.210000 0.192000
2 0.927333 0.117000 0.138667 0.230000
2 0.689000 0.301667 0.110000 0.122000
2 0.566000 0.272000 0.125333 0.140000
2 0.498667 0.361000 0.170667 0.151333
2 0.630667 0.380333 0.137333 0.120667
2 0.313000 0.343333 0.186000 0.144000
2 0.389667 0.458000 0.127333 0.140000
2 0.228333 0.434333 0.152667 0.154000
2 0.095333 0.442333 0.174667 0.180667
2 0.513000 0.492000 0.122000 0.158667
2 0.641333 0.508000 0.133333 0.154667
2 0.787667 0.501000 0.179333 0.251333
2 0.937667 0.524667 0.123333 0.126667
2 0.921333 0.656000 0.102667 0.133333
2 0.803667 0.662000 0.111333 0.101333
2 0.572667 0.652667 0.236000 0.204000
2 0.558333 0.770000 0.071333 0.069333
2 0.468667 0.747667 0.100000 0.119333
2 0.368000 0.721667 0.109333 0.120667
2 0.257000 0.727000 0.187333 0.144667
2 0.212667 0.576667 0.168000 0.144000
2 0.075000 0.575333 0.140667 0.128000
2 0.154333 0.885333 0.146000 0.169333
2 0.250000 0.859000 0.093333 0.152667
2 0.380667 0.881000 0.206667 0.227333
2 0.579333 0.901000 0.134667 0.148667
2 0.685333 0.792333 0.158667 0.180667
2 0.815333 0.793000 0.160000 0.218000
2 0.724333 0.930667 0.144667 0.138667
2 0.943333 0.811333 0.113333 0.202667
2 0.949667 0.947000 0.100667 0.099333
2 0.811333 0.088000 0.156000 0.174667
0 0.406333 0.531667 0.082000 0.091333
0 0.681667 0.188667 0.082000 0.094667
0 0.739333 0.216667 0.086667 0.089333
0 0.757333 0.316000 0.106667 0.108000
2 0.075333 0.836333 0.149333 0.174000
2 0.073333 0.714000 0.145333 0.152000
