2 0.146000 0.142000 0.168000 0.166667
2 0.313667 0.132333 0.146000 0.167333
2 0.454333 0.162000 0.146000 0.206667
2 0.738000 0.067333 0.061333 0.066667
2 0.821333 0.176667 0.128000 0.108000
1 0.687667 0.185000 0.148667 0.106000
2 0.228000 0.279000 0.093333 0.120667
2 0.117667 0.412667 0.183333 0.164000
2 0.259000 0.405000 0.080667 0.082000
2 0.177000 0.556667 0.175333 0.137333
2 0.252333 0.675000 0.147333 0.184667
2 0.070667 0.800333 0.134667 0.170000
2 0.394000 0.711333 0.136000 0.125333
2 0.318000 0.818333 0.154667 0.150000
2 0.209000 0.912667 0.160667 0.166667
2 0.463333 0.838333 0.136000 0.154000
2 0.584667 0.851667 0.101333 0.119333
2 0.697667 0.886000 0.180667 0.160000
2 0.908667 0.900667 0.182667 0.164000
1 0.829000 0.735667 0.151333 0.190000
2 0.671333 0.713667 0.197333 0.207333
2 0.514000 0.694000 0.132000 0.140000
2 0.341667 0.467000 0.076667 0.075333
2 0.417333 0.580667 0.213333 0.169333
2 0.599333 0.555667 0.149333 0.147333
2 0.468000 0.430333 0.170667 0.154000
2 0.598000 0.408667 0.102667 0.128000
2 0.708333 0.475667 0.168667 0.183333
2 0.835000 0.501667 0.151333 0.152667
2 0.859000 0.323333 0.158000 0.181333
2 0.700000 0.309333 0.181333 0.162667
2 0.491000 0.283000 0.160667 0.146000
0 0.145667 0.665000 0.067333 0.067333
0 0.588333 0.188000 0.106000 0.098667
2 0.944667 0.734667 0.110667 0.157333
2 0.956333 0.473333 0.087333 0.138667
2 0.962000 0.334000 0.076000 0.146667
2 0.869667 0.065667 0.186000 0.130000
2 0.063000 0.564000 0.124667 0.194667
2 0.646667 0.061000 0.120000 0.120667
2 0.918000 0.610000 0.164000 0.133333
2 0.487333 0.053000 0.194667 0.104667
2 0.398667 0.934333 0.216000 0.131333
3 0.947333 0.199667 0.105333 0.148667
