0 0.214333 0.918667 0.216667 0.162667
0 0.771333 0.886333 0.245333 0.227333
0 0.774667 0.690333 0.194667 0.191333
0 0.851667 0.299333 0.296667 0.309333
0 0.615000 0.173000 0.140667 0.179333
0 0.501667 0.586667 0.248667 0.285333
0 0.374000 0.734333 0.230667 0.188667
0 0.140667 0.779667 0.185333 0.132667
0 0.788000 0.506000 0.164000 0.188000
0 0.627333 0.364000 0.142667 0.157333
0 0.505667 0.223000 0.198000 0.162000
0 0.402667 0.086333 0.248000 0.171333
0 0.155667 0.167333 0.243333 0.204000
0 0.052000 0.310667 0.102667 0.196000
0 0.845333 0.517667 0.226667 0.211333
0 0.681000 0.485000 0.086000 0.115333
0 0.793000 0.075333 0.164667 0.138667
0 0.386000 0.261000 0.089333 0.103333
0 0.295333 0.484667 0.589333 0.508000
