2 0.104667 0.184333 0.138667 0.174000
1 0.205667 0.196000 0.120667 0.166667
2 0.321000 0.228000 0.156667 0.158667
2 0.378000 0.091333 0.165333 0.181333
2 0.475667 0.120667 0.078000 0.137333
2 0.582667 0.139333 0.149333 0.241333
2 0.716000 0.183667 0.174667 0.183333
2 0.715333 0.315667 0.142667 0.108667
2 0.483333 0.284333 0.176000 0.184667
2 0.371333 0.369667 0.128000 0.119333
2 0.252333 0.349000 0.122000 0.142000
2 0.122333 0.327333 0.176667 0.162667
2 0.154667 0.474667 0.169333 0.132000
2 0.178667 0.575333 0.136000 0.108000
1 0.281667 0.480667 0.084667 0.102667
2 0.302667 0.581667 0.101333 0.092667
2 0.382667 0.490000 0.144000 0.160000
2 0.602667 0.415000 0.101333 0.082000
2 0.734667 0.426333 0.173333 0.187333
2 0.859667 0.468667 0.112667 0.138667
2 0.949667 0.482333 0.100667 0.122000
2 0.540333 0.504667 0.187333 0.208000
2 0.680667 0.566333 0.129333 0.128667
2 0.689333 0.775333 0.133333 0.108000
2 0.744000 0.677667 0.136000 0.123333
2 0.871667 0.700333 0.142000 0.122000
2 0.924333 0.606000 0.127333 0.136000
2 0.804000 0.592000 0.129333 0.113333
1 0.621000 0.665667 0.118000 0.130000
2 0.497000 0.654667 0.158000 0.150667
2 0.463333 0.738333 0.133333 0.115333
2 0.419333 0.856000 0.198667 0.164000
2 0.661333 0.893333 0.129333 0.141333
2 0.810000 0.924667 0.137333 0.134667
2 0.280333 0.722667 0.220667 0.220000
2 0.161000 0.823000 0.159333 0.151333
2 0.138333 0.937333 0.116667 0.106667
1 0.212333 0.079000 0.211333 0.156667
0 0.548000 0.842000 0.109333 0.152000
2 0.890333 0.351000 0.219333 0.162000
2 0.902333 0.209000 0.195333 0.156667
2 0.052000 0.461000 0.102667 0.166000
3 0.811667 0.798000 0.099333 0.093333
2 0.924333 0.815000 0.135333 0.139333
2 0.264000 0.931333 0.148000 0.125333
2 0.064333 0.782000 0.127333 0.194667
2 0.044000 0.932333 0.086667 0.135333
