2 0.898000 0.181667 0.141333 0.126000
2 0.892333 0.324667 0.175333 0.142667
2 0.934667 0.660333 0.101333 0.083333
2 0.932667 0.749667 0.122667 0.082000
2 0.922333 0.830333 0.143333 0.112667
2 0.905333 0.442667 0.189333 0.137333
2 0.904333 0.567667 0.191333 0.174000
0 0.031667 0.250333 0.058000 0.056667
0 0.083667 0.255667 0.054000 0.056667
0 0.023333 0.208000 0.033333 0.028000
0 0.120000 0.167333 0.101333 0.104000
0 0.166667 0.224333 0.114667 0.130000
0 0.216000 0.122333 0.082667 0.072667
0 0.265667 0.080333 0.096667 0.092667
0 0.268000 0.217000 0.132000 0.154000
0 0.366667 0.311000 0.078667 0.078000
0 0.029000 0.319667 0.056667 0.079333
0 0.080667 0.327333 0.086667 0.096000
0 0.038333 0.405667 0.071333 0.100667
0 0.193000 0.469000 0.135333 0.120667
0 0.251333 0.394000 0.097333 0.078667
0 0.328667 0.452333 0.094667 0.139333
0 0.273333 0.587000 0.156000 0.138000
0 0.064667 0.554667 0.080000 0.081333
0 0.094667 0.613333 0.065333 0.070667
0 0.148000 0.573667 0.066667 0.063333
0 0.036667 0.485333 0.056000 0.062667
0 0.110333 0.485667 0.088667 0.102000
0 0.137667 0.369333 0.074000 0.081333
0 0.081000 0.679000 0.066000 0.064667
0 0.057667 0.790000 0.100667 0.105333
0 0.418667 0.883333 0.218667 0.233333
0 0.479667 0.383000 0.098000 0.078000
0 0.389667 0.383333 0.083333 0.073333
0 0.387333 0.694333 0.082667 0.090000
0 0.450667 0.540000 0.230667 0.245333
0 0.503000 0.733667 0.182000 0.166000
0 0.192667 0.774333 0.078667 0.066000
0 0.147333 0.727667 0.090667 0.094000
0 0.166667 0.633667 0.076000 0.083333
0 0.241667 0.652000 0.120667 0.098667
0 0.236333 0.725000 0.108667 0.082000
0 0.326333 0.726000 0.102000 0.097333
0 0.322667 0.821000 0.153333 0.131333
0 0.154333 0.912333 0.068667 0.066000
0 0.435667 0.155667 0.298000 0.234000
0 0.487667 0.290333 0.166000 0.156667
0 0.232667 0.293000 0.093333 0.082000
0 0.269000 0.342333 0.099333 0.080667
0 0.201667 0.364667 0.059333 0.070667
2 0.931000 0.077667 0.135333 0.127333
