2 0.054333 0.095333 0.107333 0.160000
2 0.174333 0.111333 0.130000 0.138667
2 0.309333 0.115000 0.133333 0.179333
2 0.429000 0.126667 0.112667 0.133333
2 0.690333 0.183000 0.074000 0.087333
2 0.812333 0.164333 0.112667 0.114000
2 0.130333 0.236000 0.151333 0.170667
2 0.278000 0.258667 0.140000 0.136000
2 0.092333 0.368333 0.124667 0.127333
2 0.371000 0.389667 0.151333 0.151333
2 0.484667 0.236333 0.188000 0.200667
2 0.624000 0.264333 0.100000 0.130000
2 0.731000 0.288667 0.116667 0.140000
3 0.677667 0.426000 0.112667 0.109333
2 0.802000 0.434667 0.128000 0.137333
2 0.516000 0.395667 0.136000 0.120667
2 0.796000 0.576000 0.129333 0.134667
2 0.923667 0.572333 0.123333 0.114000
3 0.850667 0.695667 0.100000 0.092667
3 0.957000 0.847333 0.048667 0.069333
2 0.882000 0.922667 0.078667 0.072000
2 0.772333 0.910333 0.095333 0.086000
3 0.752000 0.802333 0.102667 0.118000
2 0.653667 0.897667 0.078000 0.075333
2 0.560333 0.887667 0.083333 0.083333
2 0.643667 0.794667 0.108667 0.125333
3 0.714000 0.673333 0.068000 0.076000
2 0.589333 0.662333 0.130667 0.118000
3 0.551333 0.750333 0.045333 0.058000
3 0.458333 0.756000 0.110000 0.122667
2 0.340667 0.888667 0.133333 0.162667
2 0.203333 0.865000 0.158667 0.131333
2 0.070000 0.856000 0.130667 0.128000
2 0.074333 0.749667 0.134000 0.102000
2 0.205667 0.752333 0.118000 0.110000
2 0.323000 0.757333 0.139333 0.138667
2 0.349333 0.648333 0.100000 0.110000
2 0.225667 0.620667 0.158000 0.168000
2 0.077667 0.622667 0.148667 0.158667
2 0.072000 0.481667 0.132000 0.112667
2 0.198333 0.501333 0.118000 0.137333
3 0.325667 0.510333 0.122000 0.116667
3 0.455000 0.521000 0.072667 0.080667
0 0.873667 0.840000 0.111333 0.086667
0 0.899000 0.397667 0.083333 0.088667
2 0.540333 0.049333 0.095333 0.097333
2 0.731667 0.071333 0.174000 0.141333
2 0.882000 0.059333 0.133333 0.117333
2 0.049667 0.951000 0.098000 0.098000
2 0.951667 0.720333 0.096667 0.143333
2 0.929333 0.310667 0.141333 0.154667
2 0.947667 0.180000 0.104667 0.117333
