2 0.070667 0.169000 0.140000 0.154000
2 0.220333 0.192000 0.080667 0.074667
2 0.150667 0.286000 0.094667 0.093333
2 0.275000 0.295333 0.140667 0.170667
2 0.185333 0.401000 0.100000 0.092667
2 0.396000 0.293000 0.098667 0.148667
2 0.496667 0.199000 0.164000 0.122000
2 0.490333 0.313333 0.143333 0.134667
2 0.655000 0.215667 0.180667 0.214000
3 0.791333 0.239667 0.104000 0.120667
2 0.794333 0.095000 0.182000 0.158000
2 0.578000 0.432333 0.168000 0.206000
2 0.421333 0.443667 0.169333 0.155333
2 0.123000 0.545667 0.114000 0.126000
2 0.253333 0.547000 0.166667 0.259333
2 0.389000 0.574000 0.151333 0.138667
2 0.152667 0.678667 0.165333 0.134667
2 0.040333 0.636000 0.076667 0.093333
2 0.362667 0.897000 0.170667 0.195333
2 0.341667 0.686667 0.120667 0.094667
3 0.457667 0.683667 0.060667 0.058000
2 0.597000 0.849000 0.154000 0.152667
2 0.855667 0.873000 0.082000 0.082000
2 0.748667 0.737000 0.190667 0.179333
2 0.710333 0.575667 0.194000 0.183333
2 0.864000 0.604000 0.154667 0.160000
2 0.917667 0.753333 0.147333 0.169333
2 0.787000 0.444000 0.178000 0.157333
2 0.930667 0.463000 0.134667 0.172667
2 0.944000 0.110333 0.112000 0.178000
0 0.736667 0.355667 0.108000 0.091333
0 0.823333 0.343333 0.085333 0.066667
0 0.600000 0.689000 0.150667 0.104667
0 0.711000 0.849667 0.087333 0.086000
0 0.530000 0.934667 0.080000 0.074667
2 0.169333 0.882333 0.216000 0.235333
2 0.042667 0.278667 0.084000 0.117333
2 0.638667 0.935333 0.190667 0.129333
3 0.767000 0.935333 0.136667 0.129333
2 0.954333 0.902333 0.091333 0.131333
2 0.934333 0.339000 0.131333 0.148667
3 0.071000 0.049667 0.140667 0.090000
