2 0.860667 0.778000 0.094667 0.100000
2 0.863333 0.861667 0.094667 0.075333
3 0.948000 0.870000 0.072000 0.074667
2 0.664333 0.772667 0.114000 0.100000
2 0.760667 0.847333 0.094667 0.064000
2 0.763333 0.754333 0.108000 0.119333
2 0.915333 0.684333 0.121333 0.123333
2 0.835333 0.661667 0.041333 0.044667
2 0.714667 0.683000 0.120000 0.112667
2 0.797000 0.604667 0.148667 0.141333
2 0.914000 0.541333 0.154667 0.142667
2 0.840333 0.424000 0.192667 0.197333
2 0.659667 0.563667 0.151333 0.151333
2 0.591667 0.670667 0.131333 0.140000
2 0.568000 0.780000 0.096000 0.137333
2 0.479333 0.766333 0.090667 0.107333
2 0.448667 0.844000 0.132000 0.096000
2 0.406333 0.758000 0.108667 0.126667
2 0.338333 0.810000 0.080667 0.100000
2 0.405667 0.657333 0.174000 0.144000
2 0.263000 0.624000 0.114000 0.100000
2 0.262667 0.737333 0.134667 0.157333
2 0.105667 0.754667 0.204667 0.205333
2 0.105333 0.625333 0.162667 0.092000
2 0.048667 0.509000 0.093333 0.114000
2 0.151333 0.514333 0.112000 0.114000
2 0.219333 0.463333 0.109333 0.104000
2 0.304667 0.505333 0.138667 0.154667
2 0.396000 0.525333 0.076000 0.120000
2 0.485667 0.390667 0.083333 0.117333
2 0.466000 0.534000 0.080000 0.136000
2 0.544000 0.525667 0.100000 0.152667
2 0.601333 0.389333 0.170667 0.180000
2 0.385333 0.392333 0.128000 0.114000
2 0.235333 0.369000 0.128000 0.092667
2 0.087333 0.368000 0.168000 0.170667
2 0.157667 0.218000 0.180667 0.168000
2 0.184333 0.130333 0.152667 0.148667
2 0.292333 0.062333 0.124667 0.120667
2 0.417667 0.244000 0.214000 0.176000
2 0.541000 0.163000 0.147333 0.142000
2 0.673000 0.247000 0.172667 0.171333
2 0.818000 0.279000 0.129333 0.118000
2 0.915333 0.310667 0.078667 0.124000
2 0.893667 0.192000 0.094000 0.089333
2 0.915333 0.069000 0.142667 0.126000
2 0.961667 0.426667 0.076667 0.141333
2 0.555333 0.052667 0.125333 0.104000
3 0.055667 0.044333 0.094000 0.087333
0 0.169667 0.036667 0.114000 0.072000
0 0.441667 0.059667 0.099333 0.083333
0 0.392333 0.129333 0.151333 0.105333
0 0.263667 0.882667 0.084667 0.080000
0 0.606667 0.880667 0.050667 0.046667
0 0.539000 0.848667 0.055333 0.056000
0 0.305667 0.958333 0.106000 0.083333
0 0.500000 0.916333 0.076000 0.072667
0 0.461333 0.961667 0.082667 0.076667
0 0.864333 0.901000 0.050000 0.034000
0 0.694667 0.933333 0.046667 0.052000
0 0.778000 0.888333 0.022667 0.023333
0 0.637000 0.909000 0.027333 0.030000
0 0.673667 0.907000 0.048667 0.058000
2 0.772333 0.069000 0.146000 0.136667
