0 0.089667 0.223333 0.050000 0.053333
0 0.409333 0.210000 0.149333 0.176000
0 0.400333 0.377333 0.127333 0.128000
0 0.100000 0.315000 0.153333 0.130000
0 0.288333 0.304000 0.132667 0.141333
0 0.180000 0.524333 0.066667 0.083333
0 0.202667 0.426333 0.112000 0.127333
0 0.234333 0.521333 0.050000 0.065333
0 0.288667 0.487333 0.078667 0.077333
0 0.319333 0.566000 0.086667 0.080000
0 0.281667 0.618000 0.044667 0.038667
0 0.357333 0.957333 0.058667 0.070667
0 0.738333 0.223000 0.184667 0.196667
0 0.643667 0.353000 0.143333 0.134000
0 0.661000 0.444667 0.070000 0.082667
0 0.637667 0.511667 0.068667 0.059333
0 0.654000 0.591667 0.066667 0.067333
0 0.344000 0.622000 0.065333 0.066667
0 0.283667 0.801000 0.070000 0.066000
0 0.309000 0.686000 0.079333 0.076000
0 0.531667 0.841000 0.119333 0.127333
0 0.396333 0.685333 0.095333 0.085333
0 0.454333 0.516000 0.095333 0.088000
0 0.457333 0.595333 0.094667 0.080000
0 0.883333 0.278333 0.105333 0.136667
0 0.746333 0.509667 0.086000 0.075333
0 0.643333 0.925667 0.170667 0.148667
0 0.759333 0.930000 0.061333 0.065333
0 0.823667 0.887667 0.144667 0.124667
0 0.570333 0.530667 0.063333 0.072000
0 0.558333 0.098667 0.242000 0.184000
0 0.568333 0.655667 0.078000 0.070000
0 0.597000 0.774333 0.110000 0.106000
0 0.767333 0.803667 0.142667 0.119333
0 0.841333 0.672000 0.174667 0.141333
0 0.703667 0.669333 0.122000 0.161333
0 0.836333 0.575333 0.118000 0.073333
0 0.114333 0.536333 0.067333 0.074000
0 0.124667 0.878667 0.245333 0.242667
0 0.420667 0.757667 0.094667 0.075333
0 0.417000 0.834333 0.126000 0.083333
0 0.388667 0.892333 0.113333 0.074000
