0 0.539333 0.594000 0.153333 0.153333
0 0.651333 0.566333 0.110667 0.138000
0 0.897000 0.617333 0.127333 0.145333
0 0.864000 0.747667 0.109333 0.092667
0 0.779333 0.833333 0.097333 0.102667
0 0.858000 0.903000 0.106667 0.086000
0 0.692333 0.867667 0.092667 0.116667
0 0.357667 0.704667 0.148667 0.141333
0 0.231000 0.736333 0.107333 0.134000
0 0.163000 0.657333 0.120667 0.116000
0 0.185000 0.518667 0.158000 0.156000
0 0.372667 0.443667 0.160000 0.138000
0 0.678333 0.339333 0.131333 0.121333
0 0.847000 0.368333 0.124667 0.139333
0 0.757000 0.351667 0.066000 0.090000
0 0.883333 0.167000 0.189333 0.158000
0 0.211667 0.228667 0.180667 0.262667
0 0.311333 0.315000 0.120000 0.152667
0 0.347000 0.194000 0.114000 0.110667
0 0.427667 0.334667 0.119333 0.148000
0 0.505667 0.277333 0.091333 0.098667
0 0.544000 0.387667 0.110667 0.127333
0 0.694000 0.215333 0.072000 0.065333
0 0.594667 0.061333 0.081333 0.081333
0 0.955333 0.281667 0.056000 0.078000
0 0.929667 0.821333 0.055333 0.069333
0 0.952667 0.762667 0.054667 0.054667
0 0.675333 0.733000 0.080000 0.096667
0 0.571000 0.927667 0.092667 0.111333
0 0.464333 0.916667 0.120667 0.084000
0 0.417667 0.833333 0.114000 0.094667
0 0.566667 0.793667 0.061333 0.070000
0 0.245333 0.875333 0.165333 0.192000
0 0.111000 0.831667 0.166000 0.176667
0 0.049000 0.735667 0.096667 0.116667
0 0.340000 0.524000 0.108000 0.100000
0 0.932667 0.906333 0.065333 0.078000
0 0.387000 0.088000 0.144667 0.097333
0 0.066000 0.382000 0.130667 0.148000
0 0.085000 0.111333 0.140667 0.166667
0 0.369000 0.902000 0.090000 0.060000
0 0.638000 0.438333 0.072000 0.076667
