2 0.127667 0.130000 0.215333 0.162667
2 0.217333 0.301000 0.192000 0.187333
2 0.346333 0.166333 0.186000 0.207333
2 0.493000 0.161667 0.154000 0.216667
1 0.615333 0.087333 0.104000 0.098667
2 0.755667 0.105333 0.143333 0.145333
2 0.905333 0.108667 0.170667 0.202667
2 0.719667 0.224667 0.148667 0.152000
2 0.609667 0.223333 0.112667 0.124000
2 0.423667 0.378000 0.220667 0.230667
2 0.273667 0.447667 0.198000 0.147333
2 0.187000 0.565667 0.155333 0.163333
2 0.582667 0.361000 0.156000 0.143333
2 0.345000 0.577333 0.119333 0.129333
2 0.532000 0.487333 0.240000 0.176000
2 0.740333 0.390667 0.171333 0.169333
3 0.699333 0.499667 0.089333 0.074000
2 0.872000 0.413000 0.229333 0.283333
2 0.839667 0.573333 0.144667 0.098667
2 0.926000 0.711667 0.148000 0.203333
2 0.770333 0.697000 0.180667 0.187333
2 0.778667 0.842000 0.202667 0.177333
2 0.689000 0.896000 0.179333 0.200000
2 0.555000 0.873333 0.116667 0.137333
1 0.439667 0.850667 0.103333 0.102667
1 0.304333 0.881667 0.190000 0.202000
2 0.182000 0.807000 0.181333 0.183333
2 0.073333 0.705000 0.098667 0.112667
2 0.195333 0.562667 0.166667 0.161333
2 0.381667 0.722333 0.151333 0.152667
2 0.465667 0.617667 0.150000 0.171333
2 0.635667 0.667000 0.186000 0.203333
2 0.166667 0.942000 0.152000 0.113333
0 0.488333 0.720667 0.106000 0.117333
2 0.069333 0.299333 0.137333 0.176000
2 0.296333 0.066000 0.135333 0.126667
2 0.916667 0.947333 0.164000 0.105333
2 0.063000 0.549667 0.112667 0.214000
2 0.047000 0.409000 0.092667 0.107333
