0 0.084667 0.039667 0.073333 0.068667
0 0.077667 0.094000 0.043333 0.040000
0 0.172667 0.059333 0.104000 0.113333
0 0.133333 0.137333 0.110667 0.096000
0 0.110000 0.219000 0.108000 0.094000
0 0.166667 0.301333 0.118667 0.106667
0 0.405000 0.110667 0.082000 0.085333
0 0.254333 0.809667 0.138000 0.143333
0 0.110333 0.795333 0.216667 0.254667
0 0.113333 0.618000 0.054667 0.056000
0 0.249667 0.576667 0.070000 0.082667
0 0.269667 0.474667 0.111333 0.120000
0 0.186667 0.517333 0.024000 0.028000
0 0.040333 0.556333 0.042000 0.042000
0 0.106667 0.539667 0.096000 0.111333
0 0.369333 0.231000 0.129333 0.124667
0 0.450667 0.212333 0.052000 0.046000
0 0.415333 0.182667 0.036000 0.026667
0 0.394333 0.166667 0.023333 0.026667
0 0.502000 0.125333 0.082667 0.098667
0 0.291667 0.100333 0.083333 0.096667
0 0.652333 0.093667 0.204667 0.186000
0 0.083333 0.411667 0.081333 0.107333
0 0.071000 0.285000 0.054000 0.046000
0 0.512333 0.214333 0.078000 0.048667
0 0.495667 0.288333 0.164667 0.095333
0 0.637667 0.286000 0.107333 0.090667
0 0.292000 0.397000 0.092000 0.058000
0 0.342333 0.434333 0.075333 0.059333
0 0.396667 0.599667 0.224000 0.220667
0 0.477333 0.414333 0.177333 0.154000
0 0.322667 0.179000 0.065333 0.060667
0 0.180667 0.388000 0.061333 0.053333
