2 0.148667 0.525667 0.052000 0.047333
2 0.068667 0.425333 0.133333 0.144000
3 0.182667 0.322000 0.094667 0.088000
2 0.259667 0.226000 0.056667 0.054667
2 0.090333 0.205000 0.143333 0.120667
2 0.114333 0.071333 0.080667 0.094667
0 0.384333 0.320333 0.030000 0.034000
0 0.290333 0.313333 0.126000 0.113333
0 0.725333 0.097333 0.077333 0.065333
0 0.748333 0.186333 0.088667 0.115333
0 0.880000 0.116000 0.140000 0.121333
0 0.839333 0.245000 0.128000 0.142000
0 0.935333 0.251667 0.066667 0.096667
0 0.632000 0.334333 0.085333 0.075333
0 0.691667 0.355000 0.051333 0.058000
0 0.516333 0.404333 0.088667 0.083333
0 0.514000 0.557000 0.036000 0.044667
0 0.649333 0.493000 0.080000 0.087333
0 0.763333 0.394333 0.128000 0.123333
0 0.635333 0.641667 0.185333 0.170000
0 0.770000 0.716000 0.086667 0.121333
0 0.780000 0.559333 0.180000 0.156000
0 0.269667 0.534667 0.083333 0.090667
0 0.204667 0.553667 0.066667 0.086000
0 0.164667 0.623333 0.084000 0.080000
0 0.879333 0.803000 0.114667 0.140667
0 0.735333 0.826667 0.140000 0.144000
0 0.819333 0.856667 0.060000 0.066667
0 0.295000 0.661333 0.080667 0.084000
2 0.348333 0.091667 0.148667 0.182000
2 0.197333 0.090667 0.161333 0.178667
0 0.941667 0.374333 0.116667 0.146000
0 0.934667 0.625333 0.130667 0.169333
0 0.883000 0.495333 0.184667 0.102667
0 0.605333 0.802667 0.096000 0.090667
0 0.636667 0.923333 0.173333 0.132000
0 0.531667 0.769667 0.099333 0.090000
0 0.536667 0.858667 0.097333 0.088000
0 0.418333 0.641667 0.118000 0.128667
0 0.441333 0.726333 0.144000 0.124667
0 0.449000 0.962667 0.138000 0.074667
