2 0.283333 0.110667 0.112000 0.098667
2 0.442333 0.091667 0.111333 0.115333
2 0.688333 0.110000 0.116667 0.130667
2 0.827000 0.126000 0.152667 0.178667
2 0.681333 0.224000 0.130667 0.146667
2 0.576333 0.211000 0.079333 0.115333
2 0.544333 0.293000 0.087333 0.084667
2 0.450667 0.284333 0.102667 0.107333
2 0.481667 0.199000 0.115333 0.111333
2 0.378333 0.218333 0.111333 0.155333
2 0.275667 0.207333 0.106000 0.153333
2 0.192333 0.200333 0.083333 0.119333
2 0.103667 0.180333 0.111333 0.159333
2 0.150667 0.282333 0.108000 0.075333
2 0.182000 0.368333 0.157333 0.127333
2 0.308333 0.381667 0.084667 0.107333
2 0.402333 0.379000 0.116667 0.126000
2 0.509000 0.395000 0.096667 0.119333
2 0.618000 0.393333 0.124000 0.164000
2 0.730667 0.419000 0.124000 0.126000
2 0.786000 0.298333 0.165333 0.151333
2 0.915333 0.418333 0.157333 0.152667
2 0.877333 0.542000 0.128000 0.138667
2 0.773000 0.531667 0.088667 0.087333
2 0.543333 0.500333 0.104000 0.106000
2 0.509667 0.590667 0.110000 0.089333
2 0.442333 0.499000 0.114000 0.103333
2 0.314667 0.477667 0.128000 0.110000
2 0.201667 0.472667 0.118000 0.141333
2 0.090333 0.464333 0.115333 0.150000
2 0.077000 0.576333 0.127333 0.087333
2 0.047000 0.637333 0.082000 0.070667
2 0.194000 0.583000 0.105333 0.098000
2 0.312667 0.575667 0.134667 0.119333
2 0.225667 0.674000 0.124667 0.113333
1 0.321667 0.676667 0.086000 0.130667
2 0.401667 0.666333 0.079333 0.148667
2 0.492667 0.690667 0.097333 0.136000
2 0.616667 0.598333 0.081333 0.071333
2 0.589333 0.692667 0.097333 0.204000
2 0.678333 0.725333 0.083333 0.161333
2 0.792000 0.721667 0.132000 0.187333
2 0.736333 0.606667 0.112667 0.137333
2 0.924333 0.650000 0.139333 0.101333
2 0.913333 0.741333 0.164000 0.118667
2 0.864000 0.862000 0.129333 0.165333
2 0.763667 0.874000 0.082000 0.141333
2 0.672333 0.879000 0.095333 0.151333
2 0.587000 0.866333 0.086000 0.131333
2 0.492333 0.855333 0.096667 0.173333
2 0.393667 0.837667 0.111333 0.180667
2 0.287667 0.826667 0.112667 0.166667
2 0.204667 0.818333 0.094667 0.127333
2 0.111333 0.788667 0.101333 0.162667
2 0.038000 0.792000 0.064000 0.097333
1 0.049000 0.889333 0.083333 0.092000
2 0.149333 0.924667 0.146667 0.134667
0 0.043333 0.081667 0.085333 0.106000
0 0.090333 0.105667 0.088667 0.058000
2 0.037000 0.241333 0.072667 0.157333
2 0.341333 0.944333 0.165333 0.111333
2 0.954000 0.873667 0.089333 0.167333
2 0.947667 0.185667 0.104667 0.160667
