2 0.084667 0.135333 0.129333 0.172000
2 0.216000 0.151667 0.138667 0.144667
2 0.350667 0.187333 0.097333 0.109333
2 0.468000 0.188667 0.078667 0.096000
2 0.598000 0.176000 0.164000 0.178667
2 0.726667 0.195667 0.137333 0.151333
2 0.698000 0.081000 0.069333 0.072667
2 0.873000 0.081667 0.194000 0.159333
2 0.859667 0.221667 0.140667 0.182000
2 0.743667 0.348333 0.214000 0.187333
2 0.562333 0.333667 0.182000 0.175333
2 0.407000 0.332333 0.128667 0.142000
2 0.262333 0.317667 0.179333 0.195333
2 0.109333 0.309667 0.160000 0.175333
1 0.214000 0.445667 0.196000 0.174000
2 0.357000 0.467667 0.120667 0.123333
2 0.069333 0.457333 0.132000 0.138667
2 0.177667 0.588333 0.174000 0.151333
2 0.083333 0.672667 0.054667 0.061333
2 0.198000 0.704000 0.066667 0.062667
2 0.286333 0.700333 0.123333 0.119333
2 0.320000 0.592000 0.128000 0.136000
2 0.462667 0.586667 0.157333 0.166667
2 0.378667 0.745000 0.202667 0.175333
2 0.238667 0.843000 0.134667 0.151333
2 0.370000 0.888333 0.161333 0.146000
3 0.105333 0.934000 0.125333 0.121333
2 0.572333 0.761333 0.243333 0.230667
2 0.577667 0.913333 0.251333 0.153333
2 0.744667 0.783000 0.132000 0.128667
2 0.869333 0.900000 0.196000 0.198667
2 0.889667 0.656000 0.139333 0.161333
2 0.751333 0.632333 0.178667 0.199333
2 0.607000 0.629000 0.164667 0.182000
2 0.626333 0.480333 0.143333 0.143333
2 0.769333 0.495667 0.106667 0.112667
2 0.902667 0.506667 0.190667 0.190667
2 0.868333 0.371000 0.086000 0.100667
2 0.453333 0.063667 0.184000 0.123333
2 0.220000 0.947333 0.149333 0.105333
2 0.300667 0.059000 0.141333 0.116667
