3 0.041000 0.053000 0.070000 0.075333
2 0.155667 0.065667 0.140667 0.116667
3 0.110000 0.165000 0.132000 0.131333
2 0.196000 0.308000 0.057333 0.048000
3 0.163333 0.382333 0.094667 0.096667
3 0.211000 0.468333 0.092667 0.078000
3 0.098333 0.454667 0.118000 0.108000
3 0.128667 0.546333 0.094667 0.086000
3 0.092333 0.642667 0.116667 0.106667
2 0.217333 0.675333 0.074667 0.074667
2 0.101333 0.762000 0.070667 0.070667
3 0.113000 0.852667 0.150000 0.106667
3 0.323000 0.756000 0.080667 0.094667
2 0.328667 0.672667 0.064000 0.066667
2 0.248667 0.756000 0.052000 0.064000
2 0.363000 0.854000 0.119333 0.109333
3 0.378333 0.950667 0.050000 0.064000
2 0.467000 0.950000 0.051333 0.068000
3 0.603000 0.873333 0.082000 0.073333
2 0.630667 0.794000 0.073333 0.098667
2 0.557667 0.799000 0.080667 0.086000
2 0.487333 0.781000 0.073333 0.072667
3 0.416333 0.762333 0.083333 0.082000
3 0.437000 0.676333 0.080667 0.087333
2 0.541000 0.686333 0.160667 0.150000
2 0.671667 0.711333 0.108667 0.100000
2 0.758667 0.718333 0.068000 0.083333
3 0.884000 0.740667 0.172000 0.133333
3 0.857000 0.866333 0.051333 0.064667
2 0.944667 0.837333 0.110667 0.093333
2 0.796667 0.613333 0.128000 0.132000
3 0.892333 0.632333 0.080667 0.072667
2 0.669667 0.600333 0.120667 0.114000
2 0.607667 0.500333 0.106000 0.094000
2 0.626000 0.416333 0.097333 0.082000
3 0.727000 0.428333 0.108667 0.122000
3 0.859667 0.449000 0.120667 0.106000
2 0.916000 0.538667 0.133333 0.104000
2 0.881333 0.346333 0.125333 0.114000
2 0.772333 0.316333 0.143333 0.098000
2 0.795333 0.212333 0.094667 0.092667
3 0.899333 0.234000 0.122667 0.102667
3 0.676333 0.334000 0.062000 0.066667
2 0.709000 0.199667 0.114000 0.098000
2 0.700667 0.096333 0.138667 0.116667
3 0.602667 0.320667 0.068000 0.076000
3 0.526333 0.324667 0.095333 0.134667
3 0.598667 0.199667 0.037333 0.051333
3 0.501667 0.193000 0.082000 0.087333
3 0.393667 0.180667 0.116667 0.102667
3 0.307667 0.069333 0.096667 0.106667
3 0.399667 0.098333 0.050000 0.062000
3 0.452000 0.376000 0.105333 0.109333
3 0.350000 0.384333 0.093333 0.107333
3 0.273000 0.392667 0.060667 0.078667
2 0.307667 0.469000 0.055333 0.056667
2 0.425000 0.476000 0.143333 0.101333
2 0.357000 0.558667 0.174000 0.144000
3 0.479333 0.567000 0.065333 0.070000
3 0.755667 0.945667 0.087333 0.079333
3 0.721333 0.519667 0.054667 0.059333
3 0.969333 0.370000 0.061333 0.090667
0 0.297333 0.206000 0.052000 0.053333
0 0.260667 0.284333 0.070667 0.059333
0 0.780000 0.815000 0.117333 0.104667
0 0.262000 0.869333 0.076000 0.100000
3 0.202333 0.937333 0.158000 0.125333
2 0.557667 0.950667 0.120667 0.098667
