2 0.122333 0.097333 0.087333 0.097333
2 0.224000 0.077000 0.142667 0.152667
2 0.478333 0.091333 0.175333 0.178667
2 0.748000 0.095333 0.172000 0.165333
2 0.871667 0.108000 0.052667 0.060000
2 0.956000 0.275333 0.088000 0.136000
2 0.850000 0.239333 0.126667 0.125333
2 0.727000 0.244333 0.127333 0.118000
3 0.623000 0.250333 0.072667 0.088667
2 0.820333 0.357333 0.144667 0.161333
2 0.694000 0.385000 0.128000 0.122000
3 0.411333 0.371333 0.170667 0.141333
2 0.277667 0.373333 0.084667 0.078667
2 0.272000 0.237333 0.168000 0.168000
2 0.121333 0.460333 0.133333 0.122000
2 0.262333 0.455333 0.148667 0.126667
2 0.385333 0.491333 0.097333 0.101333
2 0.508333 0.470667 0.138000 0.134667
2 0.637333 0.470333 0.132000 0.143333
2 0.928000 0.473333 0.140000 0.154667
2 0.922667 0.590667 0.136000 0.133333
2 0.784000 0.551667 0.136000 0.178000
2 0.656333 0.600333 0.147333 0.139333
2 0.489000 0.597000 0.176667 0.143333
2 0.473667 0.723333 0.148667 0.137333
2 0.604333 0.728667 0.107333 0.134667
2 0.720000 0.728333 0.136000 0.144667
3 0.823333 0.703000 0.096000 0.118000
2 0.936000 0.718667 0.126667 0.128000
3 0.876333 0.833000 0.087333 0.107333
2 0.773000 0.850667 0.124667 0.169333
2 0.638333 0.864333 0.144667 0.144667
2 0.491667 0.869667 0.131333 0.152667
2 0.268000 0.847667 0.168000 0.203333
2 0.123667 0.854667 0.118000 0.166667
2 0.099333 0.710333 0.138667 0.144667
2 0.252000 0.696667 0.164000 0.137333
2 0.375000 0.679000 0.048667 0.074000
2 0.084000 0.576000 0.153333 0.140000
2 0.250000 0.574667 0.137333 0.112000
3 0.516000 0.253667 0.108000 0.120667
3 0.403000 0.244667 0.090000 0.102667
2 0.035333 0.849667 0.069333 0.160667
2 0.088333 0.323333 0.174000 0.204000
3 0.962667 0.838667 0.074667 0.133333
3 0.934667 0.961667 0.084000 0.076667
3 0.420333 0.942333 0.126000 0.115333
