2 0.132667 0.088667 0.146667 0.132000
2 0.166667 0.208000 0.101333 0.101333
2 0.259000 0.133000 0.150000 0.135333
2 0.312000 0.056000 0.108000 0.108000
2 0.348667 0.516333 0.162667 0.187333
2 0.340333 0.381000 0.092667 0.080667
2 0.302667 0.235000 0.101333 0.108667
2 0.423000 0.068333 0.088667 0.106000
2 0.511333 0.080333 0.098667 0.138000
2 0.461667 0.178000 0.075333 0.069333
2 0.605000 0.097667 0.078000 0.094000
2 0.717000 0.093333 0.115333 0.108000
2 0.839000 0.085667 0.154000 0.159333
2 0.950000 0.088000 0.076000 0.102667
2 0.785333 0.233667 0.125333 0.188667
2 0.658333 0.198333 0.138000 0.128667
2 0.547333 0.179667 0.045333 0.039333
2 0.507667 0.283000 0.203333 0.164667
2 0.645667 0.305667 0.090000 0.114000
2 0.853333 0.322667 0.092000 0.086667
2 0.114667 0.335000 0.105333 0.147333
2 0.228667 0.363667 0.138667 0.151333
2 0.185333 0.481000 0.136000 0.130000
2 0.337000 0.516333 0.183333 0.184667
3 0.463333 0.528000 0.122667 0.141333
2 0.527000 0.419667 0.152667 0.147333
2 0.648000 0.413667 0.102667 0.146000
2 0.770000 0.417667 0.174667 0.174000
2 0.874333 0.471667 0.070000 0.087333
2 0.958333 0.371333 0.074000 0.066667
2 0.925667 0.627000 0.072667 0.080667
2 0.836333 0.577667 0.146000 0.148667
2 0.716000 0.567667 0.149333 0.184667
2 0.601000 0.551333 0.116667 0.134667
2 0.153667 0.610000 0.158000 0.128000
2 0.061000 0.704000 0.092667 0.106667
3 0.138333 0.722000 0.042000 0.054667
3 0.543667 0.644333 0.052667 0.050000
2 0.388333 0.671667 0.086000 0.079333
3 0.203000 0.701000 0.051333 0.043333
3 0.165333 0.829667 0.118667 0.127333
2 0.364667 0.752000 0.144000 0.138667
2 0.276667 0.880333 0.162667 0.182000
2 0.409667 0.895667 0.120667 0.184667
2 0.527000 0.922333 0.114000 0.155333
2 0.489000 0.769333 0.128667 0.168000
3 0.598000 0.811333 0.080000 0.072000
2 0.641000 0.705000 0.175333 0.151333
2 0.807000 0.733000 0.190000 0.162000
2 0.854333 0.865000 0.154000 0.176667
2 0.714667 0.861333 0.158667 0.200000
2 0.657667 0.928667 0.150000 0.142667
2 0.798333 0.959333 0.084667 0.081333
3 0.034667 0.179000 0.068000 0.078000
2 0.953000 0.487333 0.094000 0.120000
3 0.075667 0.800000 0.046000 0.045333
0 0.211667 0.754333 0.040667 0.036667
0 0.286333 0.741333 0.044667 0.041333
0 0.356667 0.326333 0.054667 0.052667
2 0.060333 0.452667 0.119333 0.174667
2 0.068333 0.933333 0.135333 0.129333
2 0.946000 0.891000 0.105333 0.218000
2 0.035000 0.319333 0.068667 0.109333
2 0.030667 0.093000 0.060000 0.088667
