2 0.081333 0.134000 0.122667 0.130667
2 0.206333 0.149667 0.152667 0.156667
2 0.359667 0.147000 0.174000 0.154000
2 0.125667 0.260667 0.111333 0.104000
2 0.262333 0.288000 0.156667 0.197333
2 0.389667 0.270333 0.108667 0.143333
2 0.514000 0.299000 0.154667 0.206000
2 0.621667 0.096667 0.108667 0.132000
2 0.799000 0.066667 0.232667 0.128000
2 0.761000 0.177667 0.182000 0.176667
2 0.902667 0.221333 0.162667 0.158667
2 0.861333 0.370000 0.168000 0.166667
2 0.719000 0.322000 0.152667 0.129333
2 0.690333 0.460667 0.284667 0.296000
2 0.859000 0.610000 0.194000 0.161333
2 0.894333 0.765000 0.190000 0.156667
2 0.729000 0.686667 0.120667 0.161333
2 0.616667 0.690333 0.093333 0.150000
2 0.504333 0.673333 0.143333 0.168000
2 0.459000 0.572667 0.094000 0.108000
2 0.354000 0.668000 0.156000 0.141333
2 0.360333 0.524667 0.219333 0.224000
2 0.214000 0.529667 0.090667 0.122000
2 0.089333 0.493333 0.169333 0.136000
2 0.090667 0.363667 0.170667 0.143333
2 0.124000 0.630000 0.216000 0.186667
2 0.423667 0.774667 0.068667 0.062667
2 0.153667 0.904333 0.214000 0.186000
2 0.744333 0.901667 0.087333 0.120667
1 0.607667 0.203333 0.070000 0.082667
0 0.207667 0.753000 0.116667 0.116667
2 0.075000 0.781000 0.148667 0.176667
2 0.943333 0.511333 0.113333 0.173333
2 0.365667 0.909000 0.146000 0.182000
2 0.548000 0.897000 0.221333 0.206000
