0 0.076000 0.423667 0.150667 0.136667
0 0.209333 0.315667 0.221333 0.160667
0 0.126667 0.596667 0.066667 0.081333
0 0.072333 0.705333 0.138000 0.184000
0 0.318000 0.515000 0.228000 0.192667
0 0.364000 0.361000 0.136000 0.127333
0 0.490000 0.429667 0.140000 0.166000
0 0.442333 0.246667 0.166000 0.184000
0 0.576333 0.281333 0.118000 0.152000
0 0.670333 0.191000 0.128667 0.150000
0 0.688667 0.362333 0.185333 0.182000
0 0.597667 0.460667 0.100667 0.162667
0 0.667000 0.526000 0.150000 0.153333
0 0.801000 0.207667 0.164667 0.186000
0 0.883667 0.098667 0.135333 0.176000
0 0.889667 0.341333 0.218000 0.214667
0 0.802000 0.583000 0.198667 0.223333
0 0.655333 0.679000 0.122667 0.136667
0 0.449333 0.910667 0.161333 0.178667
0 0.204333 0.681333 0.122000 0.132000
0 0.868000 0.910667 0.100000 0.101333
0 0.944000 0.831667 0.112000 0.200667
0 0.619000 0.872333 0.168667 0.154000
0 0.801333 0.745000 0.092000 0.103333
0 0.745000 0.940667 0.154000 0.118667
0 0.747667 0.812667 0.123333 0.148000
0 0.951333 0.520667 0.097333 0.158667
0 0.171333 0.855000 0.233333 0.223333
0 0.299000 0.775000 0.080667 0.084667
0 0.332667 0.686000 0.114667 0.114667
0 0.746667 0.048000 0.125333 0.094667
0 0.526333 0.638667 0.140667 0.170667
0 0.322000 0.911000 0.085333 0.079333
0 0.306667 0.174667 0.104000 0.089333
0 0.125000 0.296333 0.052667 0.055333
