2 0.099333 0.208000 0.180000 0.154667
3 0.060000 0.347667 0.104000 0.111333
3 0.164000 0.335667 0.101333 0.112667
3 0.080000 0.465667 0.072000 0.078000
2 0.194333 0.674667 0.090000 0.081333
2 0.289667 0.692000 0.106000 0.100000
2 0.324333 0.944000 0.094000 0.089333
2 0.244667 0.921667 0.073333 0.087333
3 0.224333 0.817000 0.080667 0.075333
2 0.110667 0.794333 0.094667 0.123333
3 0.243333 0.156000 0.065333 0.056000
3 0.267333 0.260333 0.102667 0.147333
3 0.365333 0.251000 0.096000 0.118000
3 0.416667 0.174000 0.085333 0.082667
3 0.523333 0.176000 0.132000 0.129333
3 0.532000 0.268333 0.114667 0.111333
2 0.627000 0.288333 0.088667 0.112667
2 0.745000 0.135667 0.180667 0.143333
2 0.868000 0.200667 0.098667 0.136000
2 0.958333 0.166333 0.076667 0.090000
2 0.733333 0.230333 0.170667 0.074000
2 0.781333 0.306000 0.197333 0.138667
2 0.669667 0.385000 0.154000 0.124667
3 0.504333 0.477667 0.059333 0.056667
2 0.455667 0.569667 0.059333 0.047333
2 0.879000 0.418333 0.087333 0.075333
2 0.816667 0.603333 0.152000 0.161333
2 0.716667 0.486667 0.168000 0.161333
2 0.618667 0.589000 0.144000 0.152667
3 0.445000 0.700000 0.108667 0.134667
3 0.548667 0.700333 0.106667 0.142000
3 0.646333 0.743000 0.111333 0.151333
2 0.744000 0.751000 0.105333 0.115333
2 0.735000 0.828667 0.084667 0.070667
2 0.907667 0.773333 0.167333 0.178667
2 0.865000 0.892667 0.148667 0.145333
2 0.417333 0.946333 0.097333 0.107333
0 0.436667 0.343667 0.066667 0.072667
0 0.275333 0.493667 0.301333 0.300667
0 0.549000 0.594333 0.064667 0.071333
0 0.529333 0.425333 0.028000 0.032000
0 0.224333 0.749000 0.047333 0.059333
0 0.090000 0.910000 0.046667 0.056000
0 0.055667 0.876667 0.040667 0.030667
2 0.529000 0.937667 0.130000 0.124667
2 0.955000 0.608667 0.090000 0.076000
2 0.962667 0.533667 0.074667 0.092667
2 0.963333 0.464000 0.073333 0.070667
0 0.120000 0.712000 0.077333 0.084000
0 0.332667 0.858667 0.076000 0.062667
3 0.045000 0.697333 0.088667 0.130667
3 0.967000 0.918667 0.066000 0.124000
3 0.074333 0.056000 0.123333 0.110667
3 0.034000 0.540333 0.062667 0.131333
