3 0.162333 0.085333 0.090000 0.097333
2 0.258000 0.229333 0.066667 0.072000
2 0.377667 0.133667 0.076667 0.075333
3 0.446667 0.254000 0.064000 0.062667
3 0.583667 0.125667 0.115333 0.119333
2 0.725667 0.125333 0.158000 0.169333
2 0.601333 0.265000 0.098667 0.102000
2 0.541667 0.369333 0.220667 0.165333
2 0.525000 0.523000 0.195333 0.151333
3 0.391000 0.512000 0.063333 0.062667
2 0.138333 0.465000 0.116667 0.110000
2 0.581333 0.658667 0.144000 0.130667
2 0.452667 0.745000 0.126667 0.155333
2 0.300667 0.743667 0.174667 0.211333
2 0.162000 0.698667 0.102667 0.166667
2 0.065333 0.694000 0.085333 0.101333
2 0.350000 0.896667 0.196000 0.129333
0 0.856000 0.529667 0.117333 0.112667
0 0.702333 0.376000 0.126000 0.157333
0 0.853333 0.136000 0.065333 0.076000
0 0.783333 0.210000 0.089333 0.081333
0 0.761333 0.282333 0.096000 0.095333
0 0.967667 0.742667 0.062000 0.090667
0 0.693667 0.689333 0.080667 0.113333
0 0.751333 0.728000 0.072000 0.112000
0 0.671333 0.900000 0.224000 0.200000
0 0.890000 0.942333 0.206667 0.115333
0 0.934333 0.139000 0.131333 0.118000
0 0.271667 0.469333 0.066000 0.070667
2 0.073333 0.927333 0.140000 0.145333
2 0.196667 0.938333 0.114667 0.123333
3 0.573667 0.035667 0.126000 0.070000
