2 0.105000 0.178000 0.142000 0.158667
2 0.223667 0.106667 0.104667 0.126667
2 0.323667 0.103333 0.095333 0.133333
2 0.423667 0.105000 0.120667 0.154000
2 0.553333 0.131667 0.138667 0.135333
2 0.670333 0.161333 0.083333 0.092000
3 0.800333 0.181667 0.118000 0.126000
2 0.928000 0.190667 0.140000 0.108000
2 0.874333 0.291333 0.150000 0.109333
2 0.671333 0.267000 0.133333 0.116667
2 0.555333 0.262333 0.101333 0.123333
2 0.431333 0.234667 0.133333 0.137333
3 0.314000 0.253333 0.078667 0.066667
2 0.107667 0.319000 0.139333 0.118000
3 0.242333 0.332333 0.055333 0.055333
2 0.353333 0.350333 0.097333 0.088667
2 0.479333 0.367667 0.137333 0.128667
2 0.625000 0.378000 0.115333 0.097333
3 0.746333 0.381667 0.052667 0.064667
2 0.862000 0.410000 0.161333 0.122667
2 0.864667 0.518333 0.094667 0.088667
2 0.660333 0.482333 0.155333 0.132667
2 0.526333 0.480333 0.123333 0.128667
2 0.399333 0.455333 0.125333 0.126667
2 0.276333 0.423333 0.115333 0.118667
2 0.187333 0.433000 0.060000 0.043333
2 0.129333 0.518667 0.106667 0.094667
2 0.245333 0.556000 0.133333 0.122667
3 0.086000 0.659333 0.090667 0.088000
2 0.178667 0.676000 0.136000 0.137333
3 0.278667 0.697667 0.061333 0.075333
2 0.085667 0.762000 0.116667 0.126667
2 0.211333 0.789333 0.140000 0.128000
3 0.375667 0.693667 0.108667 0.111333
2 0.372333 0.793333 0.107333 0.094667
3 0.276333 0.860000 0.104667 0.089333
2 0.279000 0.951667 0.082000 0.080667
3 0.136667 0.856667 0.058667 0.062667
2 0.562667 0.595000 0.124000 0.108667
2 0.673000 0.604667 0.103333 0.097333
2 0.767333 0.626000 0.056000 0.060000
2 0.876667 0.639000 0.162667 0.152667
3 0.859667 0.722333 0.092667 0.086000
2 0.744667 0.721667 0.140000 0.120667
2 0.652333 0.698333 0.047333 0.059333
3 0.583667 0.704000 0.084667 0.090667
2 0.479667 0.715000 0.114000 0.143333
2 0.479667 0.827333 0.116667 0.101333
2 0.488333 0.923333 0.160667 0.112000
3 0.378000 0.894000 0.060000 0.060000
3 0.601333 0.799667 0.132000 0.112667
2 0.607667 0.888333 0.100667 0.087333
2 0.821000 0.916333 0.123333 0.138000
3 0.708333 0.890667 0.118000 0.133333
3 0.223667 0.228333 0.070000 0.086000
3 0.766333 0.287667 0.052667 0.063333
3 0.950000 0.446667 0.057333 0.068000
2 0.934000 0.925000 0.132000 0.147333
2 0.686333 0.071333 0.155333 0.141333
2 0.807667 0.060333 0.130000 0.119333
2 0.938000 0.067000 0.124000 0.122000
2 0.169333 0.948333 0.136000 0.103333
3 0.046000 0.868000 0.090667 0.116000
