0 0.167333 0.277667 0.229333 0.191333
0 0.084000 0.469333 0.166667 0.185333
0 0.282667 0.445667 0.222667 0.164667
0 0.216667 0.557000 0.156000 0.160667
0 0.350000 0.628667 0.142667 0.152000
0 0.255000 0.660000 0.082000 0.101333
0 0.509000 0.611000 0.174000 0.155333
0 0.485000 0.465333 0.102000 0.105333
0 0.384000 0.482667 0.101333 0.134667
0 0.422000 0.284333 0.164000 0.180667
0 0.316000 0.155333 0.172000 0.222667
0 0.463000 0.132667 0.182000 0.178667
0 0.576333 0.278000 0.119333 0.125333
0 0.691000 0.335667 0.112667 0.127333
0 0.679333 0.096333 0.154667 0.152667
0 0.921333 0.131333 0.157333 0.149333
0 0.889000 0.298000 0.203333 0.180000
0 0.744333 0.215667 0.079333 0.090000
0 0.895000 0.458000 0.158000 0.141333
0 0.930667 0.630667 0.138667 0.146667
0 0.730667 0.701667 0.190667 0.142000
0 0.482333 0.864000 0.220667 0.205333
0 0.316333 0.781000 0.176667 0.158000
0 0.118000 0.738667 0.234667 0.344000
0 0.226000 0.930667 0.176000 0.138667
0 0.716333 0.477000 0.110000 0.104667
0 0.727000 0.566000 0.080667 0.072000
0 0.144333 0.120000 0.180667 0.145333
0 0.083333 0.949000 0.165333 0.102000
0 0.620667 0.546333 0.126667 0.116667
0 0.763667 0.400667 0.063333 0.060000
0 0.647667 0.875667 0.074000 0.051333
0 0.917333 0.845333 0.053333 0.065333
0 0.282667 0.401333 0.220000 0.244000
0 0.588667 0.413333 0.148000 0.157333
