0 0.539333 0.182333 0.138667 0.159333
0 0.401000 0.252667 0.147333 0.116000
0 0.463333 0.357333 0.189333 0.192000
0 0.617333 0.351000 0.148000 0.184667
0 0.725333 0.436667 0.134667 0.133333
0 0.276000 0.585000 0.164000 0.159333
0 0.475000 0.750333 0.139333 0.111333
0 0.480000 0.633667 0.110667 0.106000
0 0.511667 0.516667 0.132667 0.133333
0 0.317000 0.427333 0.164667 0.169333
0 0.234000 0.291000 0.153333 0.190000
0 0.314333 0.155333 0.190000 0.205333
0 0.132333 0.234667 0.175333 0.200000
0 0.651333 0.220333 0.146667 0.127333
0 0.772667 0.215667 0.117333 0.159333
0 0.883000 0.137333 0.154000 0.158667
0 0.781000 0.081000 0.124667 0.116667
0 0.575000 0.062333 0.136667 0.123333
0 0.799667 0.369667 0.184667 0.175333
0 0.609000 0.598000 0.164667 0.177333
0 0.684333 0.670667 0.147333 0.142667
0 0.832000 0.536000 0.200000 0.134667
0 0.943000 0.457333 0.114000 0.148000
0 0.799667 0.826333 0.146000 0.119333
0 0.892667 0.685333 0.157333 0.152000
0 0.962000 0.604333 0.076000 0.124667
0 0.386000 0.888333 0.310667 0.223333
0 0.931667 0.879667 0.124667 0.091333
0 0.933667 0.792000 0.132667 0.093333
0 0.093667 0.474667 0.084667 0.089333
0 0.173333 0.409333 0.124000 0.142667
0 0.258667 0.075000 0.260000 0.148667
0 0.450667 0.061333 0.128000 0.121333
