0 0.578333 0.097333 0.184667 0.193333
0 0.776000 0.296667 0.292000 0.274667
0 0.782000 0.495667 0.265333 0.186000
0 0.616333 0.591333 0.235333 0.222667
0 0.688333 0.745333 0.139333 0.141333
0 0.592000 0.904333 0.202667 0.191333
0 0.557667 0.763333 0.151333 0.141333
0 0.396333 0.834333 0.218000 0.235333
0 0.150000 0.849333 0.240000 0.226667
0 0.221667 0.630333 0.242000 0.224667
0 0.115000 0.483333 0.228667 0.228000
0 0.114333 0.244333 0.179333 0.198000
0 0.222333 0.264000 0.091333 0.168000
0 0.318333 0.343000 0.267333 0.286000
0 0.533000 0.345000 0.162000 0.227333
0 0.782667 0.084000 0.241333 0.166667
0 0.405333 0.670333 0.170667 0.203333
