2 0.175000 0.177667 0.082000 0.084667
2 0.267000 0.178667 0.115333 0.134667
2 0.116000 0.256667 0.138667 0.124000
2 0.337000 0.086000 0.091333 0.093333
2 0.671333 0.067000 0.128000 0.124667
3 0.757667 0.102333 0.050000 0.084667
2 0.886000 0.226333 0.109333 0.112667
2 0.697333 0.190667 0.178667 0.138667
2 0.778333 0.290667 0.075333 0.082667
2 0.704667 0.313667 0.138667 0.120667
2 0.573667 0.300333 0.128667 0.170000
2 0.582333 0.181000 0.083333 0.080667
1 0.430667 0.239333 0.234667 0.230667
1 0.275000 0.317000 0.202000 0.170000
2 0.129333 0.408667 0.176000 0.161333
1 0.227333 0.453000 0.130667 0.155333
2 0.336667 0.479000 0.125333 0.110000
1 0.461667 0.423333 0.180667 0.206667
2 0.685667 0.409667 0.180667 0.120667
2 0.775667 0.461667 0.108667 0.183333
2 0.698000 0.531000 0.161333 0.152667
2 0.578000 0.517667 0.129333 0.128667
2 0.591333 0.626667 0.100000 0.097333
2 0.705333 0.639333 0.134667 0.120000
2 0.919333 0.548000 0.134667 0.101333
2 0.932000 0.639333 0.118667 0.102667
2 0.874333 0.729667 0.072667 0.072667
2 0.848000 0.837333 0.180000 0.142667
2 0.741667 0.926333 0.084667 0.084667
2 0.661667 0.918667 0.080667 0.130667
2 0.575333 0.919667 0.085333 0.158000
2 0.588333 0.706000 0.080667 0.069333
2 0.678333 0.715000 0.078000 0.056667
2 0.507333 0.595333 0.100000 0.137333
2 0.409000 0.592667 0.106000 0.168000
2 0.304667 0.594000 0.128000 0.132000
2 0.425000 0.707667 0.090000 0.083333
2 0.426333 0.812000 0.115333 0.137333
2 0.312000 0.784333 0.164000 0.184667
2 0.258333 0.887000 0.148667 0.176667
1 0.107000 0.914333 0.198000 0.130000
1 0.098000 0.791667 0.186667 0.115333
1 0.211667 0.691333 0.152667 0.157333
2 0.074333 0.667333 0.139333 0.136000
2 0.092333 0.535667 0.163333 0.154000
2 0.204667 0.574000 0.102667 0.100000
2 0.044000 0.337000 0.086667 0.126000
0 0.549000 0.797667 0.111333 0.123333
0 0.856667 0.951667 0.124000 0.096667
2 0.565333 0.069333 0.137333 0.136000
2 0.425667 0.067000 0.170000 0.132667
0 0.902000 0.428333 0.105333 0.096667
