3 0.827333 0.583000 0.061333 0.062000
3 0.611667 0.597000 0.080667 0.079333
2 0.695000 0.692333 0.083333 0.086000
2 0.789667 0.691000 0.144667 0.183333
2 0.912333 0.685667 0.123333 0.148667
2 0.871333 0.851000 0.194667 0.176667
2 0.904333 0.946000 0.174000 0.102667
2 0.736667 0.834000 0.097333 0.130667
3 0.755000 0.932333 0.086000 0.080667
2 0.643667 0.932000 0.108667 0.085333
2 0.628667 0.839333 0.128000 0.120000
3 0.527333 0.881333 0.064000 0.068000
2 0.075667 0.815667 0.124667 0.134000
2 0.205333 0.797000 0.134667 0.138000
2 0.214667 0.936333 0.086667 0.075333
2 0.305667 0.717667 0.156667 0.148667
3 0.080000 0.704000 0.105333 0.104000
3 0.091000 0.553333 0.063333 0.061333
2 0.333000 0.587667 0.183333 0.119333
2 0.187000 0.491333 0.114000 0.140000
2 0.300333 0.482333 0.118000 0.144667
2 0.425667 0.489667 0.136667 0.148667
2 0.527667 0.374333 0.140667 0.139333
3 0.517667 0.103000 0.119333 0.122000
2 0.416667 0.149667 0.088000 0.062000
2 0.308333 0.199000 0.084667 0.088667
2 0.421333 0.263667 0.194667 0.171333
2 0.239667 0.345333 0.124667 0.106667
2 0.147000 0.379333 0.118000 0.094667
3 0.061667 0.309667 0.111333 0.146000
2 0.167333 0.088667 0.056000 0.070667
3 0.386000 0.386667 0.104000 0.094667
2 0.282667 0.081000 0.186667 0.160667
0 0.431000 0.042667 0.055333 0.062667
0 0.854333 0.105000 0.247333 0.208667
0 0.897000 0.186333 0.080667 0.043333
0 0.660000 0.490333 0.101333 0.090000
