2 0.904333 0.149667 0.159333 0.138000
3 0.869667 0.281667 0.154000 0.140667
2 0.931333 0.452333 0.072000 0.079333
2 0.833333 0.440667 0.121333 0.116000
2 0.908667 0.552333 0.134667 0.107333
2 0.873000 0.640000 0.088667 0.088000
2 0.790000 0.625333 0.065333 0.089333
3 0.752333 0.540000 0.114000 0.137333
3 0.704000 0.446333 0.073333 0.072667
2 0.307000 0.529000 0.140667 0.126000
2 0.250000 0.622000 0.104000 0.106667
2 0.133667 0.510000 0.118000 0.105333
2 0.321333 0.388667 0.161333 0.137333
2 0.135333 0.341667 0.200000 0.184667
3 0.451333 0.621333 0.057333 0.074667
2 0.550667 0.634333 0.133333 0.179333
2 0.637333 0.551667 0.137333 0.144667
2 0.679000 0.663000 0.110000 0.127333
2 0.854333 0.783000 0.156667 0.195333
2 0.712667 0.770333 0.134667 0.154000
2 0.716000 0.893667 0.125333 0.155333
2 0.614333 0.888333 0.086000 0.154000
2 0.516000 0.892333 0.125333 0.152667
2 0.410000 0.872667 0.104000 0.153333
2 0.475667 0.758000 0.124667 0.145333
2 0.325667 0.760000 0.106000 0.122667
2 0.316333 0.883667 0.083333 0.136667
2 0.238333 0.847000 0.080667 0.154000
2 0.145667 0.849000 0.118000 0.163333
2 0.060333 0.888000 0.108667 0.161333
2 0.181333 0.937333 0.080000 0.060000
2 0.581000 0.975333 0.071333 0.049333
0 0.029667 0.151333 0.050000 0.054667
2 0.032333 0.821667 0.062000 0.096667
0 0.256333 0.279000 0.052667 0.051333
0 0.360667 0.111000 0.094667 0.102000
0 0.500333 0.127000 0.066000 0.072667
0 0.488000 0.212000 0.030667 0.042667
0 0.403000 0.211667 0.023333 0.023333
0 0.755000 0.097333 0.091333 0.092000
0 0.434667 0.134000 0.061333 0.106667
0 0.609000 0.181000 0.075333 0.080667
0 0.689000 0.152000 0.091333 0.114667
0 0.734333 0.218000 0.064667 0.066667
0 0.592667 0.350000 0.077333 0.074667
0 0.474000 0.481667 0.056000 0.051333
0 0.562333 0.429667 0.136667 0.116667
0 0.525333 0.509333 0.046667 0.044000
0 0.662333 0.317333 0.080667 0.082667
0 0.754667 0.279667 0.073333 0.075333
0 0.616000 0.260333 0.101333 0.078000
0 0.342667 0.253333 0.113333 0.094667
0 0.343667 0.635000 0.086000 0.080667
0 0.651333 0.377000 0.057333 0.054000
0 0.190667 0.247333 0.069333 0.073333
0 0.411000 0.539000 0.072667 0.071333
0 0.127000 0.731667 0.090000 0.082000
0 0.066333 0.706000 0.074000 0.101333
0 0.096333 0.237333 0.059333 0.056000
0 0.213000 0.455667 0.131333 0.130000
0 0.434667 0.347333 0.057333 0.074667
0 0.807667 0.271000 0.038000 0.056667
0 0.627333 0.075333 0.029333 0.024000
0 0.672333 0.048333 0.032667 0.042000
0 0.542667 0.203000 0.029333 0.040667
0 0.949667 0.322667 0.100667 0.094667
