2 0.415667 0.145667 0.116667 0.090000
2 0.420000 0.228333 0.174667 0.088667
2 0.411000 0.304667 0.187333 0.110667
2 0.427667 0.420000 0.159333 0.128000
2 0.302000 0.374000 0.133333 0.116000
2 0.304000 0.477000 0.170667 0.111333
2 0.160000 0.467000 0.137333 0.194000
2 0.278000 0.569667 0.104000 0.088667
2 0.387333 0.589667 0.129333 0.118000
2 0.325000 0.658667 0.112667 0.102667
2 0.205000 0.641333 0.122000 0.137333
2 0.061000 0.749667 0.076667 0.084667
2 0.159667 0.750333 0.120667 0.114000
2 0.273000 0.768667 0.108667 0.128000
2 0.182667 0.846667 0.144000 0.162667
2 0.107667 0.935000 0.122000 0.111333
2 0.237667 0.291667 0.115333 0.118000
2 0.137333 0.271000 0.132000 0.155333
3 0.239000 0.191333 0.095333 0.106667
2 0.314000 0.131333 0.088000 0.101333
2 0.194667 0.087667 0.162667 0.155333
2 0.098000 0.147667 0.102667 0.094000
2 0.087667 0.053333 0.123333 0.092000
2 0.070000 0.581667 0.133333 0.104667
3 0.393667 0.506667 0.052667 0.045333
2 0.399333 0.063667 0.121333 0.126000
3 0.299667 0.044000 0.086000 0.086667
0 0.567333 0.255000 0.020000 0.015333
0 0.554667 0.340333 0.021333 0.023333
0 0.557333 0.297667 0.026667 0.030000
2 0.040333 0.253333 0.078000 0.148000
2 0.938000 0.330333 0.124000 0.103333
2 0.922667 0.274333 0.154667 0.088667
0 0.347333 0.755333 0.116000 0.138667
0 0.292333 0.871333 0.079333 0.117333
2 0.921333 0.167667 0.149333 0.187333
2 0.923333 0.549000 0.153333 0.162000
2 0.923333 0.414333 0.148000 0.144667
