2 0.208333 0.084000 0.131333 0.130667
2 0.330000 0.072000 0.110667 0.124000
2 0.461667 0.098333 0.142000 0.184667
2 0.584667 0.087333 0.106667 0.129333
2 0.709000 0.103000 0.078000 0.086000
2 0.831000 0.125333 0.152667 0.166667
2 0.649333 0.235000 0.249333 0.208667
2 0.853333 0.271333 0.161333 0.136000
2 0.577667 0.362667 0.123333 0.097333
2 0.688000 0.406667 0.130667 0.114667
2 0.843000 0.389000 0.174000 0.119333
2 0.823667 0.515667 0.174000 0.160667
2 0.682000 0.505333 0.109333 0.096000
2 0.658333 0.601000 0.135333 0.115333
2 0.783333 0.629333 0.134667 0.105333
2 0.941333 0.756333 0.117333 0.139333
3 0.846000 0.751000 0.073333 0.107333
2 0.764333 0.751667 0.119333 0.124667
2 0.780000 0.857333 0.097333 0.094667
2 0.666000 0.849667 0.130667 0.120667
2 0.685000 0.947333 0.096667 0.102667
2 0.649333 0.720667 0.125333 0.126667
2 0.477333 0.699000 0.094667 0.088667
2 0.382000 0.671667 0.048000 0.046000
2 0.451333 0.808333 0.162667 0.148667
3 0.562000 0.814333 0.061333 0.070000
3 0.410667 0.916667 0.077333 0.080000
3 0.341000 0.784333 0.072667 0.091333
2 0.294000 0.913667 0.133333 0.156667
2 0.141667 0.916000 0.162000 0.133333
2 0.135667 0.770333 0.150000 0.146000
2 0.261000 0.774667 0.082000 0.090667
2 0.269333 0.671000 0.129333 0.119333
2 0.394667 0.570333 0.129333 0.123333
2 0.258333 0.541333 0.140667 0.145333
2 0.148000 0.612333 0.130667 0.159333
2 0.185333 0.370667 0.097333 0.104000
3 0.254667 0.431000 0.072000 0.063333
2 0.323667 0.352000 0.064667 0.069333
2 0.253667 0.337667 0.044667 0.047333
2 0.254000 0.215667 0.137333 0.167333
2 0.395000 0.244667 0.144667 0.194667
3 0.143667 0.222000 0.091333 0.088000
3 0.567333 0.465667 0.080000 0.088667
2 0.453333 0.449000 0.133333 0.139333
3 0.555667 0.711000 0.056667 0.084667
2 0.541667 0.937000 0.167333 0.126000
2 0.743333 0.241000 0.076000 0.123333
2 0.023000 0.336000 0.044667 0.062667
0 0.899333 0.638667 0.110667 0.160000
2 0.041667 0.611000 0.082000 0.126000
2 0.054000 0.754000 0.106667 0.146667
2 0.041667 0.203667 0.082000 0.134000
