3 0.873667 0.074667 0.107333 0.101333
2 0.654000 0.204667 0.106667 0.102667
2 0.705000 0.404667 0.111333 0.133333
2 0.818000 0.494000 0.101333 0.109333
2 0.905000 0.508667 0.106000 0.097333
2 0.942000 0.663333 0.116000 0.112000
2 0.811333 0.662667 0.062667 0.061333
3 0.643667 0.746333 0.052667 0.055333
2 0.745667 0.908000 0.146000 0.170667
2 0.237333 0.840667 0.065333 0.092000
2 0.314000 0.758000 0.088000 0.101333
2 0.427000 0.727667 0.119333 0.118000
2 0.430333 0.664333 0.054000 0.060667
2 0.301333 0.656667 0.098667 0.104000
2 0.343333 0.515000 0.037333 0.038000
3 0.130667 0.510333 0.093333 0.086000
2 0.149333 0.184000 0.086667 0.097333
2 0.269333 0.185000 0.073333 0.091333
2 0.400333 0.195333 0.179333 0.189333
3 0.199000 0.038000 0.066000 0.074667
2 0.059667 0.377333 0.115333 0.129333
0 0.605333 0.508667 0.037333 0.036000
0 0.497333 0.331000 0.046667 0.063333
0 0.378333 0.333000 0.031333 0.032667
0 0.954000 0.238000 0.037333 0.048000
0 0.937000 0.249000 0.031333 0.035333
