2 0.471667 0.101667 0.172667 0.124667
2 0.350667 0.056000 0.094667 0.100000
2 0.357000 0.157333 0.102000 0.122667
2 0.473667 0.223333 0.135333 0.140000
2 0.270667 0.131667 0.093333 0.123333
2 0.176333 0.099000 0.107333 0.132667
2 0.104000 0.085333 0.062667 0.064000
2 0.083000 0.158667 0.116667 0.120000
2 0.184667 0.196333 0.088000 0.083333
2 0.092333 0.250333 0.088667 0.078000
2 0.178000 0.274000 0.106667 0.102667
2 0.271667 0.262000 0.088667 0.098667
3 0.354333 0.281000 0.084667 0.124667
2 0.255000 0.354333 0.175333 0.119333
2 0.456333 0.376000 0.124667 0.124000
2 0.400667 0.451667 0.128000 0.078000
2 0.086000 0.437333 0.160000 0.126667
2 0.203667 0.543333 0.075333 0.069333
2 0.247333 0.578000 0.093333 0.102667
3 0.341667 0.551000 0.092667 0.118000
2 0.441000 0.555333 0.103333 0.112000
2 0.402000 0.665667 0.122667 0.130000
3 0.308333 0.659333 0.090000 0.093333
2 0.317667 0.740667 0.083333 0.077333
2 0.425667 0.769000 0.106000 0.090000
2 0.420667 0.866333 0.170667 0.131333
2 0.408333 0.955333 0.156667 0.078667
2 0.250000 0.931667 0.104000 0.112667
3 0.245000 0.828000 0.091333 0.100000
2 0.198000 0.732333 0.138667 0.166000
2 0.102000 0.706000 0.125333 0.113333
2 0.106333 0.810333 0.096667 0.111333
2 0.141667 0.915667 0.115333 0.132667
3 0.510333 0.608667 0.072667 0.064000
0 0.593667 0.188667 0.150000 0.128000
0 0.552000 0.784000 0.016000 0.022667
0 0.574000 0.811667 0.021333 0.022000
0 0.250667 0.453000 0.114667 0.106000
3 0.101667 0.328333 0.106000 0.090000
0 0.563000 0.898000 0.026000 0.021333
0 0.576667 0.881333 0.016000 0.016000
0 0.565667 0.855667 0.023333 0.031333
2 0.920667 0.431000 0.158667 0.178000
2 0.922000 0.177667 0.156000 0.144667
2 0.917000 0.055667 0.166000 0.110000
2 0.926333 0.779000 0.147333 0.174000
2 0.927667 0.874333 0.144667 0.086000
2 0.929667 0.610000 0.140667 0.196000
2 0.051333 0.928333 0.101333 0.140667
2 0.035667 0.800333 0.070000 0.122000
