2 0.506333 0.440667 0.175333 0.138667
1 0.814000 0.630333 0.090667 0.112667
2 0.932000 0.635000 0.129333 0.150000
2 0.892333 0.509333 0.172667 0.121333
2 0.829667 0.359667 0.160667 0.143333
3 0.700667 0.333667 0.092000 0.088667
2 0.566667 0.309333 0.157333 0.132000
2 0.568000 0.151667 0.104000 0.119333
2 0.712000 0.186333 0.072000 0.075333
2 0.851000 0.215667 0.186000 0.155333
2 0.870000 0.068667 0.174667 0.130667
2 0.710333 0.073333 0.150000 0.140000
0 0.760333 0.430000 0.078000 0.080000
0 0.621333 0.615000 0.129333 0.127333
0 0.380333 0.386333 0.075333 0.063333
0 0.761667 0.534000 0.103333 0.124000
