2 0.209000 0.138667 0.214000 0.204000
2 0.130667 0.290000 0.140000 0.162667
2 0.267667 0.290667 0.186000 0.172000
2 0.374333 0.193000 0.127333 0.146000
1 0.421667 0.068667 0.142000 0.136000
2 0.564667 0.076333 0.153333 0.148667
2 0.507667 0.211667 0.167333 0.147333
2 0.715333 0.119000 0.162667 0.223333
2 0.822667 0.120000 0.102667 0.130667
2 0.907667 0.265667 0.180667 0.163333
2 0.742333 0.361667 0.086000 0.083333
2 0.645000 0.259333 0.111333 0.140000
2 0.486667 0.333333 0.172000 0.101333
2 0.203333 0.435333 0.105333 0.097333
2 0.323000 0.444000 0.150000 0.140000
2 0.500667 0.458667 0.210667 0.158667
2 0.633333 0.465667 0.070667 0.067333
2 0.721000 0.488333 0.090000 0.084667
2 0.867333 0.503000 0.189333 0.175333
2 0.055333 0.677667 0.104000 0.123333
1 0.148000 0.609000 0.213333 0.280667
2 0.305667 0.600667 0.128667 0.197333
2 0.440333 0.611000 0.187333 0.176667
2 0.551333 0.561667 0.090667 0.083333
2 0.584667 0.630667 0.112000 0.130667
2 0.689667 0.603333 0.122000 0.169333
2 0.791000 0.637667 0.100667 0.144667
2 0.873667 0.645667 0.084667 0.118000
2 0.750667 0.792000 0.125333 0.136000
2 0.590333 0.808000 0.190000 0.193333
2 0.417667 0.769000 0.150000 0.159333
2 0.267667 0.770000 0.152667 0.133333
1 0.295333 0.051000 0.108000 0.095333
0 0.851667 0.780000 0.078000 0.046667
2 0.921000 0.684000 0.158000 0.172000
2 0.939000 0.124000 0.122000 0.153333
2 0.078000 0.423333 0.154667 0.265333
2 0.421000 0.915000 0.320667 0.170000
2 0.122667 0.916000 0.238667 0.168000
2 0.724000 0.921333 0.285333 0.153333
2 0.907333 0.903000 0.178667 0.194000
