2 0.832667 0.352000 0.102667 0.102667
2 0.692667 0.339333 0.130667 0.141333
2 0.759667 0.089667 0.128667 0.148667
2 0.474333 0.165000 0.170000 0.138000
2 0.419333 0.299000 0.140000 0.155333
2 0.566667 0.285667 0.152000 0.176667
2 0.261000 0.292333 0.182000 0.186000
3 0.120667 0.289333 0.096000 0.108000
2 0.232667 0.119333 0.150667 0.140000
2 0.075000 0.100333 0.143333 0.160667
3 0.269333 0.430333 0.093333 0.084667
2 0.407000 0.445667 0.146000 0.148667
2 0.564000 0.445667 0.154667 0.154000
2 0.687667 0.497667 0.151333 0.191333
2 0.799333 0.510667 0.069333 0.070667
2 0.791000 0.600333 0.055333 0.060667
2 0.577667 0.592000 0.151333 0.177333
2 0.441000 0.574000 0.150000 0.120000
2 0.455667 0.716333 0.223333 0.164667
3 0.458333 0.817000 0.062000 0.072667
2 0.342000 0.804333 0.101333 0.114000
2 0.197333 0.775333 0.062667 0.086667
2 0.125000 0.774667 0.082000 0.076000
2 0.228000 0.930333 0.065333 0.082000
2 0.099333 0.933667 0.046667 0.058000
2 0.726000 0.738667 0.102667 0.109333
3 0.742333 0.853000 0.180667 0.144667
2 0.712333 0.608000 0.066000 0.074667
0 0.591333 0.762667 0.060000 0.058667
0 0.611667 0.824000 0.107333 0.109333
0 0.854333 0.624333 0.076667 0.088667
0 0.910333 0.654667 0.059333 0.074667
0 0.850667 0.722333 0.118667 0.116667
0 0.939333 0.618000 0.038667 0.042667
0 0.843667 0.202000 0.027333 0.034667
0 0.911333 0.555667 0.056000 0.051333
0 0.931333 0.531333 0.033333 0.034667
0 0.793000 0.657333 0.052667 0.048000
0 0.920667 0.879333 0.158667 0.164000
2 0.561000 0.090333 0.211333 0.179333
3 0.686333 0.945333 0.152667 0.109333
3 0.532000 0.939333 0.164000 0.117333
2 0.262000 0.043667 0.210667 0.086000
