2 0.523667 0.070333 0.104667 0.087333
3 0.641667 0.074667 0.102000 0.088000
2 0.893667 0.117000 0.094000 0.106000
2 0.822667 0.196333 0.064000 0.114000
3 0.730000 0.173333 0.110667 0.126667
2 0.625000 0.175000 0.095333 0.118000
2 0.525000 0.174667 0.110000 0.126667
3 0.568667 0.321000 0.141333 0.155333
3 0.700000 0.315000 0.142667 0.146000
2 0.891000 0.312333 0.150000 0.156667
2 0.861333 0.454667 0.070667 0.110667
2 0.946000 0.483667 0.101333 0.111333
2 0.755000 0.435000 0.139333 0.139333
2 0.629000 0.553000 0.112667 0.116667
2 0.742333 0.572000 0.130000 0.160000
2 0.836333 0.564667 0.076667 0.098667
2 0.919333 0.575000 0.090667 0.082000
2 0.908333 0.665000 0.110000 0.115333
2 0.793333 0.663000 0.132000 0.094000
3 0.663333 0.663000 0.089333 0.088667
3 0.625667 0.756667 0.088667 0.134667
2 0.723000 0.774667 0.103333 0.140000
2 0.836000 0.779000 0.132000 0.146000
2 0.832667 0.908000 0.122667 0.137333
3 0.940333 0.887667 0.079333 0.078000
2 0.712333 0.917000 0.120667 0.152667
3 0.583333 0.883667 0.140000 0.119333
2 0.511000 0.779667 0.143333 0.158000
3 0.418000 0.865667 0.098667 0.132667
3 0.300000 0.867667 0.098667 0.110000
3 0.485667 0.670667 0.114000 0.126667
2 0.527667 0.465000 0.115333 0.131333
3 0.411000 0.435000 0.123333 0.127333
3 0.401333 0.548000 0.165333 0.120000
2 0.314000 0.451000 0.060000 0.062000
2 0.198667 0.438667 0.068000 0.062667
3 0.123333 0.512667 0.101333 0.100000
3 0.229000 0.516333 0.054000 0.062000
3 0.262667 0.630667 0.070667 0.082667
3 0.214667 0.768000 0.085333 0.090667
3 0.369333 0.648333 0.142667 0.140667
3 0.345667 0.752333 0.046000 0.048667
3 0.528667 0.552000 0.060000 0.064000
2 0.180333 0.622000 0.064667 0.074667
2 0.952333 0.806000 0.095333 0.129333
