0 0.098000 0.085333 0.109333 0.096000
0 0.193000 0.216667 0.064667 0.060000
0 0.418667 0.077667 0.078667 0.078000
0 0.350333 0.160000 0.104667 0.109333
0 0.432667 0.152667 0.066667 0.060000
0 0.456000 0.223000 0.085333 0.082000
0 0.494000 0.179667 0.066667 0.074000
0 0.267667 0.181333 0.054000 0.054667
0 0.296333 0.264333 0.123333 0.156667
0 0.382667 0.258000 0.077333 0.092000
0 0.302000 0.431000 0.158667 0.159333
0 0.253667 0.551333 0.130000 0.122667
0 0.469000 0.515667 0.140667 0.155333
0 0.461667 0.666333 0.063333 0.066000
0 0.294667 0.854667 0.162667 0.182667
0 0.282333 0.682333 0.147333 0.162000
0 0.579667 0.717000 0.128667 0.118000
0 0.723667 0.319667 0.086000 0.060667
0 0.874000 0.313333 0.188000 0.153333
0 0.865667 0.174000 0.058000 0.065333
0 0.734333 0.145333 0.112667 0.093333
0 0.742667 0.235333 0.100000 0.108000
0 0.643667 0.270667 0.087333 0.097333
0 0.441333 0.812000 0.070667 0.066667
0 0.443333 0.762333 0.048000 0.044667
0 0.491667 0.768333 0.048667 0.036667
0 0.952000 0.593333 0.088000 0.114667
0 0.075333 0.879333 0.073333 0.057333
0 0.075000 0.939667 0.068667 0.070000
0 0.097000 0.558667 0.092667 0.089333
0 0.197667 0.613000 0.056667 0.054000
0 0.044000 0.696000 0.077333 0.088000
0 0.374000 0.742667 0.077333 0.072000
0 0.138000 0.268000 0.056000 0.054667
0 0.201667 0.337667 0.076667 0.084667
0 0.574667 0.207000 0.084000 0.096667
0 0.554000 0.289333 0.073333 0.082667
0 0.667667 0.191333 0.058000 0.061333
0 0.751333 0.384667 0.077333 0.068000
0 0.788333 0.710667 0.082000 0.114667
0 0.744333 0.772667 0.067333 0.064000
0 0.673000 0.836000 0.058000 0.074667
0 0.626667 0.609333 0.069333 0.057333
0 0.614000 0.536333 0.073333 0.079333
0 0.953333 0.079333 0.086667 0.072000
0 0.657000 0.936667 0.067333 0.066667
0 0.707333 0.949000 0.041333 0.050000
