2 0.066667 0.138000 0.124000 0.122667
2 0.240333 0.057333 0.118000 0.094667
3 0.190333 0.165667 0.059333 0.075333
2 0.298000 0.152333 0.125333 0.151333
2 0.419000 0.067000 0.055333 0.052667
3 0.420000 0.161333 0.128000 0.133333
2 0.514667 0.060000 0.089333 0.094667
3 0.623000 0.054667 0.103333 0.105333
3 0.714667 0.078000 0.080000 0.108000
2 0.891333 0.195667 0.164000 0.171333
3 0.546333 0.173333 0.114000 0.114667
2 0.516333 0.313000 0.083333 0.083333
3 0.849667 0.342667 0.052667 0.050667
3 0.909667 0.395333 0.115333 0.093333
3 0.737667 0.419000 0.082000 0.082000
2 0.623333 0.429667 0.132000 0.122000
3 0.490000 0.434667 0.134667 0.134667
2 0.427667 0.289333 0.087333 0.108000
3 0.334000 0.284000 0.100000 0.133333
3 0.228667 0.276000 0.097333 0.112000
2 0.133667 0.283000 0.084667 0.087333
2 0.130333 0.415667 0.087333 0.091333
2 0.255667 0.416333 0.156667 0.159333
2 0.152000 0.524667 0.133333 0.114667
2 0.381333 0.431667 0.077333 0.084667
2 0.934000 0.554000 0.128000 0.124000
2 0.672333 0.538667 0.148667 0.140000
3 0.557000 0.544333 0.071333 0.068667
2 0.434667 0.546667 0.126667 0.098667
3 0.309000 0.537333 0.036667 0.042667
3 0.213000 0.640000 0.050000 0.054667
3 0.279333 0.649667 0.076000 0.090000
2 0.544333 0.660667 0.084667 0.070667
3 0.150333 0.769667 0.103333 0.072667
3 0.262667 0.772000 0.098667 0.129333
2 0.177667 0.850333 0.074000 0.083333
2 0.282667 0.861000 0.050667 0.046000
3 0.366667 0.777333 0.109333 0.140000
3 0.466000 0.781667 0.061333 0.068667
2 0.566000 0.792000 0.117333 0.180000
3 0.691667 0.797667 0.112667 0.142000
2 0.682000 0.913667 0.096000 0.104667
2 0.584000 0.924667 0.092000 0.101333
3 0.484000 0.894333 0.120000 0.156667
3 0.786667 0.878333 0.102667 0.158000
2 0.873667 0.895667 0.071333 0.112667
2 0.926333 0.827333 0.120667 0.137333
2 0.924333 0.723333 0.072667 0.081333
2 0.791000 0.695000 0.183333 0.208667
0 0.196000 0.707667 0.101333 0.079333
0 0.653667 0.258333 0.275333 0.240667
0 0.800333 0.254667 0.060667 0.056000
2 0.039333 0.640667 0.077333 0.128000
2 0.064667 0.269667 0.128000 0.160667
