1 0.742000 0.888667 0.133333 0.138667
1 0.852333 0.911667 0.150000 0.148667
1 0.829667 0.790000 0.124667 0.102667
1 0.898667 0.656667 0.173333 0.177333
1 0.711000 0.645667 0.238000 0.180667
1 0.609667 0.785667 0.238000 0.242000
1 0.498667 0.896333 0.198667 0.184667
1 0.342333 0.883000 0.132667 0.147333
1 0.202667 0.855000 0.157333 0.180667
2 0.095667 0.914333 0.143333 0.143333
1 0.458333 0.748333 0.102000 0.106000
1 0.337000 0.706000 0.150000 0.196000
2 0.170667 0.685667 0.198667 0.155333
2 0.196667 0.554667 0.192000 0.137333
1 0.464333 0.590000 0.216667 0.174667
1 0.565333 0.479333 0.168000 0.157333
1 0.732667 0.485000 0.180000 0.151333
1 0.444333 0.452333 0.084667 0.103333
1 0.326333 0.430000 0.168667 0.230667
1 0.182000 0.407333 0.154667 0.157333
1 0.057333 0.392000 0.114667 0.142667
1 0.184000 0.257333 0.236000 0.154667
1 0.433000 0.315333 0.184667 0.165333
1 0.610333 0.324667 0.206000 0.180000
1 0.480000 0.170333 0.246667 0.160667
1 0.106333 0.112667 0.198000 0.214667
1 0.621333 0.107333 0.194667 0.209333
1 0.745000 0.120667 0.186000 0.166667
1 0.872667 0.129000 0.166667 0.188667
1 0.887667 0.312667 0.212667 0.273333
1 0.730000 0.259333 0.202667 0.202667
2 0.252000 0.124333 0.141333 0.126000
0 0.681333 0.959667 0.153333 0.079333
2 0.942333 0.801667 0.111333 0.143333
2 0.394667 0.066667 0.240000 0.133333
2 0.919000 0.932000 0.154000 0.134667
