2 0.911333 0.845667 0.165333 0.186000
1 0.929000 0.699667 0.115333 0.130000
2 0.772000 0.819000 0.140000 0.170000
1 0.772000 0.685667 0.126667 0.116667
1 0.641667 0.776667 0.162000 0.137333
1 0.808333 0.569000 0.318000 0.294000
2 0.834667 0.315000 0.212000 0.211333
2 0.775667 0.174667 0.096667 0.089333
2 0.685667 0.299667 0.119333 0.163333
1 0.640667 0.117667 0.185333 0.194000
1 0.498667 0.125333 0.132000 0.201333
1 0.359333 0.093333 0.133333 0.140000
1 0.310333 0.240333 0.224667 0.246000
2 0.102667 0.323000 0.190667 0.178000
2 0.100667 0.205667 0.102667 0.076667
2 0.100000 0.081667 0.198667 0.163333
2 0.104333 0.547000 0.206000 0.286000
1 0.252000 0.488333 0.158667 0.224667
1 0.415333 0.372000 0.188000 0.202667
2 0.571000 0.401333 0.151333 0.133333
2 0.654333 0.548667 0.082000 0.096000
1 0.514000 0.541333 0.162667 0.136000
1 0.568667 0.667000 0.241333 0.179333
1 0.595667 0.912667 0.187333 0.170667
1 0.351333 0.884000 0.185333 0.166667
1 0.392333 0.721667 0.230000 0.208667
1 0.234000 0.836333 0.117333 0.120667
1 0.198667 0.723667 0.193333 0.184667
1 0.099000 0.809333 0.114000 0.130667
1 0.548667 0.274667 0.162667 0.138667
1 0.366333 0.537667 0.151333 0.140667
0 0.247333 0.110000 0.081333 0.092000
2 0.086000 0.927000 0.170667 0.144667
