2 0.083333 0.213333 0.126667 0.188000
2 0.206333 0.215667 0.150000 0.175333
2 0.276333 0.128000 0.112667 0.102667
3 0.334000 0.230333 0.097333 0.112667
2 0.088333 0.339333 0.086000 0.086667
2 0.194667 0.349667 0.132000 0.118000
2 0.310333 0.342667 0.111333 0.098667
2 0.424333 0.255000 0.094000 0.087333
3 0.506333 0.181667 0.078000 0.102000
2 0.585333 0.057333 0.089333 0.113333
3 0.758667 0.156000 0.068000 0.074667
2 0.668667 0.132333 0.064000 0.050000
2 0.647667 0.253667 0.183333 0.179333
2 0.896000 0.296333 0.170667 0.188667
2 0.832667 0.424000 0.082667 0.080000
2 0.855667 0.549667 0.179333 0.182000
2 0.826333 0.671000 0.146000 0.152667
2 0.907000 0.821000 0.179333 0.147333
2 0.759000 0.767000 0.114000 0.119333
2 0.814667 0.915000 0.164000 0.159333
2 0.623667 0.755333 0.110000 0.090667
2 0.564333 0.848333 0.152667 0.148667
3 0.485333 0.732333 0.141333 0.111333
2 0.699333 0.667000 0.113333 0.122000
2 0.600000 0.638667 0.132000 0.124000
2 0.502000 0.628000 0.077333 0.094667
2 0.655333 0.518667 0.165333 0.161333
2 0.696333 0.394000 0.086000 0.098667
2 0.558333 0.378000 0.187333 0.174667
2 0.502333 0.274667 0.052667 0.045333
2 0.417333 0.368333 0.105333 0.122000
2 0.175667 0.460000 0.103333 0.100000
2 0.077333 0.662000 0.136000 0.106667
3 0.173667 0.566667 0.062000 0.068000
2 0.239667 0.569667 0.083333 0.086000
2 0.401667 0.490667 0.118000 0.110667
2 0.524333 0.518333 0.122000 0.111333
2 0.421000 0.608000 0.087333 0.106667
2 0.326667 0.583667 0.101333 0.119333
2 0.332667 0.705333 0.141333 0.124000
2 0.152000 0.758000 0.141333 0.137333
2 0.040333 0.767667 0.074000 0.079333
2 0.075000 0.867667 0.079333 0.095333
2 0.196667 0.888000 0.156000 0.172000
2 0.312667 0.903667 0.062667 0.084667
2 0.063000 0.439000 0.090000 0.104667
0 0.784667 0.289000 0.076000 0.108667
0 0.404667 0.937667 0.052000 0.050000
0 0.419333 0.905000 0.057333 0.052667
0 0.773667 0.435000 0.039333 0.058000
0 0.261000 0.754000 0.034000 0.041333
2 0.903667 0.124667 0.192667 0.158667
2 0.945000 0.711667 0.110000 0.138000
2 0.951000 0.562000 0.098000 0.184000
2 0.512333 0.945333 0.135333 0.109333
2 0.643667 0.957667 0.111333 0.076667
2 0.446000 0.087333 0.168000 0.173333
2 0.059000 0.553667 0.116667 0.134000
2 0.186000 0.052000 0.174667 0.102667
2 0.946333 0.928333 0.107333 0.143333
