2 0.096667 0.075333 0.125333 0.144000
2 0.161667 0.160000 0.108667 0.092000
2 0.117333 0.249667 0.174667 0.198000
2 0.251000 0.245000 0.114000 0.155333
2 0.329000 0.156667 0.154000 0.168000
2 0.471000 0.156000 0.151333 0.174667
2 0.366000 0.281333 0.102667 0.101333
2 0.495000 0.318333 0.150000 0.155333
2 0.623667 0.317000 0.131333 0.150000
2 0.570333 0.445000 0.191333 0.152667
2 0.498333 0.535000 0.148667 0.124667
2 0.452333 0.619667 0.078000 0.078000
2 0.350667 0.617333 0.066667 0.069333
2 0.301333 0.501000 0.142667 0.138000
2 0.357667 0.408667 0.178000 0.169333
2 0.109667 0.383667 0.128667 0.114000
2 0.036000 0.407667 0.068000 0.083333
2 0.223333 0.377333 0.098667 0.101333
2 0.091000 0.512667 0.111333 0.130667
2 0.188667 0.518667 0.101333 0.166667
3 0.091000 0.621333 0.100667 0.094667
3 0.182667 0.713333 0.100000 0.098667
2 0.294000 0.721000 0.100000 0.119333
2 0.386667 0.733667 0.094667 0.106000
2 0.236667 0.814333 0.130667 0.139333
2 0.106000 0.832333 0.102667 0.114000
2 0.180667 0.918667 0.096000 0.100000
2 0.386000 0.864000 0.201333 0.202667
2 0.506000 0.753000 0.136000 0.144667
2 0.561000 0.643667 0.112667 0.155333
2 0.662667 0.638667 0.104000 0.178667
2 0.623667 0.754333 0.079333 0.078000
2 0.635667 0.880000 0.116667 0.129333
3 0.744333 0.892000 0.107333 0.136000
2 0.860333 0.910000 0.139333 0.158667
2 0.951000 0.792667 0.098000 0.142667
2 0.833333 0.786667 0.129333 0.128000
2 0.766667 0.651000 0.132000 0.143333
3 0.843333 0.643333 0.068000 0.069333
2 0.889667 0.569333 0.114000 0.104000
2 0.904000 0.458000 0.137333 0.109333
2 0.777000 0.463333 0.058000 0.062667
2 0.815333 0.352000 0.148000 0.133333
3 0.926333 0.360000 0.092667 0.094667
2 0.884000 0.228333 0.105333 0.150000
2 0.749333 0.211333 0.182667 0.161333
2 0.668667 0.097000 0.077333 0.079333
2 0.803333 0.095333 0.164000 0.160000
2 0.922333 0.096333 0.095333 0.127333
2 0.733333 0.547667 0.057333 0.078000
2 0.298000 0.050667 0.124000 0.100000
0 0.601000 0.117667 0.022000 0.026000
0 0.570333 0.132000 0.047333 0.041333
0 0.757000 0.780000 0.035333 0.040000
0 0.525333 0.903333 0.064000 0.050667
0 0.501333 0.866000 0.028000 0.036000
2 0.053667 0.899333 0.106000 0.133333
2 0.043667 0.769000 0.086000 0.110000
2 0.021000 0.491667 0.040667 0.086000
2 0.980000 0.472667 0.040000 0.077333
