3 0.882667 0.106000 0.084000 0.069333
3 0.872667 0.226667 0.102667 0.102667
2 0.777000 0.374000 0.160667 0.141333
2 0.631333 0.462000 0.141333 0.140000
2 0.578333 0.623667 0.158000 0.150000
2 0.869333 0.814000 0.109333 0.130667
2 0.810333 0.858333 0.094000 0.115333
2 0.707000 0.787000 0.115333 0.179333
2 0.599333 0.822000 0.110667 0.209333
2 0.495000 0.779333 0.119333 0.166667
2 0.450000 0.869667 0.090667 0.078000
2 0.404000 0.752333 0.096000 0.126000
2 0.290333 0.773333 0.123333 0.168000
2 0.185000 0.749000 0.120667 0.116667
2 0.166000 0.861667 0.122667 0.116667
2 0.296667 0.914333 0.072000 0.083333
2 0.076333 0.931000 0.110000 0.106000
2 0.091667 0.617333 0.123333 0.102667
2 0.223000 0.596333 0.111333 0.114000
3 0.346667 0.608667 0.058667 0.066667
3 0.461333 0.607333 0.065333 0.089333
2 0.432000 0.441333 0.104000 0.124000
2 0.315333 0.495000 0.132000 0.119333
3 0.095000 0.477667 0.108667 0.082000
2 0.217000 0.431333 0.151333 0.132000
2 0.321667 0.320667 0.106000 0.106667
2 0.189333 0.319333 0.133333 0.104000
2 0.088333 0.309333 0.094000 0.112000
2 0.137333 0.149667 0.165333 0.156667
3 0.272333 0.147000 0.118000 0.110000
3 0.250667 0.051000 0.080000 0.074000
2 0.366000 0.073667 0.113333 0.116667
2 0.462333 0.093000 0.056667 0.054000
2 0.477667 0.181000 0.126000 0.124667
2 0.568667 0.084333 0.125333 0.123333
3 0.679000 0.092000 0.090000 0.089333
3 0.518667 0.462333 0.038667 0.051333
3 0.362000 0.849000 0.056000 0.059333
3 0.090333 0.812000 0.075333 0.106667
0 0.182667 0.058000 0.056000 0.052000
0 0.528667 0.351333 0.048000 0.062667
2 0.928333 0.396667 0.143333 0.192000
0 0.578667 0.367667 0.077333 0.074000
2 0.494333 0.952333 0.138000 0.095333
2 0.049667 0.395000 0.096667 0.104667
0 0.031667 0.809667 0.056667 0.094000
0 0.581000 0.275000 0.059333 0.060667
0 0.660000 0.315000 0.060000 0.056667
0 0.874667 0.952667 0.105333 0.094667
