2 0.843000 0.443333 0.156667 0.133333
2 0.797333 0.535000 0.101333 0.094000
2 0.942333 0.550667 0.080667 0.100000
2 0.871667 0.686333 0.183333 0.211333
2 0.966333 0.675667 0.067333 0.111333
2 0.738333 0.645667 0.106000 0.118000
2 0.715000 0.749000 0.215333 0.163333
2 0.740333 0.869667 0.168667 0.111333
2 0.852667 0.859667 0.098667 0.151333
2 0.602000 0.863000 0.089333 0.108667
0 0.035000 0.159000 0.068667 0.098000
0 0.074333 0.241000 0.086000 0.086000
0 0.064000 0.385667 0.126667 0.118000
0 0.120667 0.450000 0.094667 0.068000
0 0.177667 0.293000 0.115333 0.120667
0 0.474333 0.238667 0.108667 0.126667
0 0.456667 0.376333 0.117333 0.104667
0 0.196000 0.180667 0.084000 0.096000
0 0.273000 0.239000 0.079333 0.123333
0 0.298667 0.452667 0.157333 0.153333
0 0.262000 0.631000 0.221333 0.136667
0 0.144000 0.697667 0.096000 0.110000
0 0.112000 0.769000 0.096000 0.060667
0 0.376667 0.168000 0.141333 0.146667
0 0.462333 0.160000 0.054000 0.057333
0 0.062000 0.068333 0.053333 0.070000
0 0.147000 0.062667 0.135333 0.124000
2 0.945000 0.875667 0.107333 0.175333
2 0.651667 0.958667 0.127333 0.082667
2 0.784000 0.960667 0.141333 0.078667
2 0.949000 0.435333 0.099333 0.160000
