3 0.199333 0.102667 0.074667 0.093333
2 0.334333 0.093667 0.147333 0.155333
1 0.468000 0.116333 0.137333 0.148667
2 0.591000 0.142667 0.114000 0.140000
2 0.693667 0.169667 0.114000 0.147333
2 0.683333 0.055333 0.129333 0.106667
2 0.806333 0.076000 0.127333 0.132000
2 0.930000 0.093000 0.130667 0.148667
2 0.916667 0.209333 0.112000 0.126667
2 0.783667 0.211333 0.151333 0.141333
2 0.087000 0.220000 0.152667 0.158667
2 0.217667 0.209333 0.116667 0.142667
2 0.344333 0.237333 0.140667 0.165333
2 0.469667 0.259000 0.116667 0.144667
2 0.597667 0.303333 0.150000 0.161333
2 0.798667 0.337333 0.173333 0.126667
2 0.862333 0.471667 0.223333 0.187333
2 0.712667 0.547000 0.101333 0.071333
2 0.582000 0.574000 0.154667 0.158667
2 0.545667 0.417667 0.143333 0.146000
2 0.410000 0.418667 0.137333 0.202667
2 0.282667 0.408667 0.158667 0.225333
1 0.162667 0.363000 0.124000 0.158000
2 0.055000 0.372000 0.108667 0.162667
2 0.209000 0.520333 0.214000 0.154000
2 0.203333 0.640667 0.097333 0.100000
2 0.184667 0.735333 0.188000 0.166667
2 0.043000 0.731000 0.084667 0.088667
2 0.070667 0.838000 0.134667 0.122667
2 0.410333 0.683667 0.208667 0.242000
2 0.517333 0.703333 0.064000 0.092000
2 0.257000 0.868333 0.164667 0.208667
2 0.388333 0.899000 0.116667 0.188667
2 0.553333 0.831000 0.228000 0.139333
2 0.616667 0.700333 0.145333 0.170000
2 0.730667 0.699333 0.093333 0.100000
2 0.719000 0.828333 0.119333 0.158000
2 0.830667 0.867333 0.126667 0.130667
2 0.943667 0.875333 0.108667 0.177333
2 0.845667 0.718000 0.148667 0.168000
0 0.943667 0.330000 0.112667 0.101333
0 0.741667 0.962333 0.112667 0.075333
2 0.087000 0.582000 0.172667 0.216000
0 0.767667 0.414000 0.054000 0.058667
2 0.558667 0.042667 0.132000 0.084000
2 0.948000 0.730333 0.097333 0.147333
