2 0.165333 0.097000 0.154667 0.146000
2 0.378000 0.047000 0.104000 0.090000
2 0.338667 0.135333 0.129333 0.166667
2 0.446333 0.165000 0.114000 0.156667
2 0.486667 0.049667 0.105333 0.095333
2 0.587667 0.116333 0.176667 0.174000
2 0.723667 0.149000 0.140667 0.206000
2 0.849333 0.142667 0.117333 0.134667
2 0.802667 0.279000 0.204000 0.174000
2 0.563333 0.206000 0.122667 0.102667
2 0.832667 0.371333 0.117333 0.108000
2 0.687667 0.329333 0.126000 0.102667
2 0.538000 0.331667 0.166667 0.146000
2 0.717333 0.423000 0.069333 0.082000
2 0.880333 0.493667 0.084667 0.078000
2 0.744000 0.533333 0.138667 0.132000
3 0.640000 0.513000 0.068000 0.083333
2 0.674333 0.632333 0.119333 0.132667
2 0.767333 0.651000 0.077333 0.090000
2 0.908333 0.677333 0.171333 0.176000
2 0.909333 0.807000 0.181333 0.135333
2 0.905667 0.924000 0.156667 0.138667
3 0.770667 0.894333 0.132000 0.120667
2 0.784000 0.770667 0.122667 0.142667
2 0.654333 0.773333 0.154000 0.162667
2 0.649333 0.878333 0.082667 0.086000
2 0.527333 0.853333 0.133333 0.141333
2 0.518667 0.497333 0.141333 0.130667
2 0.532667 0.628000 0.122667 0.136000
2 0.482667 0.722667 0.105333 0.113333
2 0.409000 0.837000 0.114000 0.118000
3 0.298000 0.916667 0.089333 0.101333
2 0.075667 0.869667 0.124667 0.114000
2 0.197000 0.781667 0.084667 0.115333
2 0.299333 0.813000 0.105333 0.075333
3 0.203667 0.889333 0.078000 0.069333
2 0.093000 0.740667 0.123333 0.144000
2 0.107000 0.560000 0.138000 0.166667
2 0.074333 0.647667 0.144667 0.136667
2 0.238667 0.594000 0.132000 0.142667
2 0.303667 0.597667 0.086000 0.094000
2 0.305333 0.715667 0.104000 0.127333
2 0.391000 0.719667 0.088667 0.124667
2 0.413000 0.604667 0.111333 0.122667
2 0.389667 0.471333 0.122000 0.144000
2 0.268000 0.456667 0.142667 0.152000
2 0.158333 0.440667 0.120667 0.122667
2 0.374333 0.332333 0.136667 0.132667
2 0.301000 0.277667 0.116667 0.143333
2 0.195000 0.217000 0.147333 0.124667
2 0.203667 0.335333 0.158000 0.136000
2 0.102333 0.307333 0.122000 0.158667
2 0.936667 0.271333 0.126667 0.132000
2 0.934000 0.413000 0.132000 0.148667
2 0.054000 0.076000 0.106667 0.106667
2 0.073333 0.179667 0.145333 0.170000
2 0.399333 0.944333 0.148000 0.111333
2 0.532667 0.959667 0.110667 0.080667
2 0.648333 0.957667 0.120667 0.084667
2 0.754667 0.044667 0.168000 0.088000
