0 0.480000 0.560333 0.112000 0.108667
0 0.710000 0.508667 0.170667 0.166667
0 0.749667 0.369667 0.163333 0.131333
0 0.491667 0.446000 0.164667 0.116000
0 0.481333 0.356667 0.108000 0.077333
0 0.584000 0.258000 0.162667 0.180000
0 0.713000 0.183000 0.108667 0.119333
0 0.811667 0.177667 0.110000 0.090000
0 0.902333 0.253667 0.187333 0.172667
0 0.891667 0.542667 0.140667 0.113333
0 0.766000 0.703000 0.112000 0.130000
0 0.648000 0.625667 0.093333 0.106000
0 0.903333 0.700333 0.142667 0.124667
0 0.923000 0.818333 0.111333 0.086000
0 0.848333 0.917333 0.128667 0.130667
0 0.751333 0.840333 0.224000 0.192667
0 0.621000 0.756000 0.066000 0.096000
0 0.663667 0.720667 0.066000 0.076000
0 0.531667 0.759667 0.128667 0.134000
0 0.439333 0.702333 0.197333 0.152667
0 0.284000 0.704667 0.116000 0.140000
0 0.293000 0.840667 0.130000 0.106667
0 0.301333 0.571000 0.141333 0.135333
0 0.173000 0.563667 0.115333 0.160667
0 0.259000 0.315667 0.126000 0.140667
0 0.188000 0.702333 0.084000 0.115333
0 0.167000 0.805000 0.096667 0.088667
0 0.101667 0.917333 0.179333 0.165333
0 0.273333 0.943667 0.140000 0.112667
0 0.058000 0.777333 0.114667 0.121333
0 0.074000 0.664333 0.146667 0.140667
0 0.125667 0.089667 0.176667 0.178000
0 0.260667 0.164333 0.129333 0.166000
0 0.393000 0.213333 0.126000 0.169333
0 0.480667 0.250333 0.094667 0.138000
0 0.815333 0.072333 0.102667 0.082000
0 0.954333 0.448667 0.091333 0.165333
0 0.760000 0.587667 0.068000 0.067333
0 0.392667 0.353333 0.072000 0.065333
0 0.146000 0.382333 0.129333 0.144667
0 0.525667 0.061667 0.106000 0.110000
0 0.806333 0.507667 0.044667 0.054000
0 0.615333 0.484000 0.065333 0.116000
0 0.108000 0.522000 0.129333 0.129333
