2 0.168667 0.057667 0.077333 0.083333
2 0.073000 0.174000 0.124667 0.113333
2 0.291667 0.142333 0.240667 0.247333
2 0.510667 0.067000 0.130667 0.122000
2 0.630667 0.100000 0.057333 0.068000
2 0.761000 0.101667 0.143333 0.139333
2 0.850000 0.046667 0.065333 0.068000
2 0.938333 0.143667 0.116667 0.114000
2 0.852667 0.271333 0.132000 0.210667
2 0.733333 0.263333 0.098667 0.201333
2 0.639667 0.234333 0.106000 0.184667
2 0.509667 0.207333 0.159333 0.177333
2 0.088333 0.317667 0.150000 0.184667
2 0.226000 0.312333 0.133333 0.151333
2 0.348667 0.309667 0.140000 0.187333
2 0.480667 0.352333 0.132000 0.176667
2 0.618333 0.379000 0.146000 0.159333
2 0.553667 0.497000 0.183333 0.154000
3 0.390333 0.494333 0.159333 0.154000
2 0.239000 0.472000 0.154000 0.160000
2 0.107667 0.464667 0.124667 0.134667
2 0.127333 0.842000 0.164000 0.177333
2 0.225667 0.596333 0.119333 0.119333
2 0.285000 0.724000 0.187333 0.153333
2 0.271333 0.865000 0.136000 0.140667
2 0.443333 0.871333 0.198667 0.200000
2 0.551000 0.770000 0.123333 0.109333
2 0.344333 0.600667 0.123333 0.097333
3 0.446000 0.617000 0.070667 0.072667
2 0.567333 0.634333 0.125333 0.107333
2 0.687333 0.652333 0.134667 0.154000
2 0.705000 0.794667 0.188667 0.166667
2 0.857000 0.779667 0.162000 0.206000
2 0.841667 0.549000 0.154000 0.139333
2 0.875667 0.427333 0.172667 0.132000
0 0.665000 0.878333 0.079333 0.079333
0 0.809000 0.652333 0.092667 0.099333
2 0.378000 0.070000 0.150667 0.138667
2 0.933333 0.673333 0.133333 0.252000
2 0.959333 0.838000 0.081333 0.101333
2 0.068000 0.696000 0.134667 0.168000
2 0.054667 0.563333 0.108000 0.149333
3 0.941000 0.048667 0.108667 0.096000
