2 0.245333 0.097667 0.136000 0.170000
2 0.382000 0.117000 0.142667 0.222000
2 0.158333 0.203667 0.210000 0.151333
3 0.179333 0.322667 0.168000 0.125333
2 0.324333 0.324000 0.088667 0.100000
3 0.174667 0.483667 0.166667 0.196667
3 0.298000 0.506000 0.110667 0.194667
2 0.436000 0.481667 0.160000 0.195333
2 0.402000 0.637000 0.177333 0.151333
3 0.283333 0.746333 0.148000 0.162000
3 0.087333 0.838667 0.160000 0.165333
2 0.515333 0.782333 0.226667 0.203333
2 0.821000 0.910000 0.190000 0.180000
2 0.938333 0.804333 0.122000 0.111333
2 0.848667 0.697000 0.134667 0.190000
2 0.685333 0.684333 0.194667 0.218000
2 0.850667 0.531000 0.192000 0.160667
3 0.623667 0.526333 0.198000 0.182000
2 0.880667 0.395333 0.190667 0.129333
2 0.642333 0.367000 0.144667 0.127333
3 0.506667 0.363667 0.101333 0.095333
3 0.457667 0.234000 0.155333 0.169333
3 0.593000 0.243333 0.118000 0.161333
3 0.701333 0.248333 0.112000 0.179333
2 0.835333 0.247000 0.156000 0.192667
2 0.945333 0.262000 0.109333 0.156000
2 0.931667 0.132333 0.115333 0.111333
2 0.673000 0.105333 0.175333 0.121333
3 0.517333 0.091000 0.146667 0.143333
0 0.170000 0.706000 0.112000 0.116000
0 0.557333 0.910667 0.076000 0.066667
0 0.282667 0.249667 0.062667 0.050000
0 0.055667 0.470000 0.110000 0.156000
2 0.949333 0.668333 0.101333 0.182000
2 0.118667 0.083000 0.129333 0.164667
2 0.953333 0.926000 0.093333 0.142667
3 0.897333 0.051000 0.122667 0.100667
3 0.045333 0.597000 0.086667 0.127333
3 0.114333 0.945333 0.144667 0.109333
