2 0.938667 0.564667 0.122667 0.125333
2 0.960000 0.700000 0.080000 0.088000
2 0.925000 0.771333 0.138000 0.138667
2 0.889000 0.849000 0.092667 0.086000
2 0.786667 0.751000 0.166667 0.138000
2 0.746667 0.831667 0.105333 0.104667
2 0.691000 0.931667 0.116667 0.112667
0 0.038000 0.177667 0.060000 0.072667
0 0.036000 0.040000 0.054667 0.078667
0 0.103000 0.114000 0.090000 0.072000
0 0.400333 0.074667 0.087333 0.094667
0 0.317667 0.317333 0.088667 0.093333
0 0.486333 0.096333 0.084667 0.082000
0 0.540667 0.123667 0.089333 0.079333
0 0.574000 0.190000 0.110667 0.090667
0 0.404667 0.683667 0.114667 0.095333
0 0.040667 0.526333 0.064000 0.083333
0 0.075667 0.747000 0.098000 0.079333
0 0.040667 0.867333 0.065333 0.096000
0 0.425000 0.537000 0.108667 0.119333
0 0.034667 0.041667 0.052000 0.080667
0 0.360667 0.160333 0.152000 0.096667
0 0.847333 0.653000 0.129333 0.127333
0 0.943000 0.923000 0.023333 0.035333
0 0.223333 0.549333 0.082667 0.113333
0 0.242000 0.755000 0.148000 0.134000
0 0.210000 0.905333 0.228000 0.168000
0 0.320333 0.494333 0.128667 0.116667
0 0.138333 0.150333 0.072667 0.084667
0 0.234667 0.154333 0.130667 0.114000
0 0.136667 0.237000 0.120000 0.084667
0 0.286333 0.080333 0.139333 0.115333
0 0.212000 0.296667 0.098667 0.090667
0 0.458667 0.312333 0.200000 0.206000
0 0.150000 0.469667 0.086667 0.079333
0 0.020667 0.354000 0.040000 0.065333
0 0.094667 0.354000 0.144000 0.152000
0 0.741667 0.078667 0.128667 0.156000
0 0.140000 0.594333 0.105333 0.095333
2 0.821333 0.941333 0.162667 0.117333
2 0.916667 0.956667 0.082667 0.086667
