2 0.193667 0.767333 0.083333 0.100000
2 0.088333 0.881667 0.124667 0.107333
2 0.170333 0.904667 0.044667 0.056000
0 0.672667 0.544667 0.037333 0.040000
0 0.631000 0.455333 0.022000 0.022667
0 0.700667 0.440667 0.016000 0.020000
0 0.727667 0.437333 0.020667 0.021333
0 0.772333 0.391000 0.058000 0.059333
0 0.922667 0.515333 0.073333 0.080000
0 0.972333 0.486333 0.055333 0.103333
0 0.609667 0.801000 0.024667 0.031333
0 0.642333 0.837667 0.042000 0.056667
0 0.693000 0.844000 0.043333 0.058667
0 0.722000 0.800333 0.109333 0.088667
0 0.610000 0.727333 0.042667 0.046667
0 0.676667 0.747000 0.098667 0.104667
0 0.840333 0.920333 0.064667 0.059333
0 0.320333 0.780667 0.035333 0.042667
0 0.490333 0.707333 0.034000 0.045333
0 0.338333 0.898667 0.066000 0.062667
0 0.269333 0.898667 0.094667 0.113333
0 0.318333 0.658333 0.206000 0.162000
0 0.317000 0.393667 0.415333 0.390000
0 0.267667 0.109333 0.374000 0.217333
0 0.544000 0.232000 0.045333 0.046667
0 0.524000 0.417333 0.184000 0.413333
0 0.620333 0.288333 0.031333 0.039333
0 0.639000 0.276333 0.020667 0.032667
0 0.658667 0.240667 0.032000 0.033333
0 0.699000 0.204333 0.051333 0.067333
0 0.743333 0.703667 0.061333 0.055333
0 0.904000 0.680333 0.044000 0.040667
0 0.687667 0.928000 0.063333 0.065333
0 0.845000 0.175000 0.307333 0.315333
