3 0.755667 0.148667 0.138000 0.132000
2 0.526333 0.117000 0.210000 0.178000
2 0.252667 0.072667 0.098667 0.108000
2 0.336000 0.147000 0.048000 0.051333
2 0.263667 0.245667 0.118000 0.110000
3 0.047333 0.235000 0.090667 0.080667
2 0.102000 0.329000 0.097333 0.087333
2 0.080667 0.427000 0.121333 0.122000
2 0.219667 0.421333 0.151333 0.177333
2 0.314667 0.345000 0.072000 0.083333
2 0.388333 0.362333 0.091333 0.118000
3 0.504333 0.367667 0.090000 0.087333
3 0.443667 0.436333 0.058000 0.063333
2 0.192333 0.603667 0.163333 0.154000
2 0.199333 0.769667 0.182667 0.180667
2 0.110667 0.888667 0.100000 0.121333
2 0.209000 0.924000 0.083333 0.122667
2 0.293000 0.913000 0.079333 0.108667
2 0.584333 0.917667 0.090000 0.095333
3 0.613000 0.431000 0.032667 0.039333
2 0.683667 0.363000 0.090000 0.104667
3 0.962667 0.270667 0.074667 0.076000
2 0.782667 0.453667 0.174667 0.148667
2 0.906667 0.437667 0.068000 0.086000
2 0.866667 0.587333 0.101333 0.098667
2 0.890333 0.725333 0.123333 0.120000
2 0.948667 0.830000 0.101333 0.112000
3 0.913000 0.921333 0.114000 0.108000
3 0.818667 0.910333 0.072000 0.078000
2 0.816000 0.799667 0.117333 0.115333
2 0.735333 0.708000 0.128000 0.126667
2 0.694667 0.801667 0.112000 0.111333
2 0.609000 0.712333 0.108667 0.120667
3 0.507667 0.687667 0.083333 0.086000
2 0.440333 0.781667 0.082000 0.079333
3 0.317333 0.675000 0.041333 0.050000
2 0.408333 0.667000 0.115333 0.130000
2 0.494667 0.560333 0.173333 0.178000
2 0.626333 0.572000 0.095333 0.112000
2 0.739667 0.585000 0.124667 0.116667
3 0.161333 0.043667 0.073333 0.084667
2 0.230333 0.275333 0.047333 0.056000
0 0.867667 0.141667 0.058000 0.054000
2 0.073333 0.709000 0.141333 0.238000
3 0.898000 0.051000 0.130667 0.100667
