2 0.127000 0.287333 0.224667 0.170667
2 0.339667 0.326667 0.172667 0.161333
1 0.062333 0.525667 0.115333 0.150000
2 0.209667 0.555000 0.204667 0.220667
2 0.150000 0.419667 0.173333 0.131333
2 0.303000 0.468667 0.110000 0.136000
2 0.436000 0.413667 0.157333 0.174000
2 0.522000 0.444667 0.070667 0.072000
2 0.534667 0.310000 0.160000 0.169333
2 0.657000 0.346333 0.131333 0.142000
2 0.768000 0.147000 0.078667 0.092667
2 0.880000 0.042667 0.074667 0.076000
2 0.628333 0.113667 0.122000 0.143333
2 0.895667 0.469333 0.179333 0.168000
2 0.738000 0.466333 0.128000 0.151333
2 0.744333 0.715000 0.148667 0.151333
2 0.855667 0.723333 0.040667 0.040000
2 0.604667 0.825333 0.133333 0.113333
2 0.547000 0.722667 0.218000 0.172000
2 0.561000 0.563667 0.156667 0.159333
2 0.397000 0.566333 0.182000 0.151333
2 0.166000 0.773333 0.216000 0.188000
2 0.058333 0.930333 0.112667 0.138000
2 0.632000 0.935667 0.045333 0.046000
2 0.389667 0.201667 0.158000 0.127333
2 0.192000 0.928000 0.169333 0.144000
0 0.375333 0.120333 0.084000 0.066000
0 0.496667 0.166000 0.076000 0.084000
0 0.758667 0.270000 0.037333 0.052000
0 0.193000 0.137333 0.038000 0.046667
0 0.240667 0.105667 0.060000 0.052667
2 0.914000 0.651667 0.172000 0.202000
2 0.397000 0.883333 0.264667 0.233333
2 0.091000 0.158667 0.180667 0.188000
2 0.750333 0.954667 0.135333 0.090667
2 0.900667 0.967667 0.088000 0.064667
2 0.944333 0.860000 0.111333 0.189333
2 0.945333 0.354000 0.109333 0.130667
2 0.079000 0.063667 0.156667 0.123333
2 0.086000 0.673000 0.170667 0.158000
