2 0.083667 0.079000 0.082000 0.090000
2 0.171667 0.094333 0.108667 0.148667
2 0.261667 0.108000 0.078000 0.106667
2 0.348000 0.112667 0.108000 0.133333
2 0.440333 0.112000 0.090000 0.126667
2 0.556333 0.117667 0.150000 0.192667
2 0.637667 0.122000 0.082000 0.112000
2 0.714000 0.100333 0.096000 0.136667
2 0.782667 0.096333 0.069333 0.094000
2 0.854000 0.148333 0.101333 0.087333
2 0.775667 0.187000 0.083333 0.076667
3 0.960000 0.077667 0.068000 0.087333
2 0.875000 0.284333 0.131333 0.171333
2 0.964000 0.301333 0.065333 0.096000
1 0.763000 0.265000 0.083333 0.115333
1 0.638667 0.259000 0.134667 0.150000
1 0.550000 0.242000 0.078667 0.086667
2 0.582667 0.352333 0.144000 0.120667
2 0.716000 0.376000 0.113333 0.106667
2 0.803000 0.381667 0.082000 0.087333
2 0.909667 0.404000 0.074000 0.076000
2 0.879333 0.515333 0.162667 0.200000
2 0.761000 0.491667 0.112667 0.118000
2 0.653667 0.470000 0.116667 0.130667
2 0.559000 0.457333 0.088667 0.097333
2 0.445333 0.451000 0.164000 0.176667
1 0.309000 0.457333 0.122000 0.117333
2 0.360000 0.343000 0.098667 0.120667
2 0.261333 0.335000 0.132000 0.127333
2 0.343333 0.231667 0.168000 0.120667
2 0.123000 0.225667 0.139333 0.119333
2 0.108333 0.400333 0.171333 0.147333
2 0.140333 0.543000 0.187333 0.179333
1 0.334000 0.566333 0.164000 0.112667
1 0.471000 0.599000 0.140667 0.144667
2 0.589000 0.556667 0.120667 0.118667
2 0.671000 0.594333 0.076667 0.084667
1 0.775667 0.613667 0.178000 0.138000
2 0.565333 0.697667 0.148000 0.142000
2 0.774333 0.712000 0.134000 0.104000
1 0.904333 0.714333 0.176667 0.208667
1 0.383667 0.694667 0.184667 0.141333
2 0.254667 0.646333 0.138667 0.142000
2 0.217333 0.774000 0.144000 0.138667
2 0.141667 0.843333 0.092667 0.089333
2 0.036667 0.673333 0.066667 0.070667
1 0.255333 0.847000 0.165333 0.171333
2 0.383333 0.894333 0.126667 0.179333
2 0.518000 0.879000 0.137333 0.218000
2 0.725000 0.788667 0.123333 0.134667
1 0.874667 0.916333 0.164000 0.142000
2 0.658333 0.917000 0.172667 0.131333
2 0.604667 0.794000 0.145333 0.124000
1 0.917333 0.844333 0.158667 0.123333
2 0.261333 0.538333 0.064000 0.066000
2 0.952667 0.170667 0.094667 0.102667
2 0.059000 0.841333 0.116667 0.176000
