2 0.123000 0.201667 0.152667 0.160667
2 0.252667 0.244000 0.124000 0.142667
2 0.112000 0.367667 0.200000 0.238000
2 0.393333 0.230000 0.101333 0.104000
2 0.378333 0.107333 0.142000 0.210667
2 0.543000 0.126000 0.226000 0.212000
2 0.508333 0.253000 0.118000 0.114000
2 0.656333 0.279667 0.136667 0.158000
2 0.757000 0.162333 0.079333 0.087333
2 0.789667 0.286333 0.147333 0.150000
2 0.814000 0.394000 0.068000 0.076000
2 0.864667 0.511333 0.180000 0.174667
2 0.743000 0.514333 0.082000 0.086000
2 0.902667 0.669000 0.126667 0.146000
2 0.782000 0.671333 0.140000 0.161333
2 0.684667 0.618333 0.126667 0.111333
2 0.641667 0.514333 0.118000 0.114000
2 0.541667 0.507000 0.068667 0.083333
2 0.514333 0.395000 0.083333 0.111333
2 0.368667 0.369000 0.189333 0.174000
2 0.412000 0.515000 0.138667 0.143333
2 0.281667 0.488000 0.148667 0.156000
2 0.291667 0.597333 0.102000 0.097333
1 0.198667 0.571000 0.124000 0.144667
2 0.082667 0.568000 0.164000 0.146667
2 0.103667 0.703333 0.191333 0.174667
2 0.233333 0.717667 0.093333 0.107333
2 0.364000 0.713000 0.173333 0.186000
2 0.423000 0.826667 0.178000 0.161333
2 0.208667 0.858667 0.157333 0.186667
2 0.064667 0.878667 0.125333 0.168000
2 0.533333 0.816000 0.078667 0.082667
2 0.608667 0.741333 0.149333 0.138667
2 0.814667 0.856667 0.142667 0.142667
2 0.528667 0.922667 0.096000 0.090667
2 0.505667 0.599333 0.059333 0.066667
2 0.921333 0.852000 0.157333 0.201333
0 0.653000 0.406333 0.066000 0.075333
2 0.157000 0.079000 0.239333 0.156667
2 0.939333 0.413333 0.121333 0.176000
2 0.412667 0.937333 0.130667 0.125333
2 0.297000 0.934333 0.160667 0.131333
