2 0.070000 0.245667 0.136000 0.174000
2 0.203667 0.256667 0.152667 0.170667
2 0.298000 0.150333 0.161333 0.170000
2 0.432000 0.174000 0.060000 0.064000
2 0.774667 0.083333 0.138667 0.134667
2 0.929667 0.096000 0.140667 0.161333
2 0.768000 0.200333 0.173333 0.191333
2 0.637000 0.181667 0.114000 0.156667
2 0.534000 0.190000 0.100000 0.112000
2 0.425000 0.280333 0.151333 0.156667
2 0.552000 0.305333 0.100000 0.129333
2 0.658667 0.341667 0.140000 0.160667
2 0.789000 0.359333 0.120667 0.132000
2 0.904333 0.381000 0.115333 0.119333
2 0.909000 0.534333 0.163333 0.174000
2 0.741000 0.509333 0.188667 0.140000
2 0.592333 0.455333 0.060667 0.065333
2 0.484000 0.461000 0.138667 0.148667
2 0.324333 0.429000 0.172667 0.176667
2 0.379000 0.572667 0.150000 0.142667
2 0.173667 0.412000 0.140667 0.137333
3 0.069000 0.385333 0.076667 0.088000
2 0.052667 0.530333 0.104000 0.151333
2 0.213000 0.571667 0.186000 0.187333
2 0.096667 0.696000 0.177333 0.138667
2 0.082667 0.825333 0.153333 0.125333
2 0.222333 0.711333 0.079333 0.092000
2 0.357667 0.733000 0.226000 0.180667
2 0.273667 0.843333 0.146000 0.138667
2 0.199333 0.929333 0.128000 0.133333
3 0.413000 0.866333 0.122000 0.123333
3 0.489667 0.819333 0.088667 0.096000
2 0.519000 0.935667 0.088667 0.115333
2 0.684000 0.863667 0.156000 0.138000
2 0.738667 0.769000 0.137333 0.176667
2 0.829000 0.824333 0.124667 0.210000
2 0.898667 0.786000 0.070667 0.129333
2 0.940667 0.892333 0.118667 0.164667
3 0.156000 0.140333 0.076000 0.070000
0 0.541667 0.577667 0.070000 0.060667
0 0.805667 0.635333 0.048667 0.050667
0 0.599667 0.606000 0.055333 0.068000
0 0.761333 0.639333 0.048000 0.053333
0 0.791333 0.682667 0.049333 0.042667
2 0.167000 0.064000 0.224667 0.126667
2 0.374000 0.946333 0.157333 0.107333
2 0.622667 0.936333 0.129333 0.123333
2 0.523667 0.067000 0.178000 0.132667
