2 0.219000 0.149667 0.114000 0.107333
2 0.297000 0.054667 0.112667 0.108000
2 0.437333 0.063667 0.140000 0.126000
2 0.382667 0.149667 0.156000 0.131333
2 0.349333 0.262333 0.133333 0.146000
2 0.237000 0.269667 0.108667 0.142000
2 0.146667 0.267000 0.102667 0.114000
2 0.139000 0.458667 0.176667 0.138667
2 0.198667 0.595667 0.132000 0.156667
2 0.308333 0.584333 0.092667 0.082000
2 0.052333 0.784667 0.088667 0.134667
2 0.187000 0.822000 0.211333 0.240000
2 0.304333 0.714333 0.112667 0.147333
2 0.404000 0.697333 0.098667 0.133333
2 0.419667 0.820667 0.086000 0.113333
3 0.516667 0.731667 0.118667 0.112667
2 0.566667 0.866333 0.165333 0.162000
3 0.682667 0.859333 0.049333 0.062667
2 0.802000 0.911667 0.192000 0.142000
2 0.929000 0.820000 0.110000 0.138667
2 0.677667 0.756000 0.112667 0.077333
2 0.797667 0.779333 0.147333 0.130667
2 0.923333 0.682000 0.153333 0.152000
2 0.788333 0.667667 0.108667 0.115333
2 0.675000 0.632333 0.120667 0.155333
2 0.543667 0.610000 0.139333 0.144000
2 0.439000 0.517667 0.187333 0.154000
2 0.426333 0.387333 0.179333 0.126667
2 0.569000 0.422667 0.116667 0.220000
2 0.682000 0.449667 0.109333 0.187333
2 0.830667 0.538667 0.160000 0.129333
2 0.796333 0.431667 0.114000 0.107333
3 0.825000 0.324667 0.062000 0.081333
2 0.752000 0.309000 0.077333 0.086000
2 0.917333 0.194667 0.130667 0.130667
2 0.856000 0.066333 0.100000 0.131333
2 0.711667 0.073333 0.158000 0.142667
2 0.532333 0.151000 0.083333 0.095333
2 0.475000 0.242667 0.131333 0.140000
2 0.636667 0.167667 0.138667 0.126000
2 0.644667 0.274000 0.140000 0.146667
2 0.768333 0.205333 0.112667 0.126667
2 0.242000 0.411333 0.050667 0.053333
0 0.322333 0.898000 0.051333 0.066667
2 0.054667 0.256000 0.108000 0.146667
2 0.090333 0.074667 0.155333 0.137333
2 0.933000 0.316333 0.127333 0.143333
2 0.935000 0.439667 0.123333 0.139333
2 0.066333 0.583667 0.127333 0.174000
