2 0.916667 0.237000 0.088000 0.087333
2 0.865667 0.168000 0.131333 0.129333
2 0.758333 0.127667 0.068667 0.112667
2 0.717333 0.046333 0.105333 0.086000
2 0.582000 0.135667 0.237333 0.251333
3 0.431333 0.246333 0.058667 0.072667
2 0.289000 0.345000 0.054000 0.055333
3 0.329667 0.220667 0.055333 0.060000
3 0.269333 0.224000 0.062667 0.066667
2 0.159000 0.215333 0.114000 0.133333
2 0.293000 0.099667 0.107333 0.143333
2 0.089667 0.332333 0.070000 0.066000
2 0.784333 0.256333 0.067333 0.080667
3 0.762000 0.314333 0.102667 0.083333
2 0.727667 0.390667 0.107333 0.105333
2 0.833000 0.440333 0.116667 0.116667
2 0.795333 0.502667 0.097333 0.104000
2 0.713000 0.494667 0.088667 0.105333
2 0.595333 0.504000 0.136000 0.190667
3 0.470667 0.362667 0.129333 0.138667
2 0.417333 0.463000 0.194667 0.188667
2 0.266667 0.458000 0.134667 0.173333
2 0.142333 0.449000 0.124667 0.124667
2 0.180667 0.583667 0.157333 0.155333
2 0.300000 0.591333 0.093333 0.098667
2 0.155667 0.721000 0.115333 0.119333
3 0.343000 0.734667 0.059333 0.065333
2 0.435333 0.620667 0.194667 0.173333
2 0.584333 0.640667 0.080667 0.084000
2 0.254333 0.868333 0.223333 0.214000
2 0.543667 0.894667 0.214000 0.208000
2 0.605667 0.757333 0.154000 0.158667
2 0.729000 0.762333 0.082000 0.079333
2 0.755667 0.880333 0.128667 0.123333
2 0.743000 0.632667 0.090000 0.108000
2 0.178333 0.067333 0.124667 0.133333
2 0.802667 0.141333 0.037333 0.084000
2 0.063667 0.058333 0.098000 0.115333
3 0.050000 0.697333 0.098667 0.112000
2 0.052333 0.169333 0.103333 0.166667
2 0.055667 0.543000 0.110000 0.176667
3 0.082333 0.934333 0.142000 0.131333
