2 0.088333 0.124333 0.147333 0.150000
2 0.491000 0.051667 0.078000 0.091333
3 0.650667 0.061000 0.077333 0.084667
2 0.744333 0.080000 0.092667 0.104000
3 0.396667 0.046333 0.064000 0.086000
3 0.373667 0.151333 0.095333 0.096000
2 0.472333 0.159333 0.095333 0.101333
2 0.376667 0.252000 0.132000 0.105333
3 0.566000 0.274000 0.053333 0.064000
3 0.106333 0.244333 0.050000 0.048667
2 0.894000 0.204667 0.102667 0.089333
3 0.869000 0.296333 0.152667 0.144667
2 0.387000 0.369000 0.155333 0.126000
3 0.499333 0.381000 0.097333 0.106000
3 0.626333 0.397667 0.148667 0.155333
2 0.752667 0.418000 0.104000 0.104000
2 0.425000 0.500000 0.128667 0.134667
2 0.534000 0.486333 0.102667 0.116667
2 0.685667 0.522000 0.119333 0.112000
2 0.797333 0.525333 0.104000 0.102667
2 0.882000 0.608667 0.098667 0.086667
2 0.931333 0.721000 0.092000 0.086000
3 0.826667 0.705333 0.101333 0.101333
3 0.796000 0.620667 0.073333 0.093333
2 0.707667 0.630333 0.122000 0.126000
2 0.576667 0.606667 0.134667 0.124000
2 0.627000 0.699000 0.106000 0.063333
2 0.705333 0.812333 0.170667 0.151333
2 0.642667 0.916333 0.064000 0.068667
2 0.083667 0.354333 0.082000 0.078000
2 0.062000 0.473333 0.066667 0.104000
2 0.168333 0.456333 0.154000 0.151333
2 0.242333 0.565667 0.106000 0.099333
3 0.280000 0.470667 0.058667 0.070667
2 0.121333 0.644333 0.133333 0.120667
2 0.070000 0.761333 0.128000 0.138667
2 0.181333 0.774667 0.128000 0.148000
2 0.299333 0.672000 0.174667 0.160000
2 0.413000 0.673333 0.086000 0.112000
2 0.506667 0.697000 0.098667 0.090000
2 0.482667 0.798000 0.144000 0.132000
2 0.483667 0.907333 0.148667 0.120000
2 0.354333 0.880333 0.115333 0.107333
2 0.321333 0.801000 0.169333 0.104667
2 0.255667 0.885000 0.079333 0.088667
2 0.162333 0.906667 0.110000 0.124000
2 0.069333 0.879667 0.090667 0.111333
3 0.882667 0.526000 0.072000 0.058667
2 0.034333 0.647333 0.067333 0.096000
0 0.222667 0.102667 0.081333 0.090667
2 0.869667 0.940000 0.168667 0.120000
2 0.944000 0.832333 0.112000 0.143333
3 0.312000 0.045667 0.088000 0.090000
