0 0.058333 0.323333 0.114000 0.090667
0 0.331667 0.267667 0.104667 0.107333
0 0.206000 0.299000 0.154667 0.111333
0 0.385333 0.145667 0.136000 0.143333
0 0.217333 0.176333 0.153333 0.136667
0 0.265333 0.071333 0.186667 0.141333
0 0.291333 0.164000 0.085333 0.110667
0 0.149333 0.091000 0.128000 0.144667
0 0.429667 0.329667 0.143333 0.154000
0 0.436000 0.485000 0.196000 0.184667
0 0.550333 0.457667 0.050000 0.039333
0 0.574000 0.532000 0.141333 0.152000
0 0.684333 0.509667 0.082000 0.082000
0 0.776667 0.474333 0.140000 0.190000
0 0.565667 0.289667 0.176667 0.204667
0 0.568000 0.163000 0.161333 0.146000
0 0.671000 0.173667 0.106000 0.126000
0 0.775333 0.170000 0.097333 0.085333
0 0.745000 0.297333 0.204667 0.209333
0 0.588667 0.658333 0.142667 0.139333
0 0.546000 0.758333 0.086667 0.079333
0 0.490333 0.848333 0.083333 0.102000
0 0.325000 0.902000 0.058000 0.054667
0 0.232667 0.783000 0.108000 0.094000
0 0.157667 0.689667 0.122000 0.116667
0 0.268667 0.689667 0.064000 0.056667
0 0.359333 0.604333 0.097333 0.079333
0 0.178333 0.585333 0.154000 0.164000
0 0.113333 0.426333 0.154667 0.122000
0 0.761667 0.669667 0.066000 0.075333
0 0.712000 0.889000 0.085333 0.110000
0 0.685667 0.967333 0.060667 0.065333
0 0.585000 0.907667 0.064667 0.066000
0 0.800333 0.865000 0.055333 0.039333
0 0.776667 0.956000 0.080000 0.088000
0 0.759000 0.825667 0.051333 0.047333
0 0.857667 0.874333 0.140667 0.175333
0 0.272667 0.943333 0.054667 0.050667
0 0.067000 0.523000 0.132667 0.144667
0 0.069000 0.223333 0.136667 0.128000
0 0.061667 0.112667 0.122000 0.206667
0 0.897000 0.096000 0.206000 0.190667
0 0.925667 0.244667 0.148667 0.182667
0 0.564333 0.827000 0.068667 0.054000
0 0.211333 0.963333 0.037333 0.046667
0 0.132333 0.959000 0.063333 0.074000
0 0.403667 0.859000 0.051333 0.062000
