0 0.094667 0.644667 0.188000 0.166667
0 0.646000 0.328667 0.038667 0.040000
0 0.678333 0.298000 0.051333 0.046667
0 0.548667 0.438000 0.057333 0.076000
0 0.492667 0.572000 0.098667 0.078667
0 0.627667 0.555000 0.042000 0.048667
0 0.636000 0.421667 0.040000 0.046000
0 0.632667 0.484000 0.053333 0.050667
0 0.871000 0.107000 0.058000 0.048667
0 0.755333 0.573667 0.104000 0.107333
0 0.371000 0.797667 0.064667 0.066000
0 0.950333 0.086333 0.035333 0.047333
0 0.597667 0.452667 0.043333 0.086667
0 0.447000 0.611667 0.058000 0.038000
0 0.282000 0.960333 0.101333 0.078000
0 0.178333 0.438333 0.355333 0.271333
0 0.059333 0.550333 0.117333 0.067333
0 0.317333 0.288000 0.178667 0.164000
0 0.318333 0.895667 0.062000 0.074000
