2 0.067000 0.068000 0.115333 0.132000
2 0.182667 0.065667 0.122667 0.122000
2 0.335667 0.063667 0.150000 0.120667
2 0.494333 0.069000 0.148667 0.123333
2 0.713333 0.109333 0.174667 0.176000
2 0.491000 0.172000 0.160667 0.134667
2 0.363000 0.183667 0.111333 0.136667
2 0.261000 0.166333 0.087333 0.102000
2 0.169333 0.182333 0.101333 0.111333
2 0.079000 0.183667 0.084667 0.096667
2 0.100000 0.350333 0.109333 0.103333
2 0.135333 0.287333 0.072000 0.062667
2 0.207000 0.349000 0.118000 0.094000
2 0.253667 0.292000 0.052667 0.058667
2 0.304333 0.354667 0.074000 0.066667
3 0.345333 0.301000 0.094667 0.092667
2 0.453000 0.305333 0.112667 0.104000
3 0.575000 0.388000 0.095333 0.089333
2 0.145667 0.467000 0.154000 0.136667
2 0.291000 0.458667 0.122000 0.130667
2 0.406333 0.478000 0.124667 0.138667
2 0.052667 0.548333 0.101333 0.084667
3 0.159000 0.581000 0.086000 0.086000
2 0.077667 0.659333 0.148667 0.126667
2 0.275667 0.795000 0.083333 0.088667
2 0.270333 0.596333 0.186000 0.178000
2 0.322667 0.672667 0.102667 0.094667
2 0.402333 0.673000 0.078000 0.115333
2 0.500667 0.670667 0.136000 0.190667
2 0.610333 0.718333 0.119333 0.108667
2 0.510333 0.807333 0.088667 0.082667
3 0.402000 0.798333 0.100000 0.084667
2 0.347000 0.946000 0.084667 0.100000
2 0.648000 0.225333 0.069333 0.058667
3 0.738333 0.243667 0.044667 0.052667
2 0.884667 0.213333 0.154667 0.101333
2 0.881000 0.308000 0.180667 0.101333
2 0.906000 0.404000 0.130667 0.140000
2 0.775667 0.392667 0.142000 0.137333
2 0.629333 0.473000 0.198667 0.184667
2 0.798000 0.526667 0.133333 0.125333
2 0.914667 0.549000 0.105333 0.106000
2 0.851333 0.636667 0.096000 0.097333
2 0.748667 0.625667 0.090667 0.119333
2 0.656667 0.625333 0.132000 0.128000
2 0.769333 0.729333 0.132000 0.102667
2 0.881667 0.735667 0.084667 0.092667
2 0.832667 0.838667 0.128000 0.121333
2 0.568667 0.938667 0.092000 0.098667
3 0.684667 0.939333 0.062667 0.058667
2 0.953333 0.744000 0.093333 0.149333
2 0.188000 0.918000 0.200000 0.164000
3 0.054333 0.932000 0.084667 0.085333
0 0.420667 0.890000 0.073333 0.092000
0 0.481000 0.856333 0.068667 0.062000
2 0.936333 0.937667 0.127333 0.124667
