3 0.080000 0.128667 0.141333 0.104000
3 0.187000 0.241333 0.108667 0.106667
3 0.303333 0.169000 0.097333 0.087333
3 0.296000 0.256000 0.101333 0.102667
2 0.513667 0.186667 0.120667 0.136000
3 0.557000 0.069667 0.110000 0.122000
2 0.673000 0.080333 0.124667 0.140667
3 0.800333 0.086000 0.118000 0.126667
3 0.908667 0.105000 0.098667 0.115333
2 0.841000 0.193333 0.142000 0.128000
3 0.623000 0.190667 0.094000 0.086667
3 0.604333 0.282333 0.087333 0.114000
2 0.714000 0.274000 0.132000 0.156000
2 0.821000 0.295000 0.082000 0.116667
2 0.436667 0.276000 0.158667 0.121333
3 0.421000 0.374667 0.140667 0.124000
3 0.539333 0.371000 0.100000 0.122000
3 0.524333 0.479667 0.100667 0.091333
2 0.628000 0.419667 0.126667 0.147333
2 0.734000 0.404000 0.113333 0.106667
2 0.843000 0.408667 0.115333 0.105333
3 0.941000 0.413667 0.091333 0.104667
2 0.764333 0.536333 0.180667 0.175333
2 0.914333 0.535333 0.150000 0.205333
3 0.329000 0.457333 0.182000 0.180000
3 0.164667 0.472000 0.146667 0.129333
2 0.189667 0.347000 0.163333 0.128667
2 0.060333 0.358667 0.106000 0.128000
2 0.073000 0.574667 0.122000 0.118667
2 0.210667 0.689000 0.200000 0.150000
3 0.277667 0.615667 0.074000 0.086000
3 0.379667 0.611667 0.119333 0.119333
3 0.362667 0.706667 0.098667 0.098667
3 0.498667 0.615000 0.140000 0.140667
3 0.466667 0.740000 0.126667 0.129333
3 0.582000 0.728000 0.129333 0.164000
2 0.698000 0.732333 0.110667 0.172667
3 0.802667 0.759333 0.124000 0.160000
2 0.905000 0.688000 0.178000 0.138667
2 0.864000 0.895000 0.088000 0.119333
2 0.730667 0.903667 0.190667 0.176667
2 0.541667 0.867667 0.168667 0.146000
3 0.416000 0.919000 0.120000 0.154000
3 0.288333 0.914667 0.114000 0.101333
3 0.327667 0.813000 0.092667 0.122000
2 0.230667 0.793333 0.160000 0.125333
2 0.181333 0.904667 0.113333 0.100000
2 0.070667 0.860000 0.132000 0.161333
2 0.061667 0.229000 0.122000 0.112667
2 0.402667 0.227333 0.098667 0.129333
0 0.410667 0.500000 0.070667 0.068000
0 0.708000 0.625000 0.065333 0.078000
3 0.277000 0.063000 0.104667 0.124667
3 0.179000 0.057000 0.111333 0.112667
3 0.449333 0.064000 0.118667 0.126667
2 0.947667 0.925000 0.104667 0.140667
