0 0.075333 0.807333 0.097333 0.096000
0 0.142667 0.853000 0.049333 0.052667
0 0.191667 0.876333 0.067333 0.068667
0 0.218000 0.954333 0.133333 0.091333
0 0.588333 0.837000 0.119333 0.108667
0 0.683000 0.780333 0.116667 0.128667
0 0.663667 0.682000 0.086000 0.097333
0 0.783333 0.803000 0.093333 0.107333
0 0.771000 0.893000 0.176667 0.108667
0 0.705667 0.579000 0.110000 0.100667
0 0.529000 0.669333 0.199333 0.181333
0 0.943000 0.495333 0.114000 0.112000
0 0.898667 0.571667 0.144000 0.114000
0 0.950333 0.642000 0.099333 0.153333
0 0.701667 0.482667 0.103333 0.090667
0 0.820000 0.053667 0.128000 0.106000
0 0.635333 0.959000 0.145333 0.082000
0 0.795000 0.330333 0.206000 0.150000
0 0.879333 0.369667 0.038667 0.052667
0 0.807000 0.402000 0.042000 0.042667
0 0.590333 0.416667 0.104667 0.122667
0 0.799000 0.171333 0.198000 0.168000
0 0.620000 0.196667 0.196000 0.269333
0 0.365000 0.517000 0.342000 0.416667
0 0.270667 0.341333 0.058667 0.056000
0 0.322333 0.346333 0.047333 0.074000
0 0.404333 0.138333 0.311333 0.271333
0 0.281333 0.237000 0.052000 0.075333
