0 0.230000 0.086667 0.133333 0.142667
0 0.189667 0.196333 0.130000 0.127333
0 0.201667 0.307667 0.178000 0.168667
0 0.329000 0.353667 0.120667 0.103333
0 0.317333 0.452667 0.125333 0.108000
0 0.204333 0.452333 0.150000 0.159333
0 0.063667 0.556667 0.126000 0.106667
0 0.185000 0.584333 0.136667 0.124667
0 0.315000 0.577333 0.120667 0.110667
0 0.110333 0.671667 0.114000 0.106000
0 0.136000 0.786667 0.128000 0.144000
0 0.248000 0.806000 0.112000 0.122667
0 0.362333 0.679667 0.163333 0.147333
0 0.654000 0.634000 0.113333 0.090667
0 0.694333 0.525000 0.144667 0.106000
0 0.833667 0.511667 0.150000 0.130000
0 0.487667 0.420333 0.079333 0.054000
0 0.437667 0.534333 0.147333 0.164667
0 0.493333 0.736667 0.078667 0.077333
0 0.566333 0.716667 0.091333 0.085333
0 0.066000 0.092000 0.130667 0.098667
0 0.840667 0.908667 0.146667 0.140000
0 0.113000 0.920000 0.167333 0.153333
0 0.567333 0.450333 0.130667 0.120667
0 0.531000 0.321667 0.148667 0.131333
0 0.677333 0.322667 0.156000 0.158667
0 0.560000 0.546000 0.113333 0.092000
0 0.458667 0.062667 0.128000 0.124000
0 0.070000 0.191667 0.124000 0.119333
0 0.077333 0.294000 0.138667 0.120000
0 0.697000 0.774000 0.134000 0.126667
0 0.935667 0.854000 0.112667 0.098667
0 0.829000 0.787000 0.127333 0.084667
0 0.817667 0.674667 0.195333 0.142667
0 0.676000 0.438333 0.116000 0.090000
0 0.815667 0.298000 0.150000 0.105333
0 0.837000 0.388667 0.215333 0.157333
0 0.375000 0.921667 0.148667 0.156667
0 0.245667 0.941000 0.118000 0.118000
0 0.940333 0.143667 0.047333 0.046000
0 0.828000 0.144000 0.117333 0.148000
0 0.511333 0.207667 0.173333 0.152667
0 0.344000 0.171000 0.190667 0.220667
0 0.333667 0.056333 0.070000 0.067333
0 0.697000 0.196667 0.146000 0.162667
0 0.595000 0.112667 0.135333 0.126667
0 0.525333 0.947333 0.120000 0.105333
0 0.418667 0.424333 0.057333 0.052667
0 0.936000 0.564667 0.128000 0.109333
