2 0.106333 0.216333 0.180667 0.135333
2 0.205333 0.118000 0.168000 0.198667
2 0.387667 0.138667 0.220667 0.170667
2 0.633667 0.178333 0.148667 0.150000
2 0.800000 0.179667 0.098667 0.088667
2 0.926333 0.208667 0.104667 0.110667
2 0.763333 0.310000 0.166667 0.161333
2 0.905000 0.333333 0.139333 0.165333
2 0.944667 0.456000 0.068000 0.069333
2 0.805667 0.463333 0.195333 0.204000
2 0.656000 0.544667 0.200000 0.172000
2 0.627000 0.329000 0.119333 0.154000
2 0.493000 0.284667 0.184667 0.270667
2 0.339000 0.287333 0.151333 0.165333
2 0.232667 0.354333 0.177333 0.214000
2 0.076333 0.347667 0.146000 0.142000
2 0.134000 0.512333 0.174667 0.146000
2 0.183333 0.633000 0.106667 0.112667
2 0.290333 0.515000 0.118000 0.104667
2 0.420667 0.509333 0.098667 0.093333
2 0.554000 0.501000 0.073333 0.071333
2 0.273667 0.641000 0.123333 0.183333
2 0.391667 0.651000 0.123333 0.192667
2 0.517333 0.660000 0.136000 0.210667
2 0.618667 0.672000 0.092000 0.109333
2 0.721667 0.799667 0.188667 0.259333
2 0.899333 0.850667 0.200000 0.164000
2 0.560000 0.830333 0.134667 0.179333
2 0.451333 0.823333 0.098667 0.154667
2 0.346333 0.812000 0.150000 0.165333
2 0.191000 0.789667 0.163333 0.215333
1 0.663333 0.437667 0.089333 0.083333
0 0.721333 0.662333 0.073333 0.066000
0 0.534667 0.445000 0.086667 0.066000
2 0.887667 0.077667 0.194000 0.154000
2 0.292667 0.939333 0.121333 0.105333
2 0.425333 0.944333 0.144000 0.111333
2 0.575667 0.954667 0.166000 0.082667
2 0.912000 0.706333 0.176000 0.196667
2 0.702667 0.054000 0.165333 0.106667
2 0.059667 0.729667 0.118000 0.231333
2 0.055667 0.920333 0.102000 0.159333
