2 0.141000 0.127667 0.214000 0.251333
2 0.336000 0.121000 0.196000 0.214000
2 0.498000 0.165667 0.074667 0.083333
2 0.616000 0.171000 0.172000 0.214000
2 0.746333 0.184000 0.122000 0.197333
2 0.839000 0.110000 0.079333 0.092000
2 0.846667 0.333000 0.164000 0.182000
2 0.928667 0.365667 0.069333 0.083333
2 0.541667 0.297667 0.126000 0.114000
2 0.393667 0.350333 0.078000 0.072667
2 0.448000 0.409333 0.169333 0.170667
2 0.596000 0.424000 0.126667 0.169333
2 0.704667 0.445000 0.100000 0.142000
2 0.801333 0.458000 0.106667 0.124000
2 0.739667 0.568333 0.127333 0.122000
2 0.840333 0.588000 0.095333 0.133333
2 0.934667 0.567000 0.109333 0.160667
2 0.939667 0.723333 0.116667 0.154667
2 0.798000 0.712333 0.166667 0.190000
2 0.908333 0.870333 0.154000 0.154000
2 0.757000 0.841333 0.143333 0.148000
2 0.650667 0.798333 0.069333 0.082000
2 0.617333 0.919667 0.120000 0.147333
2 0.531333 0.800667 0.156000 0.164000
2 0.595333 0.667000 0.130667 0.152667
2 0.517333 0.547667 0.161333 0.152667
2 0.437667 0.662667 0.148667 0.166667
2 0.341000 0.635667 0.044667 0.059333
2 0.068000 0.656000 0.101333 0.105333
2 0.373667 0.795000 0.148667 0.188667
2 0.477667 0.924667 0.123333 0.137333
2 0.341000 0.932333 0.139333 0.124667
2 0.208333 0.789333 0.195333 0.172000
2 0.208333 0.630333 0.174000 0.171333
2 0.127000 0.502000 0.144667 0.133333
2 0.275333 0.489000 0.165333 0.214000
2 0.116000 0.379000 0.108000 0.120667
2 0.086000 0.837333 0.106667 0.124000
2 0.206333 0.911667 0.144667 0.119333
0 0.440000 0.264000 0.073333 0.096000
0 0.650333 0.546000 0.062000 0.058667
3 0.569333 0.057000 0.141333 0.112667
2 0.797667 0.943333 0.242000 0.113333
2 0.943333 0.108667 0.113333 0.130667
