3 0.114667 0.142667 0.102667 0.121333
3 0.221667 0.162667 0.060667 0.061333
2 0.242333 0.282333 0.072667 0.091333
2 0.321667 0.291333 0.094000 0.081333
3 0.418000 0.293333 0.101333 0.122667
2 0.527667 0.293333 0.120667 0.161333
2 0.750000 0.083667 0.093333 0.108667
2 0.730000 0.167000 0.089333 0.091333
2 0.902667 0.081000 0.160000 0.152667
2 0.864667 0.215667 0.138667 0.142000
2 0.724333 0.319667 0.122000 0.114000
3 0.637000 0.349000 0.058000 0.067333
2 0.669667 0.431667 0.123333 0.118000
2 0.558333 0.415667 0.102000 0.111333
2 0.654333 0.510000 0.076667 0.077333
2 0.624333 0.615000 0.096667 0.090000
2 0.911000 0.463000 0.120667 0.116667
2 0.786333 0.442667 0.118000 0.088000
2 0.778667 0.547333 0.172000 0.133333
2 0.852000 0.633667 0.164000 0.152667
2 0.704333 0.750667 0.154000 0.166667
2 0.741667 0.852000 0.068667 0.069333
2 0.595000 0.819333 0.086000 0.101333
2 0.839667 0.801000 0.119333 0.156667
2 0.946000 0.819333 0.101333 0.165333
3 0.130667 0.445000 0.137333 0.114000
3 0.150000 0.578667 0.118667 0.101333
3 0.284667 0.585333 0.076000 0.069333
2 0.236667 0.792000 0.136000 0.125333
2 0.367333 0.731667 0.128000 0.154000
3 0.488333 0.735667 0.052667 0.059333
2 0.470333 0.832333 0.114000 0.132667
2 0.500000 0.932333 0.118667 0.091333
3 0.355667 0.902667 0.082000 0.101333
2 0.239000 0.910000 0.062000 0.066667
0 0.117000 0.054000 0.102000 0.088000
0 0.089667 0.256333 0.047333 0.056667
0 0.057667 0.224667 0.034000 0.037333
0 0.401333 0.396000 0.064000 0.069333
0 0.246667 0.672000 0.065333 0.060000
0 0.210333 0.724000 0.068667 0.050667
0 0.459000 0.591333 0.059333 0.050667
0 0.230667 0.099333 0.038667 0.044000
0 0.561333 0.509667 0.084000 0.092667
0 0.147000 0.871333 0.094000 0.078667
0 0.111667 0.827333 0.060667 0.037333
0 0.120333 0.791333 0.060667 0.041333
0 0.487667 0.460667 0.076667 0.058667
0 0.330667 0.520333 0.066667 0.064667
2 0.306000 0.048667 0.117333 0.096000
2 0.451000 0.059000 0.108667 0.116667
2 0.553667 0.049667 0.098000 0.098000
2 0.659000 0.077333 0.116667 0.153333
0 0.962667 0.649333 0.074667 0.100000
0 0.427667 0.554667 0.047333 0.038667
0 0.331667 0.217333 0.078000 0.068000
0 0.387667 0.645333 0.038000 0.040000
0 0.435333 0.651333 0.057333 0.064000
0 0.478333 0.663333 0.038000 0.045333
0 0.110000 0.689000 0.069333 0.070000
3 0.039000 0.762333 0.076667 0.098000
2 0.701333 0.940333 0.157333 0.119333
2 0.949667 0.357000 0.100667 0.136667
2 0.962000 0.223000 0.073333 0.127333
