0 0.247667 0.067667 0.144667 0.134000
0 0.205333 0.180000 0.120000 0.128000
0 0.128667 0.291000 0.096000 0.115333
0 0.198333 0.384333 0.095333 0.092667
0 0.368667 0.477333 0.113333 0.137333
0 0.308667 0.574667 0.133333 0.132000
0 0.543000 0.385000 0.135333 0.128667
0 0.081667 0.419333 0.162000 0.133333
0 0.043000 0.307000 0.084667 0.112667
0 0.366667 0.320667 0.038667 0.054667
0 0.102333 0.566667 0.115333 0.108000
0 0.090333 0.664000 0.119333 0.102667
0 0.162333 0.755000 0.112667 0.103333
0 0.059667 0.762333 0.102000 0.098000
0 0.084333 0.844333 0.087333 0.083333
0 0.445667 0.671667 0.100667 0.116667
0 0.897667 0.282667 0.160667 0.150667
0 0.811333 0.391667 0.090667 0.116667
0 0.910000 0.421333 0.105333 0.112000
0 0.817000 0.681667 0.155333 0.192667
0 0.705000 0.670000 0.110000 0.102667
0 0.476000 0.811333 0.192000 0.130667
0 0.687667 0.806333 0.104667 0.143333
0 0.775667 0.922667 0.156667 0.154667
0 0.879667 0.821667 0.139333 0.120667
0 0.903000 0.569667 0.119333 0.106000
0 0.692000 0.545333 0.178667 0.190667
0 0.746667 0.472667 0.133333 0.114667
0 0.647333 0.180333 0.052000 0.059333
0 0.490667 0.232000 0.088000 0.085333
0 0.709667 0.285333 0.116667 0.174667
0 0.587000 0.177667 0.047333 0.047333
0 0.415333 0.275000 0.068000 0.059333
0 0.308667 0.306000 0.076000 0.065333
0 0.405000 0.117333 0.038000 0.042667
0 0.423333 0.203000 0.070667 0.091333
0 0.599333 0.257000 0.137333 0.138000
0 0.826000 0.170000 0.126667 0.133333
0 0.954333 0.168333 0.091333 0.107333
0 0.974000 0.398333 0.052000 0.104667
0 0.486333 0.495333 0.090000 0.096000
0 0.116000 0.141333 0.069333 0.072000
0 0.167000 0.076667 0.048667 0.066667
0 0.944333 0.729667 0.111333 0.159333
0 0.526000 0.559667 0.077333 0.078000
0 0.744333 0.058333 0.204667 0.115333
0 0.567667 0.936333 0.183333 0.127333
0 0.450000 0.389000 0.053333 0.059333
