2 0.057667 0.112000 0.111333 0.204000
2 0.182667 0.126000 0.172000 0.226667
2 0.230667 0.266333 0.112000 0.098000
2 0.338667 0.135000 0.170667 0.247333
2 0.514667 0.122333 0.174667 0.214000
2 0.718667 0.176667 0.200000 0.210667
1 0.827333 0.078000 0.100000 0.141333
2 0.869333 0.199667 0.126667 0.148667
2 0.782000 0.310333 0.109333 0.119333
2 0.878333 0.371333 0.086000 0.089333
2 0.903000 0.467667 0.110000 0.104667
2 0.815333 0.442000 0.081333 0.120000
2 0.693667 0.410667 0.183333 0.201333
2 0.557667 0.407333 0.160667 0.186667
2 0.435667 0.402333 0.088667 0.107333
2 0.298667 0.370667 0.170667 0.196000
2 0.163667 0.465000 0.115333 0.207333
2 0.268333 0.523000 0.120667 0.148667
2 0.369333 0.538000 0.090667 0.105333
2 0.486000 0.530333 0.162667 0.156667
2 0.607667 0.556333 0.091333 0.115333
2 0.730000 0.575333 0.192000 0.156000
2 0.910667 0.599000 0.178667 0.166000
2 0.778000 0.715667 0.165333 0.144667
2 0.762667 0.850333 0.198667 0.206000
2 0.597333 0.810000 0.145333 0.166667
3 0.487333 0.792667 0.068000 0.070667
2 0.480000 0.671333 0.225333 0.200000
2 0.267333 0.756667 0.208000 0.248000
2 0.322333 0.882333 0.090000 0.080667
2 0.090667 0.736333 0.166667 0.214000
2 0.217000 0.603000 0.084667 0.083333
2 0.100667 0.322000 0.197333 0.176000
2 0.934667 0.231000 0.128000 0.172667
2 0.433333 0.275000 0.053333 0.047333
2 0.103333 0.899000 0.205333 0.194000
2 0.571667 0.944333 0.162000 0.111333
2 0.903000 0.799667 0.194000 0.250000
2 0.073000 0.584667 0.144667 0.142667
2 0.687667 0.051000 0.212667 0.100667
2 0.058667 0.460000 0.116000 0.148000
