3 0.449333 0.174000 0.092000 0.097333
2 0.609333 0.058000 0.100000 0.109333
2 0.713000 0.048333 0.086000 0.092667
2 0.832667 0.140000 0.138667 0.134667
3 0.698667 0.154000 0.114667 0.098667
2 0.542333 0.171333 0.083333 0.069333
3 0.424333 0.268000 0.075333 0.070667
2 0.508333 0.266333 0.074000 0.092667
3 0.633333 0.259333 0.137333 0.154667
3 0.745333 0.261000 0.097333 0.118000
3 0.856333 0.255000 0.122000 0.146000
2 0.769000 0.392000 0.178000 0.141333
2 0.539333 0.387000 0.169333 0.148667
3 0.409667 0.384667 0.087333 0.104000
3 0.297333 0.394000 0.093333 0.098667
2 0.195333 0.390667 0.069333 0.069333
3 0.079000 0.532333 0.118000 0.080667
3 0.089000 0.649000 0.110000 0.096667
3 0.198667 0.526667 0.118667 0.138667
3 0.316000 0.526667 0.108000 0.138667
3 0.432000 0.533000 0.124000 0.138000
2 0.551000 0.546667 0.114000 0.165333
2 0.679667 0.543000 0.147333 0.184667
2 0.815333 0.542667 0.124000 0.137333
2 0.885333 0.682000 0.164000 0.164000
3 0.814000 0.750667 0.112000 0.117333
2 0.923000 0.860667 0.154000 0.161333
2 0.769667 0.859333 0.160667 0.118667
2 0.600000 0.782667 0.145333 0.186667
2 0.699333 0.716667 0.160000 0.174667
3 0.519333 0.672667 0.096000 0.089333
2 0.111333 0.738667 0.064000 0.061333
3 0.120000 0.863333 0.108000 0.094667
2 0.135333 0.957333 0.074667 0.064000
3 0.192667 0.754667 0.074667 0.077333
3 0.300000 0.780333 0.168000 0.126000
2 0.367667 0.835333 0.044667 0.072000
3 0.393333 0.679333 0.129333 0.153333
2 0.264000 0.663333 0.129333 0.134667
2 0.181333 0.655333 0.060000 0.068000
0 0.495333 0.755000 0.084000 0.091333
0 0.471667 0.840000 0.130000 0.116000
0 0.303667 0.320000 0.086000 0.056000
0 0.307000 0.270000 0.063333 0.050667
0 0.261000 0.287333 0.067333 0.061333
0 0.029667 0.860333 0.052667 0.068667
0 0.040667 0.947667 0.074667 0.104667
3 0.260667 0.948333 0.141333 0.103333
