2 0.116000 0.080000 0.120000 0.129333
2 0.065333 0.199000 0.124000 0.124667
2 0.279333 0.145333 0.190667 0.174667
3 0.313333 0.254000 0.061333 0.068000
3 0.043000 0.336333 0.084667 0.116667
3 0.134000 0.366333 0.110667 0.098000
2 0.145667 0.500333 0.184667 0.158000
3 0.093333 0.584000 0.068000 0.069333
2 0.121333 0.725000 0.130667 0.151333
2 0.230000 0.654000 0.105333 0.104000
2 0.173667 0.854333 0.135333 0.150000
2 0.280667 0.886667 0.101333 0.125333
2 0.343000 0.772000 0.110000 0.109333
3 0.266000 0.519333 0.064000 0.068000
2 0.368333 0.569667 0.146000 0.142000
2 0.515333 0.595333 0.170667 0.173333
2 0.557667 0.697667 0.196667 0.163333
2 0.585000 0.840000 0.154000 0.148000
2 0.714667 0.884333 0.113333 0.151333
2 0.850000 0.749667 0.076000 0.090000
2 0.883667 0.634000 0.151333 0.136000
2 0.721000 0.733667 0.146000 0.155333
2 0.657667 0.595333 0.134000 0.132000
2 0.771667 0.488667 0.191333 0.188000
2 0.889000 0.363667 0.162000 0.171333
2 0.868667 0.231667 0.105333 0.104667
2 0.937667 0.115667 0.115333 0.127333
2 0.782667 0.118333 0.177333 0.188667
2 0.647667 0.178667 0.183333 0.278667
2 0.574333 0.298333 0.178000 0.126000
3 0.440667 0.260000 0.100000 0.102667
2 0.511333 0.427333 0.237333 0.190667
2 0.646000 0.440000 0.057333 0.078667
3 0.697333 0.365000 0.070667 0.062000
3 0.367333 0.429000 0.058667 0.054000
2 0.956000 0.814667 0.088000 0.086667
3 0.734333 0.232000 0.058000 0.070667
0 0.938667 0.739000 0.084000 0.071333
3 0.060333 0.864667 0.100667 0.133333
2 0.582000 0.946333 0.250667 0.107333
3 0.946333 0.507000 0.103333 0.166000
3 0.031667 0.707000 0.062000 0.112667
3 0.052667 0.947333 0.104000 0.105333
