3 0.035667 0.218333 0.052667 0.055333
2 0.123667 0.224667 0.092667 0.062667
2 0.221667 0.136333 0.050000 0.044667
3 0.234000 0.221000 0.053333 0.052667
2 0.145333 0.305333 0.072000 0.073333
2 0.233333 0.336000 0.145333 0.173333
2 0.330667 0.237667 0.124000 0.119333
2 0.306000 0.061667 0.130667 0.108667
2 0.420667 0.094667 0.101333 0.136000
2 0.514667 0.065667 0.105333 0.124667
2 0.534667 0.165000 0.096000 0.107333
2 0.436000 0.191667 0.057333 0.048667
2 0.353000 0.353667 0.120667 0.115333
2 0.238000 0.431000 0.069333 0.080667
2 0.152000 0.446333 0.128000 0.155333
2 0.059000 0.483667 0.116667 0.152667
2 0.162000 0.563667 0.072000 0.084667
2 0.255333 0.543333 0.132000 0.138667
2 0.077000 0.663667 0.075333 0.115333
2 0.168667 0.662667 0.122667 0.128000
1 0.282667 0.678000 0.116000 0.128000
2 0.109333 0.759333 0.069333 0.068000
2 0.130000 0.951000 0.125333 0.092667
2 0.116000 0.854667 0.086667 0.108000
2 0.190333 0.776000 0.095333 0.101333
2 0.216667 0.873333 0.118667 0.098667
2 0.309000 0.787333 0.136667 0.106667
2 0.327667 0.863667 0.056667 0.059333
2 0.245000 0.951333 0.091333 0.096000
2 0.434333 0.852333 0.114000 0.159333
2 0.433333 0.766333 0.076000 0.076667
2 0.397667 0.653000 0.119333 0.124667
2 0.401667 0.560333 0.051333 0.055333
2 0.366667 0.468667 0.157333 0.133333
2 0.472333 0.511000 0.048667 0.048667
2 0.481333 0.417000 0.122667 0.147333
2 0.464333 0.278667 0.147333 0.134667
3 0.582667 0.227000 0.074667 0.088667
2 0.608667 0.296667 0.068000 0.068000
2 0.627333 0.391333 0.064000 0.081333
2 0.561000 0.432333 0.092667 0.108667
2 0.557667 0.329667 0.052667 0.072667
2 0.502667 0.586667 0.134667 0.130667
2 0.579333 0.541333 0.104000 0.121333
3 0.650000 0.560667 0.029333 0.029333
2 0.590333 0.633667 0.064667 0.070000
2 0.606333 0.734333 0.130000 0.138000
2 0.627667 0.837000 0.087333 0.079333
2 0.532000 0.845333 0.112000 0.134667
2 0.545667 0.943333 0.112667 0.113333
2 0.635333 0.915667 0.066667 0.072667
3 0.718667 0.920000 0.069333 0.074667
2 0.782667 0.871667 0.089333 0.079333
2 0.907667 0.933667 0.124667 0.096667
2 0.875000 0.835667 0.118000 0.123333
2 0.752000 0.695000 0.125333 0.142000
2 0.702000 0.768333 0.077333 0.080667
2 0.848000 0.727667 0.086667 0.076667
2 0.865333 0.651667 0.118667 0.116667
2 0.960333 0.636333 0.075333 0.080667
2 0.951667 0.540000 0.096667 0.109333
2 0.833333 0.557333 0.140000 0.100000
3 0.750000 0.589000 0.052000 0.050000
3 0.721667 0.492000 0.083333 0.080000
2 0.837333 0.460000 0.134667 0.108000
2 0.942333 0.419000 0.111333 0.107333
3 0.930667 0.330667 0.090667 0.064000
2 0.919667 0.247000 0.110000 0.095333
2 0.784333 0.268000 0.152667 0.129333
2 0.829667 0.356000 0.114000 0.110667
2 0.714667 0.401667 0.130667 0.106000
3 0.687000 0.232333 0.078000 0.086000
3 0.662667 0.063000 0.065333 0.091333
2 0.752000 0.080000 0.128000 0.134667
3 0.884000 0.052333 0.077333 0.082000
3 0.883333 0.157667 0.124000 0.116667
3 0.962000 0.053667 0.076000 0.103333
2 0.021667 0.674667 0.039333 0.065333
2 0.494333 0.702000 0.090000 0.100000
2 0.784000 0.797667 0.072000 0.080667
2 0.041000 0.875667 0.080667 0.126000
2 0.030667 0.769333 0.060000 0.096000
2 0.971333 0.168667 0.057333 0.126667
2 0.955333 0.832000 0.089333 0.144000
2 0.823667 0.958333 0.119333 0.083333
2 0.341667 0.966000 0.100667 0.068000
0 0.344000 0.595000 0.088000 0.091333
0 0.155667 0.117667 0.108667 0.112667
0 0.089333 0.150333 0.120000 0.134000
0 0.041333 0.308667 0.081333 0.121333
0 0.700333 0.641667 0.082000 0.082000
0 0.641667 0.192667 0.074000 0.072000
0 0.232333 0.038667 0.042000 0.066667
0 0.301667 0.147333 0.103333 0.090667
0 0.613333 0.143000 0.070667 0.066000
0 0.752667 0.179000 0.072000 0.074000
