3 0.903333 0.420000 0.108000 0.105333
3 0.879667 0.499667 0.052667 0.056667
2 0.708333 0.856333 0.128667 0.118000
2 0.806667 0.946000 0.158667 0.108000
2 0.610333 0.913333 0.142000 0.165333
3 0.501333 0.872667 0.112000 0.146667
3 0.401333 0.907333 0.096000 0.094667
2 0.393000 0.806333 0.120667 0.151333
3 0.281333 0.835000 0.128000 0.144667
3 0.298333 0.951000 0.111333 0.098000
3 0.207667 0.943333 0.067333 0.064000
3 0.131333 0.952000 0.053333 0.069333
3 0.041667 0.959000 0.079333 0.080667
0 0.647000 0.453000 0.408667 0.315333
0 0.674000 0.696667 0.397333 0.292000
0 0.887000 0.802667 0.226000 0.374667
0 0.737000 0.160333 0.372667 0.319333
