2 0.055000 0.091333 0.106000 0.154667
2 0.110000 0.161333 0.134667 0.102667
2 0.231333 0.142667 0.097333 0.109333
2 0.241000 0.253000 0.130000 0.124667
1 0.139000 0.248333 0.082000 0.087333
2 0.073000 0.244333 0.052667 0.054000
2 0.075667 0.346333 0.050000 0.050000
2 0.155667 0.320667 0.084667 0.073333
2 0.257000 0.373000 0.102000 0.118000
2 0.169667 0.408000 0.082000 0.104000
2 0.080667 0.422000 0.096000 0.096000
2 0.030000 0.393333 0.056000 0.094667
2 0.033333 0.483000 0.062667 0.079333
2 0.046333 0.567000 0.083333 0.094000
2 0.119333 0.525333 0.098667 0.105333
2 0.257667 0.474000 0.116667 0.094667
2 0.209000 0.557333 0.052667 0.050667
3 0.280333 0.554000 0.087333 0.073333
2 0.132667 0.633000 0.105333 0.112667
2 0.044000 0.660000 0.072000 0.097333
2 0.225667 0.644667 0.083333 0.105333
2 0.326333 0.637667 0.120667 0.147333
3 0.252667 0.721667 0.062667 0.051333
2 0.068000 0.751333 0.126667 0.101333
3 0.095000 0.861000 0.124667 0.115333
3 0.190333 0.849667 0.062000 0.074000
2 0.268333 0.880333 0.082000 0.123333
2 0.357000 0.892667 0.090000 0.096000
2 0.323667 0.794667 0.095333 0.097333
2 0.416667 0.740000 0.112000 0.165333
2 0.382667 0.527333 0.113333 0.124000
2 0.382667 0.428000 0.125333 0.094667
2 0.352000 0.332333 0.097333 0.122000
1 0.325667 0.134333 0.088667 0.110000
2 0.410000 0.091333 0.104000 0.114667
2 0.415333 0.188000 0.121333 0.100000
2 0.443333 0.293333 0.098667 0.122667
2 0.541667 0.331667 0.076667 0.084667
2 0.616000 0.327333 0.069333 0.073333
2 0.702333 0.336000 0.052667 0.060000
2 0.793667 0.308000 0.111333 0.106667
1 0.926333 0.306333 0.143333 0.115333
2 0.951000 0.064333 0.098000 0.103333
2 0.676333 0.090667 0.107333 0.120000
2 0.583333 0.049667 0.076000 0.092667
2 0.597000 0.138667 0.082000 0.101333
2 0.494333 0.061667 0.115333 0.122000
2 0.516000 0.140667 0.072000 0.069333
2 0.527000 0.226667 0.114000 0.105333
2 0.613000 0.235000 0.055333 0.075333
2 0.700000 0.236000 0.118667 0.134667
2 0.776333 0.201333 0.051333 0.070667
2 0.931000 0.406667 0.119333 0.112000
2 0.910333 0.503333 0.127333 0.102667
2 0.821000 0.413667 0.118000 0.126000
2 0.702667 0.436667 0.160000 0.136000
2 0.649667 0.517000 0.050000 0.058000
2 0.560667 0.442000 0.130667 0.122667
2 0.471667 0.485333 0.075333 0.128000
2 0.479667 0.581333 0.078000 0.068000
2 0.568000 0.548333 0.112000 0.087333
3 0.587000 0.625667 0.044667 0.052667
2 0.665333 0.598333 0.096000 0.102000
2 0.508333 0.651667 0.110000 0.094000
2 0.522000 0.741333 0.104000 0.096000
2 0.518667 0.823333 0.105333 0.085333
2 0.537000 0.903333 0.078000 0.092000
2 0.618667 0.888000 0.094667 0.125333
2 0.697333 0.870000 0.096000 0.130667
2 0.650333 0.715667 0.148667 0.134000
2 0.746000 0.545667 0.098667 0.107333
2 0.842333 0.594000 0.108667 0.132000
2 0.943333 0.590000 0.113333 0.109333
2 0.757000 0.632333 0.068667 0.067333
2 0.776667 0.716333 0.101333 0.110000
2 0.871667 0.786333 0.075333 0.086000
2 0.763000 0.821333 0.150000 0.108000
2 0.950000 0.701000 0.081333 0.079333
2 0.872333 0.891667 0.120667 0.118000
2 0.952000 0.193667 0.096000 0.120667
2 0.302333 0.038000 0.130000 0.074667
2 0.954667 0.783667 0.090667 0.108667
2 0.363333 0.972333 0.088000 0.055333
2 0.181333 0.955333 0.121333 0.089333
0 0.799000 0.146667 0.080667 0.064000
0 0.859000 0.227000 0.083333 0.082000
0 0.712667 0.134667 0.072000 0.078667
0 0.143667 0.084667 0.067333 0.057333
0 0.177000 0.502000 0.064667 0.072000
0 0.852667 0.106000 0.101333 0.146667
