3 0.916000 0.613000 0.156000 0.144667
2 0.902667 0.505333 0.060000 0.068000
3 0.765333 0.551667 0.121333 0.114000
2 0.923000 0.406000 0.083333 0.094667
3 0.832000 0.426000 0.101333 0.132000
3 0.742333 0.381667 0.078000 0.074000
2 0.814000 0.298333 0.093333 0.110000
2 0.732667 0.300333 0.077333 0.088667
3 0.716667 0.194667 0.093333 0.136000
3 0.772333 0.097000 0.082000 0.082000
3 0.874333 0.086667 0.122000 0.164000
2 0.803667 0.196000 0.086000 0.094667
2 0.917333 0.221000 0.125333 0.111333
3 0.666667 0.435667 0.114667 0.140667
3 0.637667 0.328000 0.090000 0.094667
3 0.624000 0.231000 0.100000 0.103333
3 0.608333 0.127333 0.090000 0.109333
3 0.539000 0.166667 0.046000 0.065333
2 0.551667 0.236667 0.054000 0.064000
3 0.481667 0.251333 0.115333 0.137333
3 0.472333 0.365667 0.095333 0.100667
3 0.480667 0.471000 0.112000 0.114000
3 0.561667 0.344000 0.088667 0.109333
3 0.572333 0.452333 0.082000 0.115333
3 0.451000 0.097000 0.116667 0.143333
3 0.340333 0.063000 0.110000 0.091333
2 0.345333 0.158000 0.141333 0.109333
3 0.268333 0.107333 0.048667 0.058667
3 0.169333 0.035333 0.065333 0.069333
3 0.101667 0.067000 0.146000 0.111333
3 0.178667 0.150333 0.097333 0.078000
2 0.188333 0.227000 0.116667 0.088667
3 0.092333 0.171000 0.083333 0.088667
2 0.099333 0.258000 0.077333 0.112000
3 0.049333 0.370000 0.086667 0.102667
2 0.034000 0.268667 0.064000 0.100000
2 0.388333 0.240000 0.078000 0.081333
2 0.029000 0.164333 0.056667 0.103333
0 0.252000 0.424000 0.392000 0.389333
0 0.195000 0.716333 0.231333 0.234000
0 0.453000 0.851333 0.338000 0.297333
