3 0.800333 0.771667 0.084667 0.087333
3 0.876000 0.895667 0.064000 0.059333
3 0.938333 0.401667 0.078000 0.086000
3 0.934667 0.508667 0.088000 0.086667
3 0.843333 0.435000 0.068000 0.058000
3 0.780333 0.441333 0.054000 0.052000
2 0.783333 0.367333 0.062667 0.066667
3 0.702000 0.363000 0.094667 0.088667
3 0.586333 0.338000 0.056667 0.058667
3 0.645333 0.353333 0.030667 0.038667
3 0.636000 0.256333 0.090667 0.084667
3 0.697333 0.271667 0.037333 0.046000
3 0.762333 0.280333 0.090000 0.082000
2 0.695667 0.184333 0.084667 0.076667
2 0.630667 0.170333 0.073333 0.087333
3 0.682000 0.109333 0.065333 0.068000
3 0.753667 0.046333 0.080667 0.088667
2 0.844667 0.092667 0.104000 0.101333
2 0.893667 0.036000 0.094000 0.068000
2 0.833333 0.179333 0.124000 0.102667
2 0.587667 0.425000 0.046000 0.048667
2 0.965333 0.043333 0.062667 0.081333
2 0.968667 0.210667 0.062667 0.086667
2 0.966000 0.130333 0.068000 0.067333
2 0.965000 0.878000 0.070000 0.084000
2 0.545667 0.955333 0.083333 0.073333
0 0.456667 0.652000 0.249333 0.260000
0 0.634333 0.768667 0.182000 0.228000
0 0.420333 0.852667 0.270000 0.237333
0 0.233333 0.922667 0.193333 0.154667
0 0.183667 0.815000 0.163333 0.195333
0 0.122667 0.700667 0.244000 0.281333
0 0.154333 0.379000 0.307333 0.274000
0 0.129000 0.122333 0.247333 0.243333
0 0.326667 0.054667 0.145333 0.108000
0 0.502000 0.242667 0.193333 0.218667
0 0.759000 0.576333 0.240667 0.210000
0 0.909333 0.215000 0.064000 0.083333
0 0.862333 0.253000 0.074000 0.062000
0 0.924000 0.312667 0.049333 0.060000
