3 0.092333 0.714000 0.088667 0.100000
2 0.177667 0.705333 0.079333 0.104000
3 0.111000 0.814000 0.059333 0.069333
2 0.289000 0.688000 0.138000 0.174667
2 0.381333 0.746000 0.110667 0.164000
2 0.318000 0.834333 0.140000 0.107333
2 0.209000 0.899667 0.124667 0.148667
3 0.322667 0.913333 0.064000 0.070667
2 0.421333 0.928000 0.164000 0.141333
2 0.496333 0.877667 0.047333 0.056667
2 0.469000 0.779000 0.147333 0.176667
2 0.588000 0.774667 0.102667 0.112000
2 0.669667 0.772333 0.054000 0.052667
2 0.591000 0.869333 0.134000 0.126667
2 0.604000 0.953000 0.060000 0.050000
2 0.686333 0.902000 0.076667 0.128000
2 0.750667 0.868333 0.072000 0.094000
2 0.769667 0.951667 0.090000 0.083333
2 0.862667 0.917000 0.057333 0.055333
3 0.863333 0.798333 0.144000 0.176667
2 0.731667 0.722000 0.151333 0.190667
0 0.514000 0.146333 0.372000 0.291333
0 0.212000 0.361333 0.150667 0.153333
0 0.091000 0.451000 0.180667 0.175333
0 0.134333 0.198667 0.267333 0.274667
0 0.770333 0.480667 0.078000 0.093333
0 0.384333 0.333333 0.080667 0.089333
0 0.209000 0.795333 0.096667 0.104000
0 0.122333 0.920333 0.118000 0.148667
0 0.044333 0.793333 0.087333 0.116000
0 0.560333 0.445333 0.095333 0.112000
0 0.388000 0.434667 0.070667 0.106667
