2 0.219667 0.901667 0.076667 0.094000
3 0.301333 0.902333 0.034667 0.043333
2 0.362333 0.813667 0.148667 0.143333
2 0.485333 0.916667 0.125333 0.134667
1 0.581333 0.940000 0.072000 0.081333
2 0.752667 0.935667 0.090667 0.082000
2 0.653333 0.859667 0.092000 0.112667
2 0.551333 0.831000 0.096000 0.114000
2 0.730000 0.833667 0.164000 0.130000
2 0.723000 0.715667 0.116667 0.116667
2 0.624333 0.674667 0.096667 0.104000
2 0.691667 0.599667 0.071333 0.079333
2 0.786333 0.627667 0.115333 0.120667
2 0.892333 0.635000 0.083333 0.158000
2 0.791000 0.520333 0.088667 0.084667
2 0.822333 0.495667 0.043333 0.043333
2 0.599333 0.538333 0.102667 0.112667
2 0.691667 0.505333 0.118000 0.104000
2 0.505667 0.536667 0.087333 0.105333
3 0.431333 0.563667 0.066667 0.087333
2 0.355000 0.575000 0.086000 0.115333
2 0.249333 0.552000 0.108000 0.105333
2 0.154667 0.586333 0.102667 0.108667
2 0.073000 0.596333 0.055333 0.060667
2 0.107000 0.667333 0.071333 0.069333
2 0.181333 0.673000 0.072000 0.082000
2 0.284000 0.659333 0.128000 0.104000
2 0.277000 0.739667 0.116667 0.082000
2 0.124333 0.750333 0.083333 0.094000
2 0.047333 0.811000 0.093333 0.112667
2 0.038000 0.702333 0.074667 0.119333
2 0.051000 0.948333 0.095333 0.098000
2 0.235667 0.968667 0.107333 0.062667
2 0.664667 0.949000 0.092000 0.079333
0 0.822667 0.881000 0.098667 0.120667
0 0.889333 0.826333 0.061333 0.076667
0 0.915333 0.885000 0.076000 0.070000
0 0.134333 0.856333 0.071333 0.072667
0 0.038000 0.891333 0.062667 0.053333
0 0.188000 0.770667 0.081333 0.094667
0 0.323333 0.947333 0.049333 0.048000
0 0.378333 0.658667 0.060667 0.066667
0 0.469000 0.610000 0.056667 0.061333
0 0.526000 0.601333 0.049333 0.048000
0 0.446000 0.428667 0.081333 0.086667
0 0.537667 0.433333 0.119333 0.124000
0 0.617000 0.401667 0.111333 0.134000
0 0.702000 0.436000 0.065333 0.077333
0 0.766333 0.456000 0.071333 0.092000
0 0.228000 0.449667 0.077333 0.068667
0 0.163000 0.478000 0.066000 0.057333
0 0.146333 0.429000 0.078000 0.066000
0 0.067333 0.462667 0.102667 0.102667
0 0.117667 0.514667 0.076667 0.056000
0 0.915667 0.467333 0.087333 0.098667
0 0.679667 0.326333 0.110000 0.092667
0 0.527333 0.287333 0.149333 0.124000
0 0.545000 0.197000 0.127333 0.111333
0 0.419667 0.204667 0.111333 0.122667
0 0.711667 0.186667 0.072667 0.086667
0 0.829000 0.194667 0.150000 0.118667
0 0.852667 0.292667 0.164000 0.176000
0 0.168333 0.223000 0.122000 0.090000
0 0.289333 0.230667 0.116000 0.109333
0 0.210000 0.302333 0.056000 0.072667
0 0.148333 0.344000 0.067333 0.070667
0 0.211000 0.358000 0.059333 0.057333
0 0.051000 0.369333 0.075333 0.064000
0 0.103333 0.275667 0.073333 0.067333
0 0.081667 0.155000 0.088667 0.088667
0 0.072667 0.060333 0.097333 0.094000
0 0.133667 0.091333 0.076667 0.089333
0 0.206333 0.134333 0.083333 0.088667
0 0.209333 0.065000 0.062667 0.059333
0 0.549667 0.064000 0.146000 0.126667
0 0.429333 0.049000 0.096000 0.087333
0 0.967333 0.041667 0.057333 0.055333
0 0.915667 0.099000 0.055333 0.052667
0 0.289333 0.043000 0.104000 0.083333
0 0.303667 0.069667 0.079333 0.055333
0 0.318667 0.130000 0.092000 0.089333
0 0.040333 0.307333 0.079333 0.085333
0 0.256000 0.369333 0.042667 0.054667
0 0.313000 0.414000 0.047333 0.049333
0 0.364000 0.906667 0.070667 0.056000
0 0.388000 0.970000 0.056000 0.056000
0 0.845333 0.465667 0.065333 0.071333
0 0.934333 0.250333 0.070000 0.086000
0 0.868667 0.377000 0.082667 0.086000
0 0.741333 0.287000 0.084000 0.112667
0 0.642333 0.247667 0.080667 0.099333
0 0.662000 0.206333 0.053333 0.050000
