2 0.087000 0.045667 0.088667 0.090000
3 0.036667 0.150333 0.072000 0.116667
2 0.118333 0.152333 0.120667 0.123333
2 0.181000 0.077667 0.119333 0.143333
2 0.278667 0.121667 0.072000 0.079333
2 0.196333 0.230333 0.119333 0.110000
2 0.062667 0.264333 0.124000 0.111333
2 0.061000 0.353667 0.084667 0.087333
2 0.152667 0.388000 0.129333 0.100000
2 0.215333 0.325333 0.134667 0.094667
2 0.300667 0.292667 0.072000 0.090667
2 0.070667 0.454000 0.106667 0.093333
2 0.157667 0.473333 0.067333 0.060000
2 0.094333 0.536333 0.115333 0.086000
1 0.103333 0.619667 0.102667 0.083333
2 0.045000 0.665667 0.047333 0.047333
2 0.095000 0.708000 0.114000 0.096000
2 0.060333 0.771667 0.050000 0.051333
2 0.132667 0.776000 0.086667 0.088000
2 0.202000 0.745333 0.092000 0.093333
2 0.187000 0.636667 0.124667 0.125333
2 0.270000 0.599000 0.097333 0.134000
2 0.308333 0.463667 0.084667 0.074000
2 0.401333 0.474667 0.098667 0.085333
2 0.329333 0.546667 0.106667 0.101333
2 0.418333 0.567000 0.084667 0.116667
2 0.499333 0.529333 0.074667 0.094667
2 0.364000 0.651333 0.109333 0.104000
2 0.291333 0.741333 0.100000 0.114667
3 0.372333 0.737667 0.040667 0.047333
2 0.454000 0.736667 0.106667 0.092000
2 0.439000 0.816333 0.120667 0.090000
2 0.382000 0.893667 0.096000 0.122000
2 0.559000 0.906000 0.070000 0.064000
2 0.580667 0.974667 0.045333 0.040000
2 0.644333 0.850333 0.110000 0.094000
2 0.243667 0.875667 0.072667 0.083333
3 0.316667 0.916333 0.024000 0.028667
2 0.070000 0.923333 0.128000 0.137333
3 0.473667 0.438000 0.059333 0.061333
3 0.671667 0.525333 0.058000 0.053333
2 0.867333 0.422000 0.064000 0.062667
3 0.943000 0.421667 0.095333 0.087333
3 0.894333 0.511667 0.087333 0.080667
2 0.843667 0.616333 0.106000 0.107333
2 0.842333 0.714000 0.106000 0.097333
3 0.927667 0.746333 0.079333 0.088667
2 0.793667 0.766333 0.080667 0.095333
2 0.717333 0.761667 0.092000 0.091333
2 0.820000 0.855667 0.094667 0.086000
3 0.949667 0.897667 0.050000 0.058000
2 0.897333 0.949333 0.106667 0.100000
2 0.753000 0.919667 0.156667 0.160667
3 0.742333 0.832333 0.042000 0.039333
2 0.625000 0.781667 0.126000 0.090000
2 0.524333 0.702333 0.067333 0.092667
2 0.712000 0.676000 0.058667 0.057333
2 0.618667 0.697667 0.133333 0.114000
2 0.703333 0.596333 0.069333 0.083333
2 0.603333 0.605333 0.133333 0.121333
3 0.864000 0.349667 0.068000 0.068667
3 0.849333 0.265667 0.053333 0.063333
3 0.785333 0.293000 0.072000 0.087333
3 0.798000 0.367667 0.061333 0.062000
3 0.719333 0.399667 0.073333 0.074000
3 0.646000 0.384333 0.076000 0.071333
2 0.556000 0.320000 0.064000 0.069333
2 0.478000 0.347667 0.096000 0.103333
2 0.373667 0.367333 0.143333 0.133333
2 0.356000 0.246333 0.136000 0.116667
2 0.485333 0.252333 0.097333 0.084667
2 0.536000 0.202333 0.065333 0.079333
2 0.515333 0.136667 0.068000 0.064000
2 0.452000 0.168333 0.077333 0.080667
2 0.365333 0.163000 0.118667 0.083333
2 0.350000 0.078667 0.093333 0.106667
2 0.425000 0.061333 0.076667 0.100000
3 0.614667 0.119333 0.113333 0.101333
3 0.700333 0.088333 0.084667 0.087333
3 0.716000 0.201333 0.089333 0.098667
3 0.622000 0.213333 0.101333 0.104000
3 0.632667 0.299000 0.092000 0.099333
3 0.717333 0.295000 0.077333 0.091333
3 0.964667 0.512667 0.046667 0.038667
2 0.525000 0.052667 0.118000 0.104000
2 0.038667 0.598667 0.076000 0.097333
2 0.962667 0.606667 0.074667 0.094667
2 0.234333 0.966000 0.108667 0.068000
0 0.151000 0.860000 0.091333 0.081333
0 0.325333 0.859667 0.058667 0.062000
0 0.475000 0.906667 0.086000 0.088000
0 0.770333 0.587333 0.056667 0.077333
0 0.240333 0.482333 0.090000 0.064667
0 0.526000 0.428000 0.061333 0.057333
0 0.738333 0.488667 0.078000 0.048000
0 0.478667 0.666000 0.065333 0.060000
0 0.530667 0.794000 0.070667 0.054667
0 0.520333 0.857667 0.078000 0.067333
0 0.623667 0.952333 0.067333 0.071333
0 0.279333 0.397000 0.058667 0.055333
0 0.858333 0.131000 0.264667 0.260667
0 0.326000 0.404000 0.053333 0.052000
0 0.564333 0.458667 0.086000 0.065333
0 0.576667 0.514000 0.113333 0.094667
0 0.208000 0.545000 0.069333 0.059333
0 0.156333 0.951000 0.063333 0.079333
0 0.571667 0.834667 0.076667 0.089333
0 0.807667 0.547000 0.074000 0.075333
