2 0.089667 0.097333 0.072667 0.069333
2 0.189000 0.095333 0.110000 0.106667
2 0.100667 0.177000 0.100000 0.078000
2 0.112333 0.263667 0.120667 0.107333
3 0.062000 0.361000 0.072000 0.082000
2 0.127667 0.445000 0.092667 0.116667
2 0.213000 0.276667 0.055333 0.064000
2 0.064000 0.540000 0.112000 0.145333
2 0.127000 0.613333 0.139333 0.104000
2 0.244667 0.590667 0.098667 0.128000
2 0.254333 0.717333 0.146000 0.133333
2 0.153000 0.693000 0.079333 0.084667
2 0.083000 0.686333 0.050000 0.044667
2 0.178000 0.779000 0.093333 0.082000
2 0.096000 0.790000 0.057333 0.054667
1 0.039667 0.849000 0.072667 0.100667
2 0.106333 0.878000 0.091333 0.108000
2 0.041000 0.937000 0.072667 0.079333
2 0.188000 0.852000 0.069333 0.072000
2 0.272667 0.821000 0.102667 0.116667
2 0.274333 0.923333 0.114000 0.104000
2 0.369333 0.785667 0.101333 0.120667
2 0.395667 0.886667 0.112667 0.100000
2 0.453333 0.750333 0.097333 0.111333
2 0.490667 0.941333 0.072000 0.117333
2 0.580000 0.904667 0.125333 0.141333
2 0.668667 0.964000 0.044000 0.064000
2 0.729667 0.905333 0.150000 0.160000
2 0.838667 0.885333 0.098667 0.105333
2 0.945667 0.883000 0.108667 0.100667
1 0.934000 0.767000 0.128000 0.130000
2 0.814000 0.779000 0.137333 0.115333
2 0.721000 0.793667 0.059333 0.052667
2 0.550667 0.783667 0.089333 0.080667
2 0.636000 0.790000 0.076000 0.078667
2 0.625667 0.688000 0.055333 0.064000
2 0.539000 0.699667 0.120667 0.102000
2 0.431333 0.657333 0.125333 0.086667
2 0.720000 0.699667 0.130667 0.148667
2 0.790333 0.649667 0.062000 0.062000
2 0.616667 0.591667 0.088000 0.084667
2 0.530000 0.608000 0.069333 0.076000
2 0.337667 0.581000 0.087333 0.122000
2 0.418000 0.547333 0.101333 0.133333
2 0.509333 0.506667 0.130667 0.121333
2 0.607667 0.504667 0.078000 0.092000
2 0.697333 0.551000 0.093333 0.123333
2 0.773667 0.483000 0.102000 0.131333
2 0.864667 0.426667 0.144000 0.156000
2 0.959333 0.351667 0.081333 0.086000
2 0.861333 0.328333 0.096000 0.080667
2 0.743000 0.354000 0.076667 0.062667
2 0.678000 0.417667 0.106667 0.110000
2 0.565333 0.381000 0.134667 0.130000
3 0.485000 0.436000 0.054000 0.062667
2 0.394667 0.403667 0.065333 0.079333
2 0.314333 0.465667 0.152667 0.122000
2 0.275667 0.368667 0.152667 0.102667
2 0.286000 0.270000 0.093333 0.108000
2 0.274333 0.173333 0.083333 0.085333
1 0.362667 0.131667 0.098667 0.090000
2 0.459000 0.168667 0.078000 0.069333
2 0.364000 0.215667 0.121333 0.096667
2 0.378333 0.312000 0.091333 0.101333
2 0.468667 0.356667 0.072000 0.081333
2 0.488333 0.261333 0.158000 0.130667
2 0.634000 0.309667 0.094667 0.087333
2 0.560333 0.289333 0.047333 0.053333
2 0.623000 0.209667 0.130000 0.115333
2 0.743000 0.251000 0.120667 0.154000
2 0.834667 0.234333 0.098667 0.151333
1 0.926000 0.220000 0.100000 0.108000
2 0.931333 0.291333 0.064000 0.054667
2 0.895333 0.142667 0.097333 0.065333
2 0.893667 0.056667 0.088667 0.098667
2 0.805667 0.055333 0.090000 0.106667
2 0.717333 0.077667 0.141333 0.148667
2 0.723000 0.163667 0.070000 0.062000
2 0.622333 0.117000 0.092667 0.086000
2 0.525667 0.100333 0.103333 0.139333
2 0.432667 0.083333 0.110667 0.101333
2 0.605667 0.037333 0.076667 0.070667
2 0.037000 0.762333 0.072667 0.079333
2 0.029000 0.681000 0.055333 0.078000
2 0.034000 0.237333 0.066667 0.118667
2 0.030000 0.073333 0.056000 0.141333
2 0.963667 0.435667 0.072667 0.094000
2 0.952333 0.532000 0.095333 0.109333
2 0.961667 0.642333 0.076667 0.111333
2 0.945667 0.965000 0.106000 0.070000
2 0.399333 0.969000 0.128000 0.062000
2 0.126667 0.964333 0.100000 0.071333
0 0.219333 0.427667 0.081333 0.094000
0 0.732000 0.588667 0.060000 0.061333
0 0.807000 0.598667 0.071333 0.062667
0 0.879667 0.573333 0.096667 0.100000
0 0.866667 0.691000 0.098667 0.102000
0 0.270000 0.082667 0.064000 0.053333
0 0.039667 0.442000 0.071333 0.061333
0 0.160333 0.528333 0.076667 0.080667
0 0.188000 0.946000 0.057333 0.080000
