3 0.395333 0.384667 0.061333 0.070667
2 0.457667 0.373333 0.050000 0.068000
2 0.529667 0.351667 0.088667 0.086000
2 0.563667 0.419000 0.079333 0.074000
2 0.483333 0.466667 0.052000 0.061333
2 0.404000 0.494000 0.065333 0.057333
3 0.841667 0.394000 0.064667 0.068000
3 0.908667 0.399667 0.068000 0.071333
3 0.922000 0.478667 0.070667 0.068000
3 0.836667 0.471000 0.097333 0.086000
3 0.637667 0.491333 0.084667 0.076000
2 0.562333 0.501000 0.079333 0.076667
2 0.491000 0.533667 0.072667 0.058000
3 0.501333 0.606667 0.096000 0.088000
3 0.578333 0.574000 0.044667 0.050667
2 0.648667 0.576667 0.088000 0.094667
2 0.727333 0.554000 0.066667 0.090667
3 0.793000 0.549000 0.048667 0.044667
2 0.728333 0.640333 0.080667 0.083333
2 0.655667 0.640667 0.062000 0.058667
2 0.588333 0.656667 0.083333 0.085333
2 0.513667 0.699000 0.115333 0.100667
3 0.429333 0.721333 0.065333 0.064000
2 0.598333 0.729667 0.048667 0.060667
2 0.665333 0.706667 0.073333 0.076000
3 0.750000 0.727667 0.062667 0.056667
3 0.814667 0.694000 0.061333 0.076000
2 0.884667 0.715667 0.078667 0.100667
2 0.891000 0.805333 0.122000 0.102667
2 0.822000 0.867333 0.129333 0.097333
2 0.965667 0.796000 0.050000 0.064000
2 0.899333 0.938667 0.097333 0.070667
2 0.691000 0.785000 0.132667 0.088667
2 0.446333 0.808667 0.088667 0.086667
2 0.534000 0.783667 0.105333 0.078000
2 0.541667 0.865000 0.120667 0.095333
3 0.451333 0.880333 0.057333 0.051333
2 0.462667 0.955000 0.076000 0.079333
2 0.554000 0.953000 0.098667 0.083333
3 0.633333 0.903333 0.070667 0.069333
2 0.688333 0.853333 0.119333 0.072000
3 0.754667 0.890667 0.038667 0.050667
2 0.959000 0.879000 0.080667 0.116667
0 0.754333 0.313000 0.302000 0.266000
0 0.253000 0.673667 0.283333 0.258000
0 0.157333 0.502000 0.312000 0.242667
0 0.196667 0.299667 0.309333 0.295333
0 0.756333 0.486333 0.062000 0.071333
0 0.806000 0.593000 0.069333 0.067333
0 0.873667 0.545667 0.067333 0.064667
0 0.976333 0.459333 0.047333 0.057333
0 0.580000 0.182333 0.074667 0.064667
0 0.469333 0.156333 0.054667 0.042000
0 0.469667 0.249000 0.046000 0.046000
0 0.464000 0.287000 0.040000 0.035333
0 0.414000 0.159333 0.042667 0.037333
0 0.354333 0.039333 0.050000 0.048000
0 0.468333 0.086000 0.052667 0.049333
0 0.532667 0.060333 0.050667 0.059333
0 0.476667 0.036667 0.053333 0.045333
0 0.967333 0.304000 0.060000 0.080000
0 0.130667 0.825667 0.226667 0.231333
0 0.625000 0.027333 0.051333 0.048000
0 0.619667 0.066667 0.058000 0.054667
0 0.653000 0.091333 0.055333 0.074667
0 0.833667 0.103333 0.072667 0.077333
0 0.932667 0.067333 0.076000 0.082667
0 0.915333 0.325333 0.084000 0.073333
