2 0.257667 0.096333 0.052667 0.052667
2 0.344667 0.085333 0.070667 0.072000
3 0.424333 0.085667 0.091333 0.092667
3 0.492333 0.047333 0.058000 0.066667
3 0.575667 0.045000 0.083333 0.080667
3 0.658333 0.041667 0.046000 0.048667
2 0.720667 0.044000 0.060000 0.062667
3 0.906333 0.076000 0.106000 0.076000
3 0.846000 0.140667 0.098667 0.128000
3 0.919333 0.179000 0.096000 0.107333
3 0.743667 0.120000 0.078000 0.092000
3 0.670000 0.120000 0.072000 0.092000
3 0.579333 0.130667 0.101333 0.097333
3 0.516000 0.184333 0.030667 0.038000
3 0.434667 0.164333 0.070667 0.052667
2 0.358000 0.166333 0.066667 0.064667
2 0.279000 0.196000 0.076667 0.069333
3 0.283333 0.283000 0.096000 0.115333
3 0.369000 0.265667 0.078000 0.111333
3 0.459667 0.246667 0.112667 0.104000
3 0.586000 0.226000 0.104000 0.088000
3 0.688333 0.213667 0.088667 0.095333
3 0.752000 0.208667 0.038667 0.058667
3 0.844000 0.297667 0.105333 0.111333
3 0.794333 0.385667 0.082000 0.090000
2 0.718667 0.396333 0.077333 0.078000
3 0.705333 0.302667 0.068000 0.065333
2 0.625000 0.297333 0.082000 0.069333
2 0.553000 0.333000 0.090000 0.082000
3 0.467667 0.326000 0.047333 0.054667
3 0.377333 0.355333 0.072000 0.068000
3 0.303667 0.364333 0.055333 0.060667
2 0.230667 0.386667 0.076000 0.072000
3 0.236333 0.479333 0.082000 0.094667
3 0.315667 0.454000 0.083333 0.090667
3 0.396333 0.439000 0.083333 0.083333
3 0.477000 0.417000 0.080667 0.108667
3 0.644667 0.373333 0.070667 0.081333
2 0.572333 0.426000 0.107333 0.101333
2 0.663667 0.466333 0.087333 0.087333
2 0.742333 0.486333 0.070000 0.088667
3 0.801667 0.466333 0.054000 0.074000
3 0.871667 0.488667 0.091333 0.106667
3 0.945000 0.682333 0.086000 0.083333
3 0.799333 0.554000 0.082667 0.065333
3 0.885333 0.576000 0.100000 0.088000
3 0.816667 0.633000 0.088000 0.095333
3 0.880333 0.663000 0.046000 0.055333
2 0.742333 0.595667 0.080667 0.074000
2 0.672667 0.561333 0.100000 0.105333
3 0.572333 0.520667 0.126000 0.106667
2 0.580667 0.592000 0.093333 0.066667
2 0.586667 0.686667 0.128000 0.130667
2 0.688667 0.665000 0.096000 0.104667
3 0.699333 0.766667 0.086667 0.098667
3 0.767333 0.756000 0.066667 0.077333
3 0.889000 0.733000 0.115333 0.076667
3 0.943000 0.817667 0.112667 0.087333
3 0.845000 0.779333 0.086000 0.097333
2 0.771333 0.833667 0.100000 0.091333
3 0.857667 0.867667 0.078000 0.076667
3 0.195667 0.705000 0.110000 0.112667
3 0.068000 0.640667 0.121333 0.092000
2 0.078333 0.738000 0.114000 0.100000
3 0.037333 0.839000 0.073333 0.083333
3 0.125000 0.851000 0.126000 0.107333
2 0.272667 0.860000 0.069333 0.072000
2 0.352000 0.870667 0.074667 0.098667
2 0.431000 0.878333 0.086000 0.124667
2 0.532000 0.861667 0.106667 0.152667
2 0.269000 0.949333 0.090000 0.101333
2 0.207667 0.909333 0.072667 0.078667
3 0.125000 0.943000 0.090000 0.079333
3 0.420000 0.545333 0.102667 0.104000
2 0.047667 0.943000 0.094000 0.114000
2 0.971667 0.310000 0.056667 0.064000
2 0.970667 0.397333 0.058667 0.068000
2 0.950667 0.912333 0.098667 0.111333
2 0.459667 0.965000 0.114000 0.070000
2 0.353333 0.961000 0.090667 0.078000
0 0.396333 0.794333 0.080667 0.084667
0 0.325667 0.782667 0.078000 0.069333
0 0.504333 0.494333 0.054000 0.054000
0 0.493000 0.604000 0.052667 0.053333
