2 0.173000 0.091333 0.111333 0.114667
2 0.187000 0.024000 0.080667 0.044000
2 0.334667 0.040667 0.124000 0.077333
3 0.261333 0.067667 0.034667 0.040667
2 0.277000 0.143667 0.075333 0.080667
3 0.299333 0.214333 0.077333 0.070000
2 0.348667 0.124667 0.112000 0.104000
2 0.211333 0.199667 0.096000 0.098000
2 0.121333 0.223333 0.136000 0.140000
3 0.028333 0.224667 0.050000 0.073333
2 0.075667 0.335000 0.147333 0.116667
2 0.148000 0.392667 0.100000 0.093333
2 0.222333 0.276667 0.076667 0.061333
3 0.297333 0.296333 0.057333 0.058000
2 0.230000 0.349667 0.102667 0.092667
2 0.310000 0.381000 0.070667 0.083333
2 0.341000 0.458667 0.096667 0.077333
2 0.344000 0.405333 0.033333 0.040000
3 0.240333 0.448333 0.120667 0.107333
2 0.256333 0.538667 0.060667 0.065333
2 0.037333 0.711000 0.070667 0.084667
2 0.104667 0.658667 0.100000 0.125333
2 0.199333 0.658333 0.100000 0.115333
2 0.273000 0.611667 0.055333 0.047333
2 0.339000 0.556667 0.128667 0.112000
2 0.438333 0.554333 0.080667 0.083333
2 0.354667 0.623333 0.036000 0.029333
2 0.376333 0.694667 0.104667 0.128000
2 0.282000 0.708333 0.081333 0.082000
2 0.050000 0.799667 0.068000 0.074000
2 0.096333 0.869333 0.083333 0.070667
2 0.126667 0.772667 0.098667 0.108000
2 0.245000 0.815000 0.055333 0.051333
2 0.320667 0.801000 0.096000 0.076667
2 0.471333 0.766667 0.100000 0.134667
2 0.556333 0.743333 0.072667 0.072000
2 0.534000 0.674000 0.113333 0.089333
2 0.618000 0.660000 0.070667 0.094667
2 0.612333 0.578000 0.087333 0.092000
3 0.525667 0.536000 0.083333 0.073333
2 0.485333 0.463000 0.089333 0.075333
2 0.410667 0.395667 0.094667 0.092667
3 0.492667 0.388667 0.064000 0.062667
3 0.471000 0.306667 0.076667 0.065333
2 0.391667 0.298333 0.079333 0.082000
2 0.382000 0.209000 0.065333 0.083333
2 0.458333 0.231000 0.095333 0.086000
2 0.507000 0.066333 0.046000 0.043333
2 0.528000 0.140667 0.062667 0.092000
3 0.562333 0.335667 0.087333 0.087333
2 0.617333 0.235667 0.130667 0.115333
2 0.649667 0.313000 0.083333 0.078000
3 0.583333 0.404000 0.042667 0.040000
2 0.672333 0.412000 0.118000 0.126667
3 0.758333 0.592000 0.079333 0.077333
2 0.848000 0.681667 0.089333 0.112667
3 0.909000 0.588000 0.080667 0.074667
3 0.952333 0.543333 0.078000 0.061333
3 0.829000 0.517667 0.090000 0.084667
3 0.832000 0.587000 0.073333 0.084667
3 0.740333 0.505333 0.090000 0.073333
3 0.864333 0.432333 0.052667 0.052667
3 0.939667 0.422667 0.083333 0.080000
2 0.942667 0.339000 0.100000 0.086000
3 0.907667 0.249667 0.052667 0.054000
2 0.794000 0.262000 0.100000 0.098667
3 0.861667 0.286667 0.042000 0.064000
2 0.774333 0.166667 0.163333 0.101333
3 0.718000 0.265000 0.040000 0.048667
2 0.854333 0.108667 0.115333 0.097333
2 0.704667 0.094667 0.169333 0.133333
2 0.765000 0.027000 0.082000 0.052667
2 0.091000 0.513333 0.132667 0.132000
2 0.963333 0.119000 0.073333 0.082000
2 0.966667 0.209333 0.066667 0.090667
0 0.316000 0.940333 0.117333 0.092667
0 0.440333 0.957000 0.111333 0.082000
0 0.580333 0.886333 0.063333 0.056667
0 0.476333 0.892667 0.055333 0.052000
0 0.524667 0.910667 0.056000 0.069333
0 0.676333 0.686000 0.066000 0.077333
0 0.751000 0.662333 0.098000 0.072667
0 0.855000 0.759333 0.054000 0.046667
0 0.951000 0.810333 0.071333 0.064667
0 0.042000 0.598667 0.066667 0.072000
0 0.615333 0.489333 0.097333 0.085333
0 0.678333 0.527333 0.043333 0.050667
0 0.836000 0.389000 0.066667 0.071333
0 0.116333 0.935667 0.090000 0.071333
0 0.421333 0.056667 0.076000 0.080000
0 0.136333 0.578667 0.050000 0.050667
0 0.183000 0.554000 0.062000 0.066667
0 0.769333 0.432667 0.068000 0.077333
0 0.894667 0.491333 0.074667 0.074667
