3 0.726333 0.955000 0.084667 0.087333
2 0.801333 0.962667 0.068000 0.074667
3 0.782667 0.880333 0.100000 0.095333
3 0.715333 0.883667 0.032000 0.042000
2 0.841667 0.784333 0.120667 0.107333
2 0.843333 0.696333 0.098667 0.091333
3 0.641667 0.774000 0.059333 0.074667
3 0.693333 0.713000 0.070667 0.060667
2 0.719667 0.795667 0.087333 0.087333
2 0.890333 0.642667 0.092667 0.090667
3 0.763333 0.647667 0.061333 0.070000
2 0.873000 0.554667 0.122000 0.097333
2 0.868667 0.397000 0.136000 0.082000
2 0.813333 0.463000 0.092000 0.078000
3 0.738333 0.498333 0.050000 0.048667
3 0.787333 0.286333 0.068000 0.075333
2 0.858000 0.304333 0.100000 0.086000
3 0.900000 0.082333 0.076000 0.070000
2 0.814667 0.074000 0.086667 0.082667
3 0.692667 0.043333 0.069333 0.072000
3 0.766667 0.161333 0.048000 0.072000
3 0.732667 0.329667 0.046667 0.050000
2 0.579667 0.343667 0.044667 0.055333
2 0.639000 0.300667 0.079333 0.066667
2 0.663333 0.365000 0.133333 0.092667
2 0.664000 0.449000 0.132000 0.088667
3 0.611333 0.516667 0.073333 0.068000
2 0.524333 0.544000 0.091333 0.076000
3 0.604000 0.592000 0.037333 0.044000
2 0.540333 0.626000 0.098000 0.088000
2 0.431333 0.576667 0.072000 0.072000
3 0.426333 0.494000 0.038000 0.037333
2 0.417333 0.419667 0.086667 0.083333
3 0.676333 0.619000 0.104667 0.107333
2 0.521667 0.463000 0.119333 0.075333
2 0.512333 0.390000 0.082000 0.068000
3 0.408667 0.332000 0.065333 0.066667
2 0.476333 0.217000 0.079333 0.080667
2 0.486667 0.299667 0.102667 0.098000
2 0.571333 0.257000 0.069333 0.083333
2 0.634000 0.235667 0.066667 0.074000
2 0.716000 0.239333 0.094667 0.105333
2 0.709000 0.153667 0.063333 0.079333
2 0.627667 0.167000 0.092667 0.080667
2 0.557000 0.182333 0.046000 0.044667
2 0.469333 0.142000 0.057333 0.058667
3 0.391000 0.192667 0.032667 0.037333
2 0.384667 0.110333 0.065333 0.080667
2 0.466000 0.077000 0.046667 0.050000
2 0.541000 0.103000 0.088667 0.086000
3 0.625000 0.088667 0.076667 0.078667
2 0.543333 0.033667 0.081333 0.066000
2 0.957333 0.174667 0.085333 0.120000
2 0.948333 0.472000 0.103333 0.116000
2 0.969667 0.642667 0.060667 0.068000
2 0.962333 0.723333 0.075333 0.080000
0 0.943333 0.909333 0.068000 0.066667
0 0.917000 0.815000 0.076667 0.082000
0 0.879000 0.850333 0.080667 0.080667
0 0.274333 0.519000 0.207333 0.235333
0 0.122333 0.680667 0.238000 0.220000
0 0.092000 0.481333 0.173333 0.202667
0 0.101333 0.330667 0.201333 0.157333
0 0.215667 0.154000 0.284667 0.301333
0 0.583667 0.834333 0.220667 0.330000
0 0.114000 0.898000 0.225333 0.204000
