2 0.214667 0.153667 0.092000 0.082000
2 0.230667 0.251667 0.142667 0.116667
2 0.148667 0.301333 0.098667 0.132000
1 0.058333 0.469000 0.110000 0.140667
2 0.152000 0.405333 0.094667 0.101333
2 0.248667 0.371333 0.112000 0.133333
2 0.368667 0.377333 0.138667 0.132000
2 0.365333 0.270000 0.134667 0.105333
2 0.341667 0.154333 0.159333 0.147333
2 0.477667 0.405333 0.143333 0.160000
2 0.376333 0.480333 0.115333 0.104667
2 0.275000 0.471333 0.095333 0.089333
1 0.187000 0.524667 0.178000 0.142667
1 0.082667 0.606667 0.125333 0.121333
1 0.202667 0.604000 0.126667 0.090667
1 0.284000 0.563667 0.058667 0.074000
1 0.243000 0.700333 0.156667 0.116667
1 0.106333 0.719000 0.211333 0.198000
1 0.123000 0.845667 0.139333 0.120667
1 0.132000 0.945667 0.109333 0.087333
2 0.257333 0.890667 0.166667 0.122667
2 0.261000 0.800333 0.118000 0.094000
2 0.393667 0.684333 0.086000 0.087333
2 0.346667 0.726667 0.066667 0.072000
2 0.445667 0.878000 0.154000 0.200000
1 0.364667 0.592667 0.125333 0.137333
2 0.492333 0.614333 0.170000 0.160667
2 0.510000 0.730333 0.132000 0.123333
1 0.576333 0.793333 0.090000 0.089333
1 0.637000 0.878333 0.155333 0.178000
1 0.749667 0.907667 0.154000 0.184667
1 0.875667 0.872000 0.150000 0.124000
2 0.854000 0.760000 0.165333 0.156000
2 0.947000 0.624000 0.087333 0.100000
2 0.847333 0.669667 0.112000 0.108667
1 0.739000 0.687333 0.120667 0.160000
1 0.625667 0.679000 0.150000 0.156667
2 0.611333 0.556667 0.168000 0.129333
2 0.844000 0.572667 0.136000 0.100000
2 0.735000 0.551000 0.120667 0.123333
1 0.497333 0.510333 0.096000 0.078000
1 0.587333 0.439000 0.126667 0.152667
2 0.691000 0.418333 0.139333 0.106000
2 0.829333 0.454667 0.176000 0.158667
2 0.919333 0.412667 0.134667 0.130667
2 0.878333 0.324667 0.183333 0.114667
2 0.870333 0.209333 0.147333 0.124000
2 0.936667 0.127333 0.072000 0.068000
2 0.759333 0.080333 0.130667 0.151333
2 0.870667 0.064333 0.098667 0.124667
2 0.543000 0.120667 0.110000 0.090667
2 0.642333 0.111333 0.063333 0.069333
2 0.451000 0.222667 0.114000 0.166667
2 0.561000 0.251000 0.120667 0.176667
2 0.663667 0.212000 0.118000 0.134667
2 0.765333 0.194667 0.101333 0.100000
2 0.670000 0.326667 0.208000 0.125333
1 0.546333 0.892000 0.055333 0.108000
2 0.049333 0.348000 0.097333 0.101333
2 0.050000 0.248000 0.098667 0.112000
2 0.974000 0.741667 0.052000 0.083333
2 0.971667 0.834333 0.056667 0.087333
