2 0.087333 0.948333 0.096000 0.084667
1 0.211333 0.908333 0.105333 0.104667
2 0.132333 0.870000 0.066000 0.061333
2 0.141333 0.778333 0.104000 0.114000
1 0.213000 0.812000 0.080667 0.102667
1 0.324000 0.916667 0.128000 0.112000
1 0.311667 0.807667 0.124667 0.142000
1 0.301000 0.700667 0.076667 0.074667
1 0.433333 0.784667 0.132000 0.132000
2 0.462000 0.950667 0.096000 0.094667
2 0.594333 0.930333 0.090000 0.110000
2 0.526667 0.848667 0.110667 0.121333
1 0.408000 0.684333 0.106667 0.083333
1 0.541333 0.727000 0.154667 0.122000
1 0.700333 0.817333 0.183333 0.182667
2 0.721667 0.946667 0.148667 0.100000
1 0.537000 0.625000 0.123333 0.104667
2 0.646333 0.617333 0.108667 0.164000
1 0.503667 0.540333 0.123333 0.084667
1 0.401667 0.589000 0.116667 0.126000
1 0.310000 0.606333 0.094667 0.114000
1 0.219667 0.628000 0.111333 0.137333
1 0.123000 0.651333 0.118000 0.160000
1 0.111000 0.549333 0.087333 0.074667
2 0.201333 0.533333 0.062667 0.057333
2 0.171333 0.464667 0.092000 0.089333
1 0.062333 0.464000 0.123333 0.109333
1 0.123333 0.363000 0.165333 0.116667
1 0.066333 0.278333 0.076667 0.078000
1 0.131333 0.252667 0.101333 0.121333
1 0.246333 0.253333 0.144667 0.138667
1 0.265000 0.399333 0.156667 0.153333
1 0.294667 0.493000 0.100000 0.102000
1 0.392667 0.457667 0.096000 0.136667
1 0.474667 0.458667 0.088000 0.100000
2 0.454667 0.377000 0.094667 0.083333
2 0.463000 0.300000 0.058000 0.060000
2 0.377667 0.317000 0.110000 0.116667
2 0.361000 0.140000 0.151333 0.101333
2 0.371000 0.230000 0.078000 0.064000
2 0.352000 0.050333 0.122667 0.100667
2 0.451333 0.057667 0.062667 0.114000
2 0.534333 0.273333 0.090000 0.104000
2 0.057667 0.825667 0.114000 0.156667
0 0.653667 0.405000 0.319333 0.258000
0 0.881000 0.629667 0.108667 0.114000
0 0.933000 0.918667 0.127333 0.152000
0 0.943667 0.780333 0.112667 0.127333
0 0.839000 0.770333 0.094000 0.116667
0 0.963333 0.207000 0.068000 0.058000
0 0.808333 0.236000 0.135333 0.181333
0 0.671667 0.259667 0.166000 0.184667
0 0.536333 0.139333 0.092667 0.093333
0 0.528333 0.046000 0.094000 0.092000
0 0.694000 0.053000 0.168000 0.106000
0 0.740333 0.129333 0.110000 0.110667
0 0.798000 0.064333 0.081333 0.128667
0 0.115667 0.095667 0.114000 0.092667
