2 0.219667 0.092000 0.079333 0.080000
2 0.429667 0.113667 0.119333 0.128667
2 0.303333 0.145333 0.138667 0.137333
1 0.145333 0.126333 0.069333 0.046000
2 0.057000 0.127667 0.090000 0.082000
2 0.155667 0.210000 0.138000 0.128000
1 0.049333 0.228667 0.094667 0.129333
2 0.034667 0.390667 0.057333 0.053333
2 0.064667 0.340000 0.120000 0.109333
2 0.152667 0.328333 0.098667 0.108667
1 0.256333 0.322667 0.122000 0.146667
2 0.142333 0.435333 0.127333 0.097333
2 0.271667 0.412667 0.060667 0.069333
2 0.215000 0.494667 0.051333 0.066667
2 0.281333 0.506667 0.120000 0.129333
2 0.059000 0.521667 0.116667 0.118000
2 0.145667 0.574000 0.079333 0.086667
2 0.220667 0.617667 0.106667 0.115333
1 0.128000 0.656667 0.093333 0.088000
1 0.107000 0.742333 0.126000 0.150000
1 0.226333 0.744000 0.128667 0.134667
2 0.316000 0.674000 0.080000 0.136000
2 0.398667 0.727667 0.104000 0.143333
1 0.320667 0.778000 0.065333 0.074667
1 0.109000 0.862667 0.147333 0.128000
1 0.237000 0.846333 0.119333 0.094000
1 0.361000 0.869000 0.123333 0.146000
1 0.268333 0.940333 0.176667 0.119333
2 0.493000 0.770333 0.084667 0.087333
2 0.477667 0.865333 0.107333 0.100000
2 0.594000 0.803333 0.094667 0.097333
2 0.680000 0.824667 0.077333 0.101333
2 0.562667 0.901000 0.060000 0.079333
1 0.639333 0.911667 0.100000 0.114000
2 0.776333 0.808000 0.059333 0.062667
2 0.860333 0.800333 0.088667 0.096667
2 0.757667 0.903333 0.088667 0.105333
2 0.848000 0.908000 0.089333 0.124000
1 0.945667 0.907667 0.108667 0.151333
2 0.823667 0.719333 0.110000 0.073333
2 0.919000 0.695667 0.088667 0.082000
2 0.929667 0.619000 0.080667 0.076667
2 0.716667 0.660000 0.104000 0.110667
2 0.815333 0.639333 0.118667 0.092000
2 0.804333 0.565000 0.112667 0.098000
2 0.698000 0.541333 0.097333 0.112000
2 0.580000 0.567667 0.166667 0.110000
2 0.425667 0.621333 0.060667 0.061333
2 0.471667 0.583667 0.050000 0.050000
2 0.498667 0.640667 0.070667 0.089333
2 0.584667 0.683000 0.145333 0.128667
2 0.388667 0.541000 0.101333 0.116667
2 0.491667 0.533000 0.067333 0.056667
2 0.780000 0.449000 0.158667 0.111333
2 0.918000 0.528333 0.134667 0.111333
2 0.895667 0.420667 0.120667 0.096000
3 0.762667 0.354667 0.076000 0.077333
2 0.871667 0.313000 0.150000 0.106000
2 0.848667 0.228000 0.104000 0.094667
2 0.923667 0.169333 0.115333 0.132000
2 0.819333 0.123333 0.098667 0.098667
2 0.736000 0.155333 0.101333 0.101333
2 0.607667 0.069000 0.096667 0.090000
2 0.710667 0.049000 0.105333 0.091333
2 0.807667 0.041667 0.091333 0.082000
2 0.748667 0.257333 0.073333 0.082667
2 0.961333 0.781000 0.077333 0.072667
2 0.063333 0.051333 0.072000 0.070667
2 0.042333 0.655333 0.083333 0.090667
2 0.455333 0.958333 0.126667 0.082000
2 0.124000 0.955333 0.177333 0.089333
0 0.523667 0.347000 0.440667 0.378000
0 0.504333 0.096667 0.056667 0.052000
