2 0.051667 0.087333 0.084667 0.096000
1 0.091667 0.211333 0.104667 0.105333
2 0.130000 0.132333 0.061333 0.066000
2 0.221667 0.141333 0.114000 0.104000
1 0.188000 0.213000 0.102667 0.080667
1 0.083333 0.324000 0.112000 0.128000
1 0.192333 0.311667 0.142000 0.124667
1 0.299333 0.301000 0.074667 0.076667
1 0.215333 0.433333 0.132000 0.132000
2 0.049333 0.462000 0.094667 0.096000
2 0.069667 0.594333 0.110000 0.090000
2 0.151333 0.526667 0.121333 0.110667
1 0.315667 0.408000 0.083333 0.106667
1 0.273000 0.541333 0.122000 0.154667
1 0.182667 0.700333 0.182667 0.183333
2 0.053333 0.721667 0.100000 0.148667
1 0.375000 0.537000 0.104667 0.123333
2 0.382667 0.646333 0.164000 0.108667
1 0.459667 0.503667 0.084667 0.123333
1 0.411000 0.401667 0.126000 0.116667
1 0.393667 0.310000 0.114000 0.094667
1 0.372000 0.219667 0.137333 0.111333
1 0.348667 0.123000 0.160000 0.118000
1 0.450667 0.111000 0.074667 0.087333
2 0.466667 0.201333 0.057333 0.062667
2 0.535333 0.171333 0.089333 0.092000
1 0.536000 0.062333 0.109333 0.123333
1 0.637000 0.123333 0.116667 0.165333
1 0.721667 0.066333 0.078000 0.076667
1 0.747333 0.131333 0.121333 0.101333
1 0.746667 0.246333 0.138667 0.144667
1 0.600667 0.265000 0.153333 0.156667
1 0.507000 0.294667 0.102000 0.100000
1 0.542333 0.392667 0.136667 0.096000
1 0.541333 0.474667 0.100000 0.088000
2 0.623000 0.454667 0.083333 0.094667
2 0.700000 0.463000 0.060000 0.058000
2 0.683000 0.377667 0.116667 0.110000
2 0.860000 0.361000 0.101333 0.151333
2 0.770000 0.371000 0.064000 0.078000
2 0.949667 0.352000 0.100667 0.122667
2 0.942333 0.451333 0.114000 0.062667
2 0.726667 0.534333 0.104000 0.090000
2 0.174333 0.057667 0.156667 0.114000
0 0.595000 0.653667 0.258000 0.319333
0 0.370333 0.881000 0.114000 0.108667
0 0.081333 0.933000 0.152000 0.127333
0 0.219667 0.943667 0.127333 0.112667
0 0.229667 0.839000 0.116667 0.094000
0 0.793000 0.963333 0.058000 0.068000
0 0.764000 0.808333 0.181333 0.135333
0 0.740333 0.671667 0.184667 0.166000
0 0.860667 0.536333 0.093333 0.092667
0 0.954000 0.528333 0.092000 0.094000
0 0.947000 0.694000 0.106000 0.168000
0 0.870667 0.740333 0.110667 0.110000
0 0.935667 0.798000 0.128667 0.081333
0 0.904333 0.115667 0.092667 0.114000
