2 0.022333 0.065000 0.038000 0.043333
2 0.074333 0.071667 0.050000 0.054000
2 0.130667 0.032333 0.068000 0.058000
2 0.150667 0.110667 0.064000 0.070667
2 0.209000 0.127667 0.063333 0.056667
2 0.198667 0.209333 0.104000 0.101333
2 0.100667 0.188000 0.092000 0.100000
2 0.030667 0.184667 0.060000 0.098667
2 0.162000 0.296000 0.094667 0.061333
2 0.020000 0.523667 0.036000 0.050000
2 0.085000 0.531667 0.084667 0.079333
2 0.082000 0.602000 0.096000 0.072000
3 0.058333 0.665667 0.074000 0.055333
3 0.152333 0.629667 0.050000 0.047333
3 0.126333 0.696333 0.043333 0.042000
2 0.171667 0.553000 0.060667 0.075333
2 0.250000 0.492667 0.109333 0.088000
3 0.367333 0.460667 0.044000 0.040000
3 0.450000 0.478333 0.042667 0.050000
2 0.519333 0.511333 0.060000 0.061333
2 0.488667 0.588000 0.032000 0.025333
3 0.414333 0.551000 0.047333 0.043333
3 0.345667 0.518667 0.084667 0.100000
3 0.316667 0.592667 0.060000 0.057333
2 0.400667 0.629000 0.094667 0.074000
2 0.220667 0.682333 0.065333 0.047333
3 0.210000 0.749667 0.065333 0.059333
3 0.240667 0.633000 0.066667 0.054000
2 0.244667 0.572000 0.093333 0.088000
3 0.472333 0.633000 0.046000 0.051333
2 0.452667 0.718667 0.093333 0.097333
2 0.362000 0.715000 0.074667 0.071333
3 0.296667 0.677333 0.064000 0.062667
2 0.290333 0.727333 0.040667 0.034667
3 0.265333 0.839000 0.078667 0.083333
3 0.274333 0.774333 0.052667 0.050000
3 0.346000 0.773333 0.068000 0.057333
3 0.389333 0.847000 0.102667 0.128667
3 0.470333 0.875333 0.042000 0.044000
2 0.440333 0.932333 0.048667 0.047333
2 0.533000 0.910333 0.083333 0.078000
2 0.582000 0.820333 0.085333 0.112667
2 0.600667 0.760000 0.022667 0.030667
2 0.554667 0.655000 0.102667 0.154000
2 0.575667 0.567000 0.027333 0.027333
2 0.657000 0.590667 0.082000 0.058667
2 0.641667 0.676333 0.102000 0.120667
2 0.781333 0.691333 0.094667 0.076000
2 0.763333 0.748000 0.036000 0.032000
2 0.843333 0.734000 0.029333 0.036000
2 0.813000 0.843000 0.050000 0.048667
2 0.720333 0.815667 0.119333 0.111333
2 0.648667 0.862000 0.068000 0.093333
2 0.712667 0.908000 0.137333 0.090667
2 0.921333 0.937667 0.157333 0.124667
2 0.913333 0.829667 0.102667 0.080667
2 0.937000 0.741667 0.126000 0.140667
2 0.810000 0.620667 0.104000 0.101333
2 0.882667 0.650333 0.069333 0.086000
2 0.960000 0.494000 0.080000 0.076000
2 0.916667 0.560000 0.052000 0.038667
2 0.777667 0.460333 0.043333 0.044667
2 0.876000 0.425000 0.136000 0.084667
2 0.856000 0.501333 0.130667 0.096000
2 0.832000 0.562000 0.034667 0.034667
2 0.531333 0.453333 0.033333 0.041333
2 0.650667 0.517667 0.153333 0.110000
2 0.743667 0.542667 0.058000 0.065333
2 0.909667 0.371000 0.051333 0.052667
2 0.963333 0.301333 0.033333 0.032000
2 0.836000 0.299000 0.037333 0.042000
2 0.804333 0.371000 0.051333 0.052667
2 0.730333 0.382333 0.087333 0.058000
2 0.634000 0.420000 0.086667 0.074667
2 0.548000 0.364333 0.056000 0.058000
2 0.572667 0.327333 0.069333 0.065333
2 0.655667 0.343667 0.090000 0.086000
2 0.756000 0.306000 0.100000 0.094667
2 0.778000 0.247667 0.060000 0.052667
2 0.741000 0.233000 0.024667 0.028667
3 0.955333 0.231333 0.089333 0.084000
2 0.609667 0.258000 0.082000 0.076000
2 0.669333 0.264667 0.026667 0.032000
3 0.500000 0.248333 0.065333 0.071333
2 0.501333 0.299000 0.024000 0.030000
2 0.470000 0.135667 0.061333 0.084667
2 0.541000 0.172667 0.080667 0.110667
2 0.623000 0.177000 0.080667 0.078000
2 0.709000 0.187333 0.083333 0.106667
2 0.785333 0.162667 0.069333 0.072000
2 0.870000 0.179667 0.097333 0.122000
2 0.904000 0.085333 0.073333 0.072000
2 0.812333 0.089333 0.090000 0.080000
2 0.733333 0.099000 0.060000 0.067333
2 0.759667 0.032333 0.090000 0.063333
2 0.660667 0.057333 0.069333 0.058667
2 0.570333 0.072333 0.080667 0.086000
2 0.487333 0.051000 0.096000 0.087333
2 0.616000 0.948333 0.056000 0.056667
0 0.285333 0.907333 0.070667 0.073333
0 0.208333 0.969333 0.075333 0.061333
0 0.116000 0.825000 0.230667 0.290000
0 0.488000 0.782333 0.042667 0.052667
0 0.529667 0.810000 0.051333 0.045333
0 0.815333 0.783000 0.062667 0.074000
0 0.598333 0.532333 0.050000 0.044667
0 0.770667 0.509333 0.042667 0.044000
0 0.331000 0.442000 0.032667 0.030667
0 0.287667 0.393667 0.059333 0.048667
0 0.384667 0.266667 0.258667 0.325333
0 0.273000 0.138667 0.067333 0.068000
0 0.659000 0.751667 0.055333 0.060667
0 0.525333 0.419333 0.026667 0.029333
0 0.046000 0.479000 0.060000 0.039333
0 0.053667 0.438000 0.035333 0.042667
2 0.695333 0.968333 0.126667 0.063333
3 0.236000 0.038333 0.090667 0.067333
2 0.428000 0.030000 0.053333 0.058667
2 0.897333 0.022667 0.064000 0.044000
2 0.974667 0.069000 0.050667 0.062000
2 0.977333 0.372000 0.045333 0.073333
2 0.949333 0.603667 0.101333 0.130000
