2 0.114667 0.110333 0.138667 0.118000
2 0.233333 0.152333 0.109333 0.111333
2 0.322667 0.199000 0.064000 0.071333
2 0.406333 0.218333 0.083333 0.098000
2 0.474667 0.241333 0.068000 0.074667
2 0.078333 0.206667 0.072667 0.077333
1 0.135000 0.236667 0.051333 0.068000
1 0.203000 0.253667 0.087333 0.091333
1 0.287333 0.269000 0.090667 0.088667
1 0.359000 0.285667 0.055333 0.050000
1 0.445333 0.315000 0.094667 0.088667
1 0.498333 0.351667 0.087333 0.079333
2 0.553667 0.281333 0.111333 0.097333
2 0.654667 0.325333 0.138667 0.170667
2 0.746333 0.388667 0.124667 0.133333
1 0.838333 0.408667 0.075333 0.081333
2 0.939667 0.426667 0.119333 0.160000
2 0.841667 0.502333 0.064667 0.055333
1 0.946333 0.518333 0.086000 0.076667
1 0.899333 0.556000 0.072000 0.093333
1 0.951667 0.599667 0.071333 0.086000
1 0.892333 0.645000 0.096667 0.084667
1 0.798000 0.589667 0.108000 0.144667
1 0.854000 0.568333 0.062667 0.074000
1 0.894667 0.726000 0.096000 0.089333
2 0.921667 0.913667 0.114000 0.144667
2 0.815333 0.925333 0.098667 0.098667
1 0.849333 0.840000 0.100000 0.077333
1 0.836667 0.772667 0.122667 0.090667
2 0.762333 0.826000 0.084667 0.089333
2 0.728333 0.910000 0.091333 0.088000
1 0.736667 0.745000 0.092000 0.079333
1 0.792333 0.694667 0.111333 0.093333
1 0.671667 0.707667 0.091333 0.080667
1 0.713333 0.649667 0.097333 0.086000
1 0.716000 0.560000 0.108000 0.129333
1 0.739000 0.487000 0.048667 0.060667
1 0.785667 0.474667 0.052667 0.058667
1 0.671333 0.801667 0.094667 0.102000
1 0.634000 0.910667 0.100000 0.102667
2 0.532000 0.894000 0.093333 0.138667
1 0.569667 0.795000 0.112667 0.115333
1 0.572667 0.703000 0.097333 0.087333
1 0.607667 0.624667 0.111333 0.110667
1 0.627000 0.544667 0.094000 0.088000
1 0.644333 0.481000 0.092667 0.090000
2 0.414333 0.960000 0.111333 0.078667
2 0.447667 0.880667 0.096667 0.106667
2 0.314000 0.951667 0.090667 0.095333
2 0.352667 0.875333 0.101333 0.104000
2 0.074000 0.886333 0.102667 0.095333
1 0.196000 0.876333 0.140000 0.116667
2 0.224667 0.813667 0.065333 0.042000
2 0.300667 0.782333 0.050667 0.056667
1 0.481333 0.800000 0.066667 0.065333
1 0.493667 0.743333 0.086000 0.090667
1 0.400667 0.807333 0.110667 0.101333
1 0.385333 0.717667 0.105333 0.108667
1 0.207000 0.741333 0.118000 0.120000
2 0.102000 0.798000 0.110667 0.100000
1 0.097000 0.725000 0.054000 0.051333
1 0.040667 0.682333 0.081333 0.074000
1 0.203667 0.651667 0.050000 0.054000
1 0.291667 0.682333 0.051333 0.046000
1 0.285000 0.728000 0.048667 0.042667
1 0.320000 0.725333 0.033333 0.042667
1 0.314000 0.637667 0.065333 0.056667
1 0.457000 0.657333 0.062000 0.073333
1 0.511333 0.607000 0.129333 0.120667
1 0.541667 0.502333 0.110000 0.080667
1 0.450000 0.547333 0.109333 0.096000
1 0.116333 0.628333 0.118000 0.118000
2 0.033000 0.578333 0.066000 0.072667
1 0.089000 0.509333 0.084667 0.092000
1 0.047000 0.423000 0.087333 0.080667
2 0.161000 0.451000 0.148667 0.108667
2 0.201333 0.365000 0.157333 0.119333
1 0.177333 0.561000 0.102667 0.119333
1 0.272333 0.578000 0.112667 0.129333
1 0.378333 0.612333 0.094000 0.111333
1 0.323000 0.494667 0.147333 0.129333
1 0.120333 0.301000 0.083333 0.072667
1 0.339000 0.349000 0.107333 0.095333
2 0.373333 0.414667 0.134667 0.094667
1 0.495333 0.410667 0.064000 0.053333
1 0.595333 0.384333 0.064000 0.060667
1 0.571333 0.416000 0.105333 0.097333
1 0.445667 0.461667 0.120667 0.118000
0 0.922000 0.071000 0.046667 0.048667
0 0.985667 0.067333 0.027333 0.041333
0 0.256667 0.663333 0.041333 0.044000
0 0.161667 0.166000 0.052667 0.050667
0 0.066333 0.713333 0.028667 0.040000
2 0.048667 0.311333 0.097333 0.170667
2 0.028667 0.505333 0.057333 0.070667
2 0.083000 0.959667 0.119333 0.078000
2 0.200667 0.965667 0.133333 0.067333
2 0.586667 0.975000 0.124000 0.047333
1 0.952667 0.833333 0.093333 0.105333
1 0.964667 0.742000 0.069333 0.112000
