2 0.108000 0.061000 0.164000 0.120667
2 0.119333 0.135000 0.142667 0.094000
1 0.089667 0.213667 0.152667 0.110000
2 0.092333 0.342000 0.163333 0.169333
1 0.204667 0.276667 0.128000 0.102667
2 0.215333 0.375000 0.088000 0.118000
3 0.285667 0.381667 0.050000 0.062000
3 0.298667 0.251667 0.073333 0.078000
2 0.259667 0.178667 0.092667 0.098667
2 0.193000 0.199667 0.076667 0.082000
2 0.212667 0.083333 0.070667 0.068000
2 0.225000 0.024000 0.062000 0.044000
2 0.318333 0.087000 0.112667 0.082000
2 0.322667 0.164333 0.069333 0.060667
2 0.411667 0.107333 0.080667 0.082667
1 0.504333 0.070333 0.123333 0.090000
2 0.486000 0.149667 0.065333 0.064667
2 0.403333 0.190667 0.102667 0.084000
2 0.384333 0.282333 0.083333 0.080667
2 0.403000 0.321333 0.051333 0.041333
2 0.364667 0.385000 0.100000 0.119333
2 0.462667 0.411000 0.165333 0.179333
2 0.561667 0.294333 0.052667 0.051333
2 0.479667 0.246667 0.116667 0.104000
1 0.568333 0.434333 0.082000 0.115333
2 0.471000 0.324667 0.048667 0.045333
2 0.560667 0.150000 0.086667 0.104000
2 0.603667 0.128333 0.042000 0.086000
2 0.652000 0.120667 0.072000 0.090667
1 0.690333 0.076000 0.076667 0.088000
2 0.659667 0.196333 0.043333 0.052667
2 0.584000 0.360333 0.038667 0.044667
1 0.639000 0.352000 0.092667 0.072000
2 0.647000 0.475000 0.087333 0.084667
2 0.713000 0.367667 0.055333 0.056667
2 0.658333 0.280333 0.143333 0.128667
2 0.747333 0.284667 0.065333 0.096000
1 0.805667 0.301667 0.118000 0.147333
2 0.884667 0.295000 0.054667 0.055333
2 0.907000 0.354667 0.074000 0.074667
2 0.832667 0.398333 0.141333 0.128667
2 0.900000 0.446333 0.040000 0.042000
2 0.722000 0.465667 0.068000 0.091333
2 0.786000 0.490000 0.101333 0.101333
2 0.888333 0.521000 0.111333 0.086000
1 0.963000 0.392667 0.074000 0.093333
1 0.891000 0.242000 0.086000 0.069333
2 0.971333 0.228667 0.057333 0.068000
2 0.918333 0.191333 0.084667 0.062667
2 0.736000 0.206000 0.098667 0.066667
1 0.764000 0.141333 0.098667 0.078667
1 0.851667 0.166333 0.079333 0.098000
1 0.761667 0.057333 0.075333 0.080000
1 0.819333 0.091333 0.068000 0.076000
1 0.872000 0.085667 0.065333 0.076667
2 0.936000 0.110000 0.090667 0.094667
0 0.160333 0.897333 0.090000 0.072000
0 0.321667 0.703667 0.052667 0.044667
0 0.420667 0.752333 0.124000 0.120667
0 0.465333 0.844333 0.145333 0.112667
0 0.454000 0.942667 0.126667 0.081333
0 0.632333 0.878000 0.104667 0.084000
0 0.603667 0.949333 0.039333 0.038667
0 0.893667 0.917000 0.150000 0.152667
0 0.364333 0.971667 0.072667 0.056667
0 0.020667 0.873000 0.024000 0.030000
0 0.649667 0.413667 0.074000 0.062000
0 0.741333 0.406000 0.069333 0.062667
0 0.932667 0.456333 0.029333 0.038000
0 0.576667 0.235667 0.072000 0.058000
0 0.397333 0.064667 0.041333 0.033333
0 0.436667 0.048000 0.037333 0.036000
0 0.701667 0.162333 0.035333 0.028667
2 0.958333 0.307000 0.083333 0.074000
2 0.933000 0.031000 0.090000 0.060667
2 0.841000 0.025667 0.102000 0.050000
