2 0.703000 0.925000 0.055333 0.048667
2 0.613667 0.916333 0.115333 0.090000
2 0.537333 0.833667 0.201333 0.183333
1 0.423000 0.934000 0.127333 0.125333
2 0.403667 0.775333 0.152667 0.192000
2 0.292333 0.862000 0.136667 0.162667
2 0.315000 0.965333 0.100667 0.069333
1 0.181333 0.878000 0.086667 0.105333
1 0.103667 0.859667 0.086000 0.079333
1 0.105333 0.806000 0.037333 0.033333
1 0.107667 0.775333 0.022000 0.028000
1 0.049333 0.780333 0.084000 0.082000
2 0.059667 0.678333 0.107333 0.142000
2 0.190333 0.727333 0.107333 0.093333
2 0.137333 0.681667 0.108000 0.126000
1 0.245667 0.772000 0.056667 0.062667
2 0.293333 0.742000 0.070667 0.113333
0 0.854000 0.256000 0.125333 0.142667
0 0.617333 0.338000 0.052000 0.041333
0 0.095333 0.292667 0.090667 0.077333
0 0.203667 0.300667 0.068667 0.101333
0 0.270333 0.275333 0.086000 0.093333
0 0.522667 0.165667 0.120000 0.150000
0 0.663000 0.179333 0.096667 0.112000
0 0.816000 0.071667 0.101333 0.130000
0 0.638000 0.031000 0.084000 0.058000
0 0.235000 0.108000 0.132667 0.094667
0 0.102667 0.142667 0.076000 0.064000
0 0.089667 0.047333 0.131333 0.093333
0 0.492333 0.065000 0.090000 0.056667
0 0.438333 0.481333 0.026000 0.030667
0 0.296000 0.461000 0.041333 0.036667
0 0.431667 0.340333 0.131333 0.108667
1 0.227000 0.966000 0.087333 0.066667
1 0.592333 0.968333 0.063333 0.063333
2 0.747667 0.951333 0.144667 0.097333
