2 0.055333 0.938333 0.109333 0.118000
1 0.048667 0.865000 0.065333 0.056667
1 0.059667 0.800333 0.118000 0.086000
1 0.154667 0.836333 0.100000 0.083333
1 0.149333 0.911667 0.086667 0.075333
1 0.244333 0.951667 0.100667 0.096667
1 0.249333 0.870667 0.100000 0.070667
1 0.211000 0.790000 0.107333 0.090667
1 0.306333 0.829000 0.083333 0.087333
1 0.320667 0.911667 0.070667 0.075333
1 0.379000 0.863667 0.084667 0.092667
1 0.469333 0.861000 0.090667 0.082000
1 0.428000 0.948667 0.106667 0.100000
1 0.581333 0.888333 0.058667 0.084667
2 0.661333 0.934333 0.093333 0.131333
1 0.743667 0.862667 0.060667 0.064000
1 0.724333 0.919667 0.067333 0.078000
1 0.833000 0.898000 0.050000 0.065333
1 0.926000 0.935000 0.112000 0.130000
1 0.907667 0.848333 0.042000 0.048667
1 0.943667 0.825000 0.050000 0.051333
1 0.831333 0.807333 0.122667 0.110667
2 0.814667 0.738667 0.056000 0.054667
2 0.741667 0.757000 0.054000 0.050000
2 0.749333 0.811000 0.050667 0.051333
1 0.655333 0.829333 0.104000 0.094667
2 0.847667 0.504667 0.116667 0.094667
1 0.957333 0.537333 0.085333 0.080000
1 0.949000 0.620333 0.102000 0.100667
1 0.835333 0.603333 0.130667 0.108000
1 0.848333 0.695333 0.148667 0.093333
1 0.956667 0.702000 0.086667 0.076000
1 0.929333 0.771667 0.137333 0.079333
2 0.727667 0.596000 0.082000 0.105333
2 0.684667 0.525000 0.065333 0.051333
2 0.647333 0.720667 0.045333 0.042667
2 0.694333 0.679333 0.090000 0.094667
2 0.645000 0.759667 0.119333 0.082000
1 0.564667 0.749667 0.058667 0.056667
1 0.547333 0.806667 0.073333 0.078667
1 0.462000 0.769667 0.102667 0.114000
2 0.373333 0.766333 0.098667 0.104667
1 0.283333 0.735000 0.090667 0.086000
1 0.191667 0.711333 0.084667 0.072000
1 0.073333 0.722000 0.134667 0.090667
2 0.137667 0.627333 0.123333 0.137333
2 0.068667 0.495667 0.125333 0.107333
1 0.176333 0.513667 0.104667 0.115333
1 0.228333 0.632333 0.083333 0.080667
1 0.318667 0.651000 0.092000 0.079333
1 0.412000 0.662667 0.094667 0.102667
2 0.510667 0.660000 0.094667 0.097333
2 0.600000 0.674667 0.085333 0.073333
2 0.627000 0.599000 0.116667 0.091333
2 0.579333 0.531000 0.096000 0.080667
1 0.455000 0.574000 0.122000 0.089333
1 0.352667 0.551333 0.126667 0.129333
1 0.246000 0.553667 0.090667 0.087333
2 0.872667 0.435000 0.033333 0.039333
2 0.055000 0.318667 0.039333 0.033333
2 0.087667 0.403333 0.056667 0.061333
2 0.143333 0.304333 0.070667 0.083333
2 0.226667 0.323333 0.096000 0.098667
2 0.205333 0.406667 0.070667 0.065333
2 0.247333 0.447000 0.088000 0.095333
2 0.350000 0.455667 0.085333 0.086000
2 0.374333 0.390333 0.067333 0.050000
2 0.379000 0.346000 0.048667 0.038667
1 0.443333 0.428000 0.096000 0.097333
2 0.461667 0.492667 0.078000 0.073333
2 0.523000 0.469000 0.072667 0.090000
2 0.620667 0.456667 0.129333 0.101333
2 0.721000 0.445000 0.074000 0.086000
2 0.903667 0.367000 0.080667 0.080667
2 0.921667 0.303000 0.050000 0.050000
2 0.816000 0.392667 0.094667 0.112000
1 0.746000 0.342000 0.090667 0.113333
1 0.630333 0.368000 0.148667 0.098667
2 0.548667 0.379667 0.088000 0.086000
2 0.459000 0.356667 0.078000 0.057333
2 0.647333 0.300667 0.078667 0.036000
2 0.668333 0.255333 0.054000 0.042667
2 0.761000 0.267667 0.118000 0.095333
2 0.874000 0.236333 0.133333 0.119333
2 0.969667 0.223000 0.046000 0.051333
2 0.872333 0.153333 0.084667 0.061333
2 0.879333 0.072000 0.065333 0.062667
2 0.825667 0.117333 0.078000 0.100000
2 0.725667 0.072667 0.124667 0.122667
2 0.763333 0.180333 0.102667 0.092667
2 0.690333 0.162667 0.054000 0.064000
2 0.632667 0.120667 0.089333 0.126667
2 0.599333 0.204667 0.100000 0.100000
2 0.504667 0.197667 0.094667 0.080667
2 0.428333 0.205000 0.058000 0.046000
2 0.439333 0.109333 0.100000 0.096000
2 0.476333 0.044000 0.046000 0.042667
2 0.543667 0.101000 0.116667 0.112667
2 0.355667 0.038000 0.079333 0.072000
2 0.230000 0.034000 0.089333 0.066667
2 0.313333 0.080333 0.097333 0.084667
2 0.288333 0.139333 0.124667 0.102667
2 0.336333 0.209667 0.087333 0.082000
2 0.385667 0.274667 0.111333 0.098667
2 0.311000 0.319000 0.054000 0.076667
2 0.211333 0.094667 0.060000 0.069333
2 0.151667 0.107333 0.120667 0.144000
2 0.052667 0.170667 0.098667 0.137333
2 0.099333 0.054667 0.077333 0.069333
2 0.043667 0.051333 0.044667 0.068000
0 0.782667 0.888333 0.052000 0.068667
0 0.965667 0.845000 0.036667 0.039333
0 0.757667 0.723333 0.031333 0.034667
0 0.505333 0.541333 0.048000 0.045333
0 0.145667 0.409333 0.044667 0.062667
0 0.078333 0.279000 0.048667 0.046000
0 0.115000 0.216000 0.067333 0.077333
0 0.201000 0.186333 0.059333 0.075333
0 0.453333 0.311000 0.034667 0.032667
0 0.487000 0.258000 0.055333 0.052000
0 0.394000 0.134333 0.040000 0.040667
2 0.513667 0.960333 0.086000 0.079333
2 0.093333 0.968333 0.080000 0.063333
2 0.181000 0.974667 0.056667 0.050667
2 0.052667 0.606333 0.104000 0.139333
2 0.567000 0.032000 0.111333 0.062667
2 0.960000 0.150000 0.080000 0.128000
