1 0.862667 0.384000 0.134667 0.125333
1 0.884333 0.528667 0.191333 0.197333
1 0.775667 0.491000 0.116667 0.116667
1 0.886000 0.775000 0.097333 0.148667
1 0.823667 0.913333 0.182000 0.169333
1 0.787667 0.824333 0.090000 0.091333
1 0.817000 0.753000 0.074000 0.082000
1 0.731667 0.562667 0.078000 0.073333
1 0.793333 0.689667 0.090667 0.147333
1 0.708000 0.665333 0.113333 0.134667
1 0.684333 0.787000 0.108667 0.116667
2 0.714667 0.887667 0.064000 0.074000
1 0.662333 0.416667 0.116667 0.137333
1 0.644667 0.531333 0.132000 0.120000
1 0.622667 0.632667 0.101333 0.102667
1 0.594000 0.735333 0.089333 0.100000
2 0.601667 0.847667 0.120667 0.116667
1 0.565667 0.910333 0.112667 0.114000
2 0.494667 0.952333 0.082667 0.095333
2 0.595333 0.264333 0.144000 0.150000
2 0.546000 0.389000 0.134667 0.120667
1 0.533667 0.500000 0.135333 0.134667
2 0.542333 0.616667 0.083333 0.098667
2 0.513000 0.680667 0.056667 0.054667
1 0.478333 0.749333 0.112667 0.092000
1 0.489333 0.819333 0.104000 0.070667
1 0.442667 0.892333 0.094667 0.078000
1 0.394667 0.836667 0.070667 0.066667
1 0.417000 0.942667 0.146000 0.114667
1 0.354000 0.770333 0.128000 0.124667
1 0.372333 0.661000 0.176667 0.118000
1 0.419667 0.544667 0.095333 0.106667
1 0.340667 0.537333 0.070667 0.098667
1 0.258667 0.567333 0.165333 0.169333
2 0.167000 0.530333 0.068667 0.084667
2 0.212667 0.679667 0.068000 0.083333
1 0.228667 0.774333 0.161333 0.206000
1 0.220333 0.892667 0.106000 0.102667
1 0.133667 0.756333 0.068667 0.083333
1 0.127333 0.632667 0.108000 0.117333
1 0.052667 0.582333 0.105333 0.122000
2 0.226000 0.381333 0.120000 0.130667
1 0.480333 0.230000 0.144667 0.166667
2 0.403333 0.372000 0.196000 0.204000
1 0.396667 0.195667 0.108000 0.148667
2 0.313667 0.186000 0.080667 0.106667
2 0.259333 0.250667 0.141333 0.146667
2 0.124000 0.352667 0.109333 0.124000
2 0.219000 0.120000 0.122000 0.138667
2 0.107333 0.069333 0.129333 0.124000
2 0.128667 0.208667 0.138667 0.168000
1 0.477333 0.575667 0.074667 0.082000
2 0.067667 0.856000 0.135333 0.138667
2 0.061667 0.720333 0.123333 0.155333
1 0.035333 0.146000 0.070667 0.152000
1 0.967333 0.794667 0.064000 0.097333
2 0.958667 0.691333 0.081333 0.112000
1 0.947000 0.935667 0.104667 0.128667
2 0.294333 0.945667 0.126000 0.108667
1 0.121667 0.934333 0.154000 0.131333
2 0.029667 0.386667 0.059333 0.093333
