1 0.979333 0.152000 0.041333 0.061333
1 0.914333 0.167333 0.088667 0.122667
1 0.863667 0.051333 0.146000 0.088000
1 0.824667 0.109000 0.057333 0.039333
1 0.816667 0.147333 0.068000 0.040000
1 0.826667 0.188000 0.077333 0.058667
1 0.779333 0.217333 0.100000 0.058667
1 0.765000 0.286667 0.138000 0.092000
1 0.745333 0.352667 0.065333 0.057333
1 0.815667 0.348000 0.078000 0.064000
1 0.904000 0.270667 0.062667 0.057333
1 0.956000 0.229000 0.072000 0.076667
1 0.885333 0.350000 0.072000 0.088000
1 0.935667 0.474333 0.120667 0.150000
1 0.860333 0.471000 0.080667 0.076667
1 0.811667 0.418000 0.086000 0.085333
1 0.712333 0.430000 0.120667 0.102667
1 0.696333 0.507667 0.094000 0.088667
1 0.767667 0.501000 0.054000 0.050000
1 0.833667 0.551333 0.119333 0.093333
1 0.953000 0.699333 0.083333 0.094667
1 0.820333 0.668000 0.187333 0.160000
1 0.906000 0.814000 0.108000 0.126667
2 0.862000 0.918000 0.132000 0.121333
1 0.812333 0.797333 0.084667 0.101333
1 0.761000 0.744333 0.087333 0.084667
1 0.718333 0.688333 0.080667 0.091333
1 0.676000 0.613333 0.068000 0.058667
1 0.644000 0.691667 0.070667 0.076667
2 0.622000 0.759000 0.090667 0.066000
1 0.765667 0.907667 0.066000 0.086000
1 0.757333 0.839333 0.066667 0.066667
1 0.721000 0.787333 0.070000 0.070667
1 0.702333 0.883667 0.059333 0.083333
1 0.651000 0.923000 0.051333 0.058000
1 0.598000 0.857000 0.098667 0.084667
2 0.594333 0.923667 0.054000 0.043333
0 0.200333 0.740667 0.178000 0.144000
0 0.238667 0.668000 0.134667 0.081333
0 0.354000 0.575000 0.153333 0.166000
0 0.417667 0.451000 0.168667 0.120667
0 0.331333 0.423000 0.064000 0.052667
0 0.450667 0.323667 0.072000 0.088667
0 0.502333 0.240000 0.108667 0.129333
0 0.511667 0.058667 0.130000 0.096000
0 0.380333 0.165000 0.104667 0.098000
0 0.345333 0.238333 0.082667 0.075333
0 0.306333 0.310333 0.108667 0.096667
0 0.173000 0.595000 0.083333 0.130000
0 0.105667 0.588333 0.090000 0.112667
0 0.070000 0.554667 0.097333 0.108000
0 0.023000 0.740667 0.039333 0.045333
0 0.088000 0.480000 0.038667 0.046667
0 0.138667 0.405333 0.076000 0.053333
0 0.243333 0.441333 0.108000 0.110667
0 0.189667 0.345000 0.099333 0.120667
0 0.183667 0.250333 0.119333 0.122000
0 0.370000 0.074333 0.110667 0.094000
0 0.234000 0.082333 0.082667 0.094000
0 0.070333 0.322333 0.139333 0.134000
0 0.123333 0.212667 0.092000 0.120000
0 0.111667 0.059000 0.103333 0.118000
0 0.059000 0.901667 0.038000 0.039333
2 0.974000 0.076333 0.052000 0.079333
2 0.972667 0.939667 0.054667 0.070000
2 0.957667 0.604000 0.084667 0.101333
2 0.957667 0.377667 0.084667 0.087333
2 0.961667 0.286333 0.075333 0.100667
2 0.741667 0.968333 0.126000 0.059333
