2 0.184667 0.031000 0.058667 0.059333
3 0.237333 0.100667 0.056000 0.050667
2 0.183000 0.177667 0.124667 0.131333
3 0.292333 0.226000 0.131333 0.096000
3 0.282000 0.305667 0.120000 0.090000
2 0.364333 0.282000 0.050000 0.054667
2 0.383667 0.166667 0.128667 0.120000
2 0.356667 0.347000 0.149333 0.078000
2 0.313333 0.414667 0.101333 0.078667
3 0.094000 0.432333 0.066667 0.047333
2 0.400667 0.397333 0.048000 0.040000
2 0.420000 0.057000 0.110667 0.108667
2 0.499000 0.120000 0.127333 0.081333
2 0.587333 0.066667 0.046667 0.078667
2 0.674333 0.060667 0.119333 0.120000
2 0.553667 0.182000 0.095333 0.124000
2 0.464667 0.221667 0.096000 0.106000
2 0.604000 0.287667 0.076000 0.080667
2 0.689333 0.147000 0.038667 0.036667
2 0.713000 0.226000 0.084667 0.084000
1 0.744667 0.274333 0.045333 0.031333
2 0.684667 0.306333 0.065333 0.060667
2 0.519000 0.352667 0.026000 0.033333
1 0.588000 0.377000 0.040000 0.032667
1 0.498000 0.420667 0.020000 0.022667
2 0.614333 0.489667 0.054000 0.078000
1 0.668333 0.475333 0.040667 0.041333
1 0.695333 0.537333 0.044000 0.044000
3 0.472000 0.457333 0.069333 0.072000
3 0.471667 0.520333 0.079333 0.054000
3 0.396667 0.458000 0.088000 0.085333
3 0.312333 0.484000 0.068667 0.077333
2 0.222333 0.484667 0.110000 0.097333
3 0.215333 0.552000 0.062667 0.045333
2 0.338000 0.585000 0.044000 0.054000
2 0.449667 0.571667 0.071333 0.040667
2 0.403333 0.621333 0.054667 0.061333
2 0.306333 0.628667 0.084667 0.089333
3 0.050667 0.519333 0.097333 0.121333
2 0.030000 0.598667 0.032000 0.028000
2 0.082667 0.658333 0.137333 0.128667
3 0.186667 0.649000 0.062667 0.055333
2 0.260667 0.684000 0.114667 0.125333
3 0.576333 0.600000 0.067333 0.068000
3 0.646667 0.614333 0.066667 0.068667
3 0.729000 0.651667 0.122000 0.126000
2 0.564000 0.670000 0.077333 0.060000
2 0.631333 0.685333 0.054667 0.060000
3 0.581667 0.760333 0.150000 0.107333
2 0.628000 0.781000 0.041333 0.058000
3 0.705000 0.773333 0.040667 0.037333
3 0.507000 0.855667 0.048667 0.047333
3 0.466667 0.690667 0.082667 0.084000
2 0.377333 0.703333 0.094667 0.101333
3 0.169667 0.740667 0.102000 0.101333
2 0.060333 0.784667 0.119333 0.118667
2 0.061000 0.949333 0.083333 0.057333
1 0.132333 0.941333 0.040667 0.038667
2 0.244667 0.865333 0.052000 0.053333
2 0.323667 0.896000 0.084667 0.070667
1 0.382000 0.893333 0.033333 0.029333
2 0.404667 0.834333 0.045333 0.055333
2 0.321333 0.799000 0.116000 0.122000
2 0.464667 0.783000 0.065333 0.068667
2 0.278667 0.963333 0.045333 0.046667
2 0.324000 0.947333 0.045333 0.041333
2 0.569000 0.863000 0.075333 0.095333
2 0.645000 0.886667 0.094000 0.146667
2 0.488667 0.903333 0.036000 0.040000
3 0.796000 0.923667 0.149333 0.135333
3 0.799333 0.806333 0.057333 0.064667
3 0.873333 0.790000 0.054667 0.049333
2 0.875000 0.876000 0.090000 0.118667
3 0.939333 0.910000 0.054667 0.070667
3 0.952000 0.959667 0.062667 0.058000
3 0.943333 0.817333 0.081333 0.066667
3 0.933667 0.741000 0.075333 0.099333
3 0.973667 0.759333 0.052667 0.064000
3 0.829333 0.714333 0.105333 0.115333
2 0.843333 0.597667 0.108000 0.112667
2 0.917000 0.586000 0.032667 0.038667
3 0.854000 0.499000 0.104000 0.072667
3 0.956000 0.523000 0.077333 0.074000
2 0.935667 0.402000 0.050000 0.048000
1 0.779667 0.439000 0.035333 0.038000
1 0.760667 0.390667 0.050667 0.046667
1 0.796000 0.242333 0.072000 0.055333
1 0.901333 0.276333 0.049333 0.039333
2 0.962333 0.323333 0.027333 0.029333
2 0.938000 0.402000 0.065333 0.064000
2 0.864333 0.423667 0.082000 0.067333
1 0.591000 0.406000 0.034000 0.028000
2 0.829667 0.170333 0.039333 0.036667
2 0.922000 0.187667 0.113333 0.110000
2 0.931667 0.096000 0.120667 0.094667
1 0.957333 0.031000 0.053333 0.039333
2 0.809667 0.063000 0.098000 0.102000
2 0.879667 0.065000 0.046000 0.071333
0 0.690333 0.836000 0.058000 0.057333
0 0.183333 0.966667 0.080000 0.066667
0 0.240000 0.786333 0.045333 0.055333
0 0.520333 0.635333 0.075333 0.061333
0 0.158333 0.585000 0.047333 0.064667
0 0.357333 0.558667 0.054667 0.052000
0 0.735667 0.473000 0.059333 0.059333
0 0.067000 0.214333 0.080667 0.062000
0 0.157000 0.280667 0.075333 0.061333
0 0.092000 0.111667 0.050667 0.050000
0 0.724000 0.154000 0.029333 0.030667
3 0.902667 0.971333 0.057333 0.057333
3 0.636333 0.979000 0.044667 0.042000
2 0.478667 0.970333 0.061333 0.059333
2 0.329667 0.036667 0.086000 0.070667
2 0.521000 0.045000 0.120667 0.088667
