2 0.071333 0.095333 0.066667 0.062667
3 0.052000 0.162333 0.092000 0.074000
2 0.142667 0.124667 0.069333 0.085333
2 0.216000 0.133667 0.072000 0.075333
2 0.102333 0.258667 0.111333 0.097333
2 0.066667 0.344667 0.068000 0.064000
2 0.146667 0.348333 0.089333 0.107333
2 0.222333 0.328000 0.076667 0.074667
2 0.224333 0.234667 0.088667 0.101333
2 0.312000 0.264667 0.092000 0.101333
2 0.278667 0.159333 0.061333 0.070667
3 0.330000 0.189333 0.033333 0.036000
2 0.346000 0.137667 0.057333 0.055333
2 0.253667 0.052333 0.058000 0.056667
3 0.303667 0.074000 0.047333 0.058667
3 0.383333 0.063333 0.106667 0.104000
3 0.470667 0.079000 0.029333 0.026000
3 0.438333 0.174667 0.086000 0.085333
2 0.411667 0.245667 0.050000 0.040667
3 0.515333 0.176667 0.054667 0.056000
2 0.513000 0.227000 0.019333 0.022000
2 0.602000 0.170000 0.036000 0.038667
2 0.645333 0.017000 0.038667 0.024667
2 0.639667 0.048667 0.036667 0.033333
3 0.619667 0.095667 0.056667 0.040667
3 0.668000 0.200333 0.070667 0.083333
2 0.723667 0.061000 0.076667 0.082000
2 0.959000 0.071000 0.082000 0.082000
2 0.372333 0.328333 0.079333 0.080667
2 0.462667 0.335667 0.096000 0.118000
2 0.499333 0.255667 0.053333 0.050000
2 0.569667 0.259333 0.046000 0.042667
2 0.556333 0.338667 0.094000 0.129333
2 0.631333 0.357333 0.089333 0.116000
2 0.720333 0.343000 0.086000 0.087333
3 0.696333 0.420000 0.078000 0.074667
3 0.796667 0.402667 0.110667 0.096000
2 0.880667 0.389000 0.073333 0.083333
2 0.944000 0.382333 0.036000 0.044667
2 0.921000 0.460000 0.082000 0.061333
2 0.807000 0.475000 0.051333 0.048667
3 0.800667 0.312000 0.074667 0.070667
3 0.874000 0.324667 0.066667 0.057333
2 0.745333 0.263000 0.097333 0.086000
2 0.832000 0.222000 0.062667 0.073333
3 0.912000 0.240667 0.064000 0.069333
2 0.871667 0.144667 0.091333 0.074667
2 0.874333 0.070000 0.032667 0.033333
2 0.811000 0.090000 0.087333 0.078667
2 0.773000 0.173333 0.094000 0.073333
2 0.041000 0.419000 0.067333 0.056667
2 0.106333 0.482333 0.103333 0.091333
2 0.260333 0.394000 0.139333 0.101333
2 0.183333 0.453667 0.045333 0.046000
2 0.238333 0.479000 0.072667 0.076667
2 0.213667 0.551000 0.087333 0.079333
2 0.212000 0.610333 0.036000 0.044667
2 0.282000 0.636667 0.104000 0.092000
2 0.345667 0.696667 0.090000 0.104000
2 0.417333 0.764333 0.074667 0.080667
2 0.455000 0.862000 0.075333 0.093333
2 0.356000 0.929667 0.097333 0.127333
2 0.304333 0.860000 0.048667 0.056000
2 0.333333 0.789667 0.085333 0.084667
2 0.383333 0.835000 0.037333 0.039333
2 0.267667 0.736000 0.050000 0.073333
3 0.258333 0.810000 0.046000 0.044000
2 0.229667 0.862333 0.080667 0.076667
2 0.145000 0.866667 0.078000 0.068000
2 0.128333 0.931000 0.055333 0.058000
2 0.064667 0.822667 0.041333 0.044000
2 0.085333 0.743333 0.094667 0.094667
2 0.156333 0.790333 0.106000 0.083333
2 0.187667 0.710333 0.090000 0.078000
2 0.125000 0.654667 0.120667 0.092000
2 0.037333 0.639333 0.070667 0.097333
2 0.366667 0.422667 0.029333 0.036000
2 0.329000 0.487000 0.090000 0.087333
2 0.303667 0.565667 0.086000 0.070000
2 0.387000 0.542667 0.091333 0.096000
2 0.414667 0.455000 0.072000 0.082000
2 0.503667 0.448333 0.091333 0.098000
3 0.587000 0.439333 0.083333 0.066667
3 0.560333 0.511000 0.052667 0.054000
2 0.483000 0.534667 0.083333 0.068000
2 0.388333 0.617667 0.042000 0.051333
2 0.455667 0.607333 0.084667 0.080000
2 0.425333 0.679667 0.101333 0.094000
3 0.494000 0.772667 0.066667 0.069333
2 0.516667 0.690667 0.076000 0.108000
2 0.670333 0.488667 0.124667 0.065333
2 0.642667 0.560000 0.136000 0.092000
2 0.628000 0.637333 0.104000 0.093333
3 0.537667 0.604333 0.059333 0.055333
2 0.603333 0.720000 0.097333 0.105333
2 0.681333 0.704000 0.064000 0.073333
2 0.700000 0.629000 0.026667 0.026000
2 0.744000 0.562333 0.066667 0.084667
3 0.806333 0.556000 0.063333 0.072000
2 0.825333 0.510000 0.032000 0.036000
3 0.898000 0.543000 0.056000 0.051333
3 0.958333 0.529000 0.056667 0.056667
3 0.884333 0.614333 0.086000 0.075333
3 0.786000 0.635667 0.093333 0.084667
3 0.928667 0.688667 0.030667 0.032000
3 0.861667 0.685667 0.052667 0.059333
2 0.828000 0.720333 0.026667 0.023333
2 0.759000 0.722000 0.094000 0.098667
2 0.906333 0.758000 0.114000 0.093333
2 0.895333 0.830000 0.105333 0.096000
2 0.882667 0.935000 0.141333 0.124667
2 0.586667 0.794000 0.061333 0.065333
2 0.547667 0.864667 0.080667 0.101333
2 0.527000 0.944000 0.055333 0.070667
2 0.637000 0.933667 0.086000 0.096667
2 0.652667 0.871333 0.060000 0.056000
2 0.661000 0.784667 0.054000 0.062667
2 0.749333 0.842667 0.141333 0.124000
2 0.734000 0.921333 0.080000 0.077333
0 0.065000 0.879000 0.067333 0.067333
0 0.063333 0.560000 0.061333 0.046667
0 0.125667 0.409000 0.095333 0.055333
0 0.657667 0.274333 0.067333 0.046000
0 0.697667 0.126333 0.048667 0.044667
0 0.591333 0.041000 0.046667 0.047333
2 0.764667 0.974667 0.102667 0.050667
2 0.213000 0.954667 0.102000 0.090667
2 0.034333 0.927667 0.064667 0.118000
2 0.024333 0.231333 0.047333 0.073333
2 0.967667 0.266000 0.064667 0.082667
2 0.963667 0.600667 0.072667 0.100000
