2 0.074000 0.056000 0.081333 0.070667
2 0.045667 0.117000 0.047333 0.040667
2 0.029667 0.205000 0.040667 0.043333
2 0.185000 0.149667 0.154000 0.120667
2 0.311333 0.060333 0.038667 0.042000
2 0.472000 0.031000 0.078667 0.060667
2 0.413000 0.108333 0.119333 0.090000
2 0.322000 0.173000 0.072000 0.084667
2 0.410333 0.204667 0.112667 0.122667
1 0.316000 0.243333 0.046667 0.056000
2 0.242667 0.229000 0.077333 0.062000
2 0.157333 0.257667 0.041333 0.056667
2 0.067667 0.292000 0.114000 0.084000
2 0.040333 0.357667 0.038000 0.028667
2 0.020333 0.447667 0.039333 0.054000
2 0.091333 0.394667 0.140000 0.116000
1 0.148333 0.334333 0.052667 0.050000
1 0.225333 0.313000 0.040000 0.040667
2 0.543000 0.066667 0.055333 0.100000
2 0.618667 0.076667 0.097333 0.088000
2 0.691667 0.104333 0.040667 0.043333
2 0.773333 0.040333 0.089333 0.076667
2 0.752000 0.205667 0.058667 0.059333
2 0.656667 0.190333 0.109333 0.114000
2 0.508333 0.176667 0.028667 0.028000
2 0.474333 0.279667 0.034000 0.035333
2 0.564667 0.304333 0.117333 0.114000
2 0.382667 0.323000 0.034667 0.042000
2 0.345333 0.362667 0.109333 0.102667
2 0.451667 0.351667 0.120667 0.094000
2 0.616000 0.386333 0.096000 0.104667
1 0.584333 0.463667 0.024667 0.034000
1 0.693667 0.370333 0.022000 0.019333
2 0.522000 0.417000 0.085333 0.096667
2 0.421667 0.454667 0.104667 0.101333
2 0.647000 0.505000 0.070000 0.068667
2 0.262000 0.405667 0.064000 0.056667
2 0.232333 0.498000 0.036667 0.044000
2 0.303333 0.455000 0.124000 0.111333
2 0.311000 0.521000 0.046000 0.035333
2 0.074667 0.492000 0.110667 0.076000
2 0.078333 0.551667 0.071333 0.044667
2 0.049000 0.618000 0.078000 0.085333
2 0.236333 0.545000 0.094000 0.052667
2 0.207000 0.583000 0.071333 0.059333
2 0.158000 0.556000 0.046667 0.053333
2 0.140333 0.624333 0.123333 0.107333
2 0.198333 0.652333 0.050000 0.050000
2 0.121333 0.717667 0.158667 0.123333
2 0.153333 0.778000 0.045333 0.042667
2 0.494667 0.511667 0.098667 0.092667
2 0.481667 0.591333 0.084667 0.080000
2 0.354000 0.610000 0.136000 0.122667
2 0.452000 0.687000 0.052000 0.055333
2 0.513667 0.676667 0.071333 0.084000
1 0.562333 0.708667 0.035333 0.038667
2 0.598667 0.693333 0.044000 0.052000
1 0.621000 0.594000 0.042000 0.040000
2 0.256000 0.667667 0.061333 0.070000
2 0.337333 0.702333 0.112000 0.080667
2 0.257000 0.729667 0.050000 0.052667
2 0.422000 0.747667 0.068000 0.074000
2 0.484000 0.753000 0.058667 0.054000
1 0.538000 0.783000 0.041333 0.036667
2 0.142000 0.848667 0.102667 0.101333
2 0.051000 0.888000 0.068667 0.056000
2 0.052333 0.942000 0.058000 0.052000
2 0.113333 0.930333 0.042667 0.051333
2 0.217667 0.902667 0.090000 0.105333
3 0.280667 0.858667 0.078667 0.082667
3 0.323667 0.843333 0.038000 0.040000
2 0.315667 0.781333 0.134000 0.082667
2 0.398000 0.833333 0.120000 0.105333
2 0.425333 0.918000 0.070667 0.064000
0 0.678333 0.880667 0.211333 0.218667
0 0.850667 0.841333 0.158667 0.152000
0 0.953000 0.899000 0.094000 0.111333
0 0.908000 0.743667 0.184000 0.200667
0 0.727333 0.660667 0.193333 0.197333
0 0.773333 0.542000 0.180000 0.158667
0 0.951333 0.500667 0.097333 0.141333
0 0.880667 0.354667 0.161333 0.161333
0 0.206000 0.728000 0.052000 0.042667
0 0.399000 0.522000 0.047333 0.040000
0 0.127667 0.507667 0.071333 0.060667
0 0.253000 0.271000 0.052667 0.052667
0 0.180333 0.203000 0.058000 0.054000
0 0.372333 0.081333 0.038000 0.050667
0 0.070000 0.145333 0.038667 0.050667
