3 0.019333 0.048667 0.029333 0.026667
2 0.125333 0.064333 0.042667 0.050000
3 0.242667 0.096667 0.133333 0.129333
3 0.334667 0.118000 0.046667 0.046667
3 0.319333 0.185667 0.136000 0.090000
3 0.065333 0.202333 0.122667 0.102000
3 0.114667 0.289000 0.088000 0.082000
3 0.209000 0.260000 0.094000 0.098667
3 0.302667 0.267333 0.090667 0.084000
3 0.394000 0.217667 0.045333 0.032667
3 0.390667 0.253000 0.056000 0.044667
3 0.090000 0.401000 0.086667 0.106000
3 0.181000 0.340333 0.074000 0.055333
3 0.176333 0.388667 0.070000 0.048000
3 0.166333 0.452667 0.079333 0.078667
3 0.261667 0.391333 0.070000 0.064000
3 0.262667 0.444333 0.053333 0.044667
3 0.282000 0.337000 0.040000 0.035333
3 0.365000 0.324000 0.048667 0.030667
3 0.357667 0.414000 0.038000 0.028000
3 0.417000 0.367667 0.060667 0.051333
3 0.370667 0.027000 0.048000 0.050000
3 0.560333 0.029000 0.079333 0.056667
2 0.502000 0.064667 0.024000 0.025333
3 0.424000 0.133667 0.052000 0.047333
3 0.463000 0.187333 0.028667 0.041333
3 0.461667 0.259000 0.052667 0.052667
3 0.542333 0.253000 0.051333 0.056667
3 0.532667 0.198333 0.113333 0.111333
3 0.579000 0.148667 0.026000 0.024000
2 0.599333 0.076333 0.029333 0.043333
2 0.658667 0.143000 0.034667 0.042000
2 0.710000 0.174667 0.032000 0.033333
2 0.679333 0.058667 0.041333 0.026667
3 0.741333 0.072000 0.073333 0.077333
2 0.664000 0.224000 0.050667 0.038667
3 0.610000 0.249667 0.030667 0.034000
2 0.529000 0.329333 0.052667 0.041333
3 0.542333 0.388667 0.110000 0.078667
2 0.521000 0.444667 0.039333 0.053333
3 0.446333 0.432333 0.103333 0.090000
2 0.590333 0.457667 0.040667 0.043333
2 0.617000 0.387667 0.052667 0.055333
2 0.635000 0.337333 0.067333 0.054667
2 0.678667 0.456667 0.057333 0.062667
2 0.768000 0.323667 0.028000 0.035333
3 0.737667 0.528667 0.064667 0.048000
2 0.656000 0.551667 0.017333 0.020667
2 0.680667 0.587000 0.016000 0.022000
2 0.717333 0.605333 0.041333 0.038667
2 0.632000 0.633667 0.041333 0.047333
2 0.572333 0.572000 0.060667 0.056000
2 0.506667 0.511667 0.045333 0.044667
2 0.500000 0.583333 0.030667 0.030667
3 0.560333 0.651667 0.063333 0.063333
2 0.476000 0.628667 0.054667 0.058667
2 0.462667 0.680000 0.041333 0.042667
3 0.337667 0.506000 0.055333 0.042667
3 0.086000 0.496333 0.093333 0.071333
3 0.143000 0.562667 0.108667 0.090667
3 0.238000 0.541333 0.034667 0.041333
3 0.124333 0.640000 0.055333 0.054667
3 0.054667 0.613667 0.094667 0.112667
3 0.118000 0.704333 0.053333 0.040667
3 0.046000 0.732000 0.089333 0.120000
3 0.100333 0.782333 0.050000 0.043333
3 0.055000 0.820333 0.034000 0.027333
3 0.092667 0.838000 0.044000 0.042667
3 0.265667 0.741000 0.060667 0.051333
3 0.248000 0.798667 0.077333 0.062667
3 0.239667 0.843000 0.044667 0.042000
3 0.117000 0.913333 0.090000 0.120000
3 0.207333 0.923667 0.089333 0.116667
3 0.294000 0.926000 0.057333 0.064000
3 0.161667 0.841333 0.031333 0.026667
3 0.312333 0.836667 0.054000 0.052000
3 0.352333 0.751000 0.039333 0.042000
3 0.356000 0.804333 0.048000 0.054000
3 0.410667 0.793667 0.069333 0.082000
3 0.394667 0.874000 0.066667 0.076000
3 0.485667 0.935000 0.139333 0.130000
3 0.488000 0.830000 0.088000 0.073333
3 0.565000 0.838667 0.039333 0.038667
3 0.590667 0.799667 0.058667 0.048667
2 0.601000 0.761667 0.043333 0.028667
3 0.604667 0.708333 0.069333 0.064667
3 0.520333 0.757333 0.095333 0.089333
3 0.631667 0.880333 0.032667 0.031333
2 0.601333 0.940667 0.032000 0.033333
3 0.703333 0.918333 0.073333 0.079333
3 0.713000 0.843333 0.068667 0.058667
3 0.743000 0.766667 0.134000 0.125333
2 0.770333 0.680333 0.044667 0.040667
2 0.785667 0.637333 0.044667 0.038667
3 0.782333 0.846000 0.034000 0.029333
3 0.831000 0.958000 0.044667 0.040000
3 0.942333 0.880333 0.042000 0.038000
2 0.930000 0.921000 0.042667 0.043333
2 0.871000 0.809333 0.016667 0.021333
2 0.850333 0.878000 0.026000 0.026667
3 0.754667 0.453667 0.070667 0.068667
3 0.825333 0.525333 0.077333 0.078667
3 0.881000 0.492667 0.039333 0.033333
3 0.837667 0.414667 0.067333 0.053333
2 0.916667 0.447333 0.045333 0.038667
3 0.955333 0.324333 0.048000 0.042000
3 0.953333 0.261333 0.088000 0.088000
2 0.871333 0.251667 0.066667 0.072667
2 0.823333 0.300333 0.041333 0.064667
2 0.884667 0.332667 0.077333 0.065333
3 0.808000 0.205000 0.070667 0.080667
3 0.908000 0.163667 0.120000 0.119333
3 0.840000 0.060667 0.034667 0.037333
3 0.937333 0.050333 0.125333 0.099333
3 0.983333 0.138333 0.033333 0.040667
2 0.677000 0.085667 0.038000 0.026000
0 0.280667 0.682667 0.057333 0.061333
0 0.161667 0.812333 0.036667 0.046000
0 0.017333 0.880667 0.033333 0.049333
0 0.087000 0.872000 0.042000 0.036000
0 0.340000 0.543000 0.050667 0.030000
0 0.322333 0.585000 0.036667 0.039333
0 0.346667 0.610333 0.048000 0.039333
0 0.606333 0.521667 0.098000 0.091333
0 0.831333 0.461333 0.069333 0.057333
0 0.711667 0.338000 0.062000 0.045333
0 0.354000 0.357667 0.038667 0.038000
0 0.232333 0.325333 0.043333 0.045333
0 0.642333 0.290000 0.038000 0.040000
0 0.666667 0.260333 0.048000 0.044667
0 0.791000 0.139333 0.090000 0.074667
0 0.431333 0.280000 0.048000 0.048000
0 0.123000 0.198667 0.048667 0.048000
0 0.103333 0.098333 0.049333 0.046000
0 0.148000 0.100333 0.040000 0.048667
0 0.173000 0.147000 0.039333 0.044667
0 0.231000 0.200667 0.048667 0.052000
0 0.405333 0.185333 0.040000 0.038667
0 0.521000 0.116000 0.064667 0.058667
3 0.920000 0.968333 0.089333 0.063333
2 0.671000 0.981667 0.056667 0.035333
2 0.360667 0.943000 0.096000 0.114000
3 0.031667 0.282667 0.062000 0.086667
