2 0.423333 0.056000 0.153333 0.110667
2 0.523667 0.085667 0.084667 0.087333
2 0.648000 0.091667 0.097333 0.087333
2 0.792000 0.060667 0.122667 0.120000
1 0.878333 0.074667 0.067333 0.096000
2 0.601333 0.179333 0.132000 0.133333
2 0.712667 0.198333 0.090667 0.110000
1 0.800000 0.174667 0.101333 0.106667
2 0.870333 0.157333 0.042000 0.069333
2 0.938000 0.159333 0.102667 0.096000
1 0.920667 0.251000 0.129333 0.118000
2 0.791000 0.259667 0.100667 0.079333
2 0.696667 0.287333 0.074667 0.065333
2 0.589000 0.322000 0.138000 0.126667
2 0.523000 0.427333 0.047333 0.057333
2 0.590333 0.432333 0.098000 0.096667
2 0.678667 0.407333 0.094667 0.120000
2 0.798000 0.343333 0.158667 0.110667
2 0.936333 0.369333 0.123333 0.140000
2 0.832000 0.425333 0.057333 0.066667
2 0.759667 0.438333 0.118000 0.120667
1 0.921000 0.488000 0.140667 0.100000
1 0.877667 0.560333 0.146000 0.123333
2 0.745000 0.519000 0.119333 0.082000
2 0.582667 0.500333 0.049333 0.052667
2 0.626333 0.523333 0.051333 0.060000
2 0.666000 0.490667 0.056000 0.058667
1 0.716000 0.597667 0.172000 0.111333
2 0.524333 0.519667 0.103333 0.086000
2 0.573667 0.594333 0.104667 0.118000
2 0.471333 0.645333 0.130667 0.104000
1 0.554000 0.726000 0.137333 0.109333
1 0.590333 0.800333 0.184667 0.114000
1 0.650000 0.881000 0.173333 0.094000
1 0.707000 0.704333 0.171333 0.114000
1 0.868667 0.662000 0.164000 0.104000
1 0.864000 0.745667 0.096000 0.090000
1 0.944667 0.802333 0.110667 0.100667
1 0.724333 0.795333 0.116667 0.093333
1 0.803333 0.763667 0.058667 0.074000
1 0.851000 0.838667 0.083333 0.096000
1 0.781333 0.863000 0.086667 0.091333
1 0.922333 0.902000 0.112667 0.105333
1 0.839667 0.942000 0.080667 0.094667
1 0.797000 0.665667 0.063333 0.082000
1 0.821000 0.585000 0.054000 0.074000
0 0.262333 0.365667 0.523333 0.594000
1 0.964000 0.708333 0.072000 0.095333
1 0.972667 0.593333 0.054667 0.073333
1 0.712333 0.028000 0.128667 0.052000
1 0.051667 0.038667 0.102000 0.074667
