3 0.491667 0.866333 0.038000 0.040667
3 0.609333 0.767000 0.036000 0.050000
3 0.852667 0.759333 0.065333 0.068000
3 0.823000 0.819333 0.060667 0.065333
3 0.522333 0.920667 0.062000 0.060000
3 0.581333 0.942333 0.046667 0.050000
2 0.619000 0.875333 0.047333 0.044000
2 0.639000 0.821000 0.056667 0.044667
2 0.801000 0.891667 0.080667 0.084667
3 0.882333 0.895667 0.074000 0.076667
2 0.771000 0.962333 0.043333 0.043333
3 0.079333 0.090000 0.042667 0.045333
3 0.150000 0.113000 0.057333 0.042000
3 0.229333 0.102667 0.068000 0.062667
3 0.311667 0.070333 0.078000 0.084667
3 0.215333 0.176667 0.073333 0.069333
2 0.098667 0.169667 0.132000 0.114000
2 0.159333 0.258667 0.102667 0.094667
3 0.084000 0.267333 0.064000 0.066667
2 0.067000 0.341667 0.051333 0.051333
3 0.147333 0.359333 0.104000 0.096000
2 0.116000 0.428333 0.064000 0.047333
2 0.073667 0.520667 0.090000 0.098667
2 0.176333 0.487000 0.128667 0.151333
2 0.045333 0.596333 0.061333 0.047333
2 0.123000 0.635000 0.127333 0.114000
2 0.061667 0.737667 0.083333 0.083333
2 0.023000 0.889333 0.044667 0.069333
2 0.062667 0.907333 0.076000 0.072000
2 0.110000 0.968000 0.065333 0.057333
2 0.067333 0.837667 0.061333 0.052667
2 0.101000 0.803000 0.052667 0.044667
2 0.178000 0.825333 0.096000 0.092000
3 0.145333 0.744667 0.064000 0.069333
2 0.194333 0.698333 0.043333 0.046000
2 0.243333 0.676667 0.065333 0.064000
2 0.261333 0.769667 0.093333 0.116667
2 0.334667 0.820667 0.126667 0.132000
2 0.432000 0.810667 0.060000 0.070667
3 0.464667 0.741333 0.069333 0.070667
2 0.541000 0.726000 0.066000 0.070667
2 0.339000 0.707333 0.090000 0.084000
2 0.308333 0.619333 0.104667 0.093333
2 0.368000 0.553333 0.042667 0.041333
3 0.440333 0.552000 0.054000 0.064000
2 0.465333 0.465000 0.090667 0.095333
2 0.291667 0.524667 0.087333 0.073333
3 0.239000 0.560333 0.043333 0.050000
2 0.325000 0.465000 0.090000 0.079333
3 0.291000 0.385667 0.091333 0.079333
2 0.401333 0.365667 0.068000 0.066000
2 0.371667 0.312000 0.122000 0.093333
2 0.390333 0.239333 0.082000 0.072000
2 0.484000 0.234333 0.110667 0.154000
2 0.412333 0.162333 0.087333 0.079333
2 0.453000 0.104000 0.143333 0.104000
2 0.502000 0.041333 0.102667 0.081333
3 0.636000 0.040667 0.029333 0.046667
3 0.609333 0.067667 0.030667 0.046000
3 0.593667 0.120333 0.050000 0.046000
3 0.573000 0.164333 0.047333 0.044667
3 0.623667 0.345333 0.031333 0.029333
3 0.646667 0.269000 0.064000 0.056667
3 0.672000 0.181667 0.068000 0.071333
2 0.704667 0.105333 0.072000 0.076000
2 0.807667 0.052000 0.099333 0.102667
2 0.925000 0.051000 0.071333 0.079333
2 0.767000 0.156667 0.082000 0.093333
2 0.879000 0.148000 0.110000 0.098667
2 0.963667 0.131000 0.072667 0.080667
2 0.934000 0.217333 0.113333 0.097333
2 0.821333 0.256000 0.094667 0.102667
3 0.739333 0.238333 0.069333 0.079333
2 0.722000 0.315000 0.062667 0.056667
3 0.864667 0.345667 0.056000 0.059333
2 0.895333 0.294667 0.064000 0.066667
2 0.957000 0.326333 0.046000 0.046000
2 0.910667 0.411000 0.136000 0.110000
2 0.836333 0.456000 0.076667 0.064000
2 0.742667 0.460000 0.033333 0.030667
2 0.891667 0.533000 0.059333 0.071333
2 0.933333 0.635333 0.101333 0.105333
2 0.963667 0.537667 0.072667 0.088667
2 0.968667 0.710667 0.025333 0.034667
2 0.818000 0.524667 0.090667 0.104000
2 0.734000 0.530333 0.113333 0.104667
2 0.650000 0.488667 0.090667 0.096000
2 0.557667 0.491333 0.096667 0.098667
2 0.533333 0.574667 0.096000 0.085333
2 0.615000 0.579667 0.082000 0.091333
2 0.697000 0.616333 0.079333 0.084667
2 0.793667 0.629000 0.114000 0.110000
3 0.721333 0.685667 0.066667 0.048667
3 0.602333 0.667667 0.055333 0.071333
2 0.496667 0.656000 0.128000 0.094667
3 0.384000 0.615667 0.045333 0.042000
0 0.962333 0.879333 0.075333 0.080000
0 0.365000 0.891000 0.051333 0.058000
0 0.320667 0.912333 0.052000 0.056667
0 0.252667 0.927333 0.081333 0.076000
0 0.269667 0.870333 0.039333 0.043333
0 0.941333 0.793000 0.062667 0.068667
0 0.925667 0.729333 0.070000 0.086667
0 0.853333 0.693667 0.077333 0.068667
0 0.697000 0.803667 0.068667 0.051333
0 0.371000 0.766667 0.047333 0.048000
0 0.749000 0.398333 0.139333 0.110000
0 0.542667 0.329000 0.052000 0.043333
0 0.220667 0.400333 0.050667 0.048667
0 0.218333 0.328000 0.044667 0.048000
0 0.300333 0.272000 0.048667 0.042667
0 0.309667 0.237333 0.043333 0.046667
0 0.279667 0.153000 0.048667 0.036667
0 0.306000 0.133667 0.040000 0.034000
0 0.364667 0.087667 0.033333 0.034000
0 0.160667 0.059667 0.060000 0.066000
0 0.232333 0.046667 0.075333 0.061333
3 0.963333 0.962667 0.073333 0.074667
3 0.852667 0.969000 0.077333 0.062000
3 0.654333 0.974000 0.059333 0.052000
2 0.032667 0.667333 0.064000 0.093333
2 0.046000 0.472000 0.090667 0.122667
