2 0.052667 0.078333 0.037333 0.042000
2 0.129000 0.052667 0.112667 0.096000
2 0.494333 0.074000 0.087333 0.084000
2 0.478000 0.154000 0.065333 0.062667
3 0.431333 0.037667 0.057333 0.074000
3 0.393000 0.055667 0.051333 0.047333
2 0.317000 0.047667 0.115333 0.094000
2 0.220333 0.055333 0.075333 0.076000
2 0.314333 0.126000 0.147333 0.096000
2 0.197333 0.122667 0.093333 0.080000
2 0.100000 0.128333 0.114667 0.078000
2 0.178667 0.197667 0.066667 0.063333
2 0.079333 0.205333 0.101333 0.078667
2 0.066667 0.282333 0.090667 0.094000
2 0.162333 0.276000 0.120667 0.134667
2 0.267667 0.282333 0.083333 0.086000
2 0.295667 0.207333 0.123333 0.110667
2 0.395333 0.171000 0.072000 0.083333
2 0.595333 0.070667 0.094667 0.076000
2 0.577667 0.159333 0.112667 0.126667
2 0.575000 0.245000 0.051333 0.047333
2 0.471333 0.222667 0.130667 0.094667
2 0.420333 0.299000 0.124667 0.124667
2 0.699333 0.083000 0.044000 0.043333
2 0.686667 0.157333 0.105333 0.130667
2 0.779333 0.115000 0.098667 0.135333
2 0.869000 0.071667 0.080667 0.120667
2 0.946667 0.094667 0.074667 0.136000
3 0.903000 0.173333 0.043333 0.048000
2 0.842333 0.165000 0.070000 0.084667
2 0.874333 0.252333 0.114000 0.118000
2 0.964667 0.237000 0.066667 0.076667
2 0.759333 0.209333 0.102667 0.096000
2 0.643000 0.249000 0.084667 0.067333
2 0.720667 0.280333 0.093333 0.087333
2 0.614333 0.333000 0.080667 0.120667
2 0.523333 0.310000 0.098667 0.105333
2 0.233000 0.363333 0.083333 0.070667
2 0.319667 0.321667 0.079333 0.082000
2 0.099333 0.383667 0.130667 0.103333
2 0.082000 0.490667 0.140000 0.133333
1 0.231333 0.427000 0.174667 0.122000
2 0.377333 0.459333 0.072000 0.073333
2 0.413667 0.400333 0.112667 0.106000
2 0.471667 0.470333 0.078000 0.082000
2 0.439333 0.542000 0.069333 0.064000
2 0.368000 0.520667 0.070667 0.068000
2 0.286333 0.522333 0.090000 0.150000
3 0.338333 0.588000 0.060667 0.064000
2 0.417333 0.636667 0.102667 0.125333
2 0.395333 0.721333 0.102667 0.100000
2 0.310333 0.668000 0.091333 0.134667
2 0.231000 0.640000 0.083333 0.085333
3 0.067333 0.595667 0.069333 0.074000
2 0.144333 0.611667 0.110000 0.116667
2 0.212667 0.694000 0.076000 0.057333
2 0.129333 0.683667 0.076000 0.063333
2 0.089000 0.770000 0.084667 0.094667
2 0.186333 0.785000 0.112667 0.147333
2 0.279333 0.752333 0.068000 0.076667
2 0.068000 0.863000 0.132000 0.147333
2 0.244333 0.855333 0.146000 0.126667
2 0.145667 0.958667 0.051333 0.082667
2 0.221000 0.949333 0.087333 0.066667
2 0.332667 0.918000 0.116000 0.096000
2 0.377667 0.834667 0.120667 0.165333
2 0.501333 0.798333 0.096000 0.082000
2 0.464000 0.881667 0.106667 0.104667
2 0.552667 0.850333 0.062667 0.060667
2 0.547333 0.921000 0.078667 0.083333
3 0.620000 0.930000 0.028000 0.029333
2 0.640333 0.857333 0.087333 0.116000
2 0.707667 0.912667 0.060667 0.069333
1 0.797000 0.919000 0.135333 0.151333
2 0.676667 0.790667 0.062667 0.066667
2 0.716667 0.832333 0.048000 0.050000
2 0.764000 0.785000 0.093333 0.083333
2 0.829000 0.843667 0.084667 0.083333
2 0.895333 0.927333 0.074667 0.101333
2 0.963333 0.932333 0.066667 0.099333
2 0.914667 0.834667 0.089333 0.098667
2 0.973000 0.807333 0.052667 0.069333
2 0.863333 0.751000 0.105333 0.095333
2 0.802667 0.704000 0.090667 0.093333
2 0.712333 0.700667 0.120667 0.102667
2 0.858667 0.656000 0.098667 0.100000
2 0.963000 0.679000 0.074000 0.087333
2 0.956000 0.587667 0.088000 0.094000
2 0.876333 0.569000 0.048667 0.054000
2 0.820667 0.556333 0.068000 0.084667
2 0.741667 0.597000 0.102000 0.104667
2 0.528333 0.723333 0.155333 0.137333
2 0.615333 0.699000 0.070667 0.067333
1 0.627000 0.624000 0.122000 0.092000
2 0.650000 0.539667 0.096000 0.115333
2 0.545000 0.553333 0.119333 0.105333
2 0.498000 0.617667 0.072000 0.095333
2 0.569667 0.473333 0.076667 0.052000
2 0.587333 0.424000 0.065333 0.058667
2 0.519333 0.395000 0.098667 0.086000
1 0.753333 0.497333 0.097333 0.097333
2 0.668000 0.431667 0.090667 0.082000
3 0.869000 0.325333 0.047333 0.064000
2 0.798667 0.331000 0.098667 0.119333
1 0.697333 0.349000 0.106667 0.083333
2 0.760333 0.416333 0.106000 0.090000
2 0.880000 0.392667 0.133333 0.088000
2 0.834667 0.481000 0.096000 0.108667
2 0.923000 0.461333 0.111333 0.130667
0 0.616667 0.755667 0.029333 0.035333
2 0.675667 0.964667 0.132667 0.070667
3 0.971667 0.747000 0.056667 0.059333
