3 0.968333 0.795667 0.063333 0.063333
2 0.897667 0.801000 0.080667 0.087333
2 0.804667 0.783667 0.100000 0.096667
2 0.822333 0.694667 0.104667 0.092000
3 0.920333 0.666667 0.075333 0.065333
3 0.872333 0.619333 0.071333 0.060000
3 0.886667 0.549667 0.061333 0.059333
2 0.691667 0.561667 0.043333 0.044667
3 0.762000 0.587333 0.138667 0.124000
2 0.653333 0.526000 0.036000 0.037333
2 0.053000 0.958333 0.048667 0.048667
2 0.059000 0.890667 0.080667 0.074667
2 0.120000 0.910667 0.028000 0.024000
2 0.176333 0.959333 0.074000 0.076000
2 0.209333 0.897667 0.033333 0.039333
2 0.077333 0.822667 0.072000 0.110667
2 0.115333 0.767333 0.037333 0.033333
2 0.044000 0.683000 0.064000 0.054000
2 0.155667 0.825667 0.087333 0.086000
2 0.259000 0.799000 0.058000 0.055333
3 0.242667 0.831000 0.064000 0.055333
2 0.321000 0.790667 0.046000 0.050667
2 0.413333 0.852667 0.074667 0.062667
2 0.429333 0.795333 0.032000 0.029333
3 0.588000 0.551000 0.030667 0.028667
2 0.564000 0.584000 0.032000 0.036000
2 0.621667 0.621667 0.075333 0.079333
2 0.679667 0.748333 0.047333 0.056667
2 0.585000 0.719667 0.051333 0.052667
2 0.569333 0.763333 0.024000 0.034667
1 0.508667 0.764000 0.032000 0.036000
2 0.528667 0.704000 0.064000 0.065333
2 0.537667 0.655333 0.043333 0.040000
2 0.498000 0.600333 0.077333 0.075333
3 0.465000 0.673333 0.082000 0.085333
2 0.441667 0.745000 0.064667 0.047333
2 0.355000 0.703000 0.060667 0.052667
3 0.403000 0.572667 0.087333 0.074667
2 0.373667 0.641333 0.046000 0.037333
2 0.299333 0.650333 0.056000 0.042000
2 0.291667 0.695333 0.054000 0.040000
2 0.271667 0.738667 0.055333 0.054667
2 0.194667 0.748333 0.073333 0.054000
2 0.071000 0.627000 0.076667 0.083333
2 0.159667 0.623333 0.092667 0.104000
2 0.233333 0.626000 0.052000 0.065333
2 0.066000 0.549000 0.058667 0.060667
2 0.173000 0.534333 0.091333 0.076667
2 0.257667 0.529000 0.070000 0.082000
2 0.324333 0.518000 0.067333 0.068000
2 0.279667 0.442000 0.044667 0.033333
2 0.273333 0.473333 0.034667 0.026667
3 0.343000 0.449000 0.062000 0.070000
3 0.419000 0.484333 0.088667 0.087333
3 0.451667 0.418667 0.082000 0.066667
3 0.539333 0.452667 0.036000 0.034667
2 0.531333 0.487333 0.030667 0.029333
2 0.547000 0.394667 0.054000 0.038667
2 0.466000 0.358667 0.072000 0.058667
2 0.634667 0.408000 0.073333 0.076000
3 0.609667 0.478667 0.090000 0.073333
3 0.708333 0.410000 0.076667 0.056000
3 0.701333 0.456667 0.037333 0.037333
2 0.941667 0.387333 0.079333 0.076000
3 0.955667 0.315000 0.071333 0.062000
2 0.851333 0.365000 0.121333 0.118000
2 0.827333 0.273333 0.097333 0.096000
2 0.750667 0.236333 0.102667 0.086000
2 0.834000 0.188667 0.058667 0.060000
2 0.838333 0.127333 0.072667 0.057333
2 0.800000 0.087000 0.088000 0.079333
2 0.731333 0.082667 0.046667 0.033333
3 0.705667 0.149667 0.095333 0.092667
2 0.774333 0.163667 0.042000 0.048667
2 0.657333 0.256000 0.033333 0.044000
2 0.664000 0.333000 0.057333 0.051333
2 0.582000 0.316333 0.098667 0.071333
3 0.607667 0.250333 0.060667 0.058000
2 0.624333 0.201667 0.050000 0.047333
3 0.495000 0.279000 0.075333 0.076667
2 0.395000 0.306000 0.086000 0.092000
2 0.366000 0.383667 0.080000 0.070000
1 0.198667 0.431667 0.062667 0.046000
1 0.237000 0.389000 0.050000 0.047333
2 0.316000 0.315000 0.061333 0.056667
2 0.224333 0.681667 0.030000 0.028667
2 0.607667 0.139667 0.050000 0.048667
2 0.634000 0.062667 0.061333 0.072000
2 0.574333 0.049333 0.063333 0.066667
3 0.545333 0.106667 0.058667 0.052000
2 0.533333 0.200333 0.096000 0.088667
3 0.419667 0.239667 0.051333 0.048667
2 0.441000 0.156667 0.088667 0.106667
2 0.473000 0.075667 0.072667 0.086000
2 0.380667 0.102667 0.078667 0.093333
3 0.366667 0.188000 0.068000 0.058667
3 0.345667 0.248333 0.051333 0.059333
2 0.238667 0.313667 0.065333 0.059333
2 0.159000 0.328667 0.103333 0.096000
3 0.058667 0.402667 0.098667 0.065333
2 0.084333 0.350333 0.050000 0.047333
2 0.043000 0.305667 0.082000 0.080667
2 0.057000 0.211333 0.110000 0.092000
2 0.134000 0.178333 0.064000 0.078000
3 0.182667 0.246333 0.066667 0.080667
2 0.209000 0.172000 0.078000 0.070667
2 0.242000 0.106667 0.101333 0.098667
1 0.323000 0.085667 0.052667 0.054000
2 0.110333 0.067000 0.080667 0.088667
2 0.075000 0.131000 0.102000 0.080667
2 0.032000 0.040000 0.060000 0.073333
2 0.300000 0.180333 0.052000 0.054000
2 0.268000 0.240667 0.106667 0.110667
0 0.419333 0.963000 0.048000 0.040667
0 0.566000 0.910667 0.038667 0.038667
0 0.698000 0.948667 0.058667 0.045333
0 0.734000 0.886667 0.060000 0.040000
0 0.681667 0.884667 0.067333 0.053333
0 0.585333 0.853667 0.064000 0.068667
0 0.494667 0.822333 0.081333 0.066000
0 0.382667 0.759000 0.060000 0.044667
0 0.091333 0.731000 0.056000 0.050000
0 0.667667 0.652333 0.060667 0.050000
0 0.284667 0.587000 0.053333 0.058000
0 0.543333 0.550333 0.045333 0.038000
0 0.714000 0.366333 0.045333 0.038000
2 0.018333 0.559333 0.035333 0.070667
2 0.262333 0.031667 0.088667 0.062000
2 0.419667 0.029333 0.083333 0.056000
3 0.821333 0.027333 0.065333 0.052000
3 0.969333 0.041667 0.061333 0.082000
3 0.946333 0.236000 0.095333 0.080000
3 0.973667 0.439333 0.052667 0.053333
3 0.970333 0.507667 0.055333 0.064667
2 0.958333 0.597000 0.083333 0.080667
