2 0.109333 0.103333 0.069333 0.074667
2 0.232000 0.087000 0.090667 0.084667
2 0.294667 0.045000 0.070667 0.075333
3 0.253000 0.151000 0.051333 0.046000
2 0.295333 0.100667 0.030667 0.036000
2 0.349000 0.072667 0.086000 0.086667
2 0.421000 0.075333 0.054000 0.058667
2 0.388333 0.036667 0.044667 0.033333
2 0.395667 0.151667 0.084667 0.106000
2 0.313333 0.163667 0.092000 0.107333
2 0.284000 0.240000 0.053333 0.057333
2 0.477667 0.079333 0.048667 0.061333
2 0.060667 0.314667 0.036000 0.032000
3 0.195000 0.225333 0.122000 0.094667
2 0.159667 0.304000 0.084667 0.068000
2 0.239667 0.309333 0.083333 0.078667
2 0.107000 0.321667 0.043333 0.048667
2 0.103667 0.383333 0.099333 0.082667
2 0.197333 0.408667 0.101333 0.125333
3 0.082000 0.452667 0.042667 0.034667
2 0.061667 0.519667 0.042000 0.044667
2 0.127333 0.716000 0.036000 0.033333
2 0.193667 0.533667 0.114000 0.124667
2 0.251333 0.472667 0.078667 0.061333
2 0.548000 0.056667 0.097333 0.090667
2 0.525667 0.144333 0.122000 0.090000
2 0.629333 0.063333 0.070667 0.098667
2 0.707000 0.065000 0.090000 0.084667
2 0.743000 0.021333 0.062000 0.038667
2 0.905000 0.034333 0.052667 0.056667
2 0.824333 0.073333 0.114000 0.081333
2 0.909000 0.143000 0.088667 0.118000
2 0.843333 0.174000 0.068000 0.110667
2 0.783000 0.144333 0.083333 0.112667
2 0.707000 0.146000 0.071333 0.102667
2 0.629667 0.149667 0.086000 0.087333
2 0.739333 0.240000 0.100000 0.090667
2 0.643000 0.266333 0.104667 0.154000
2 0.562333 0.234333 0.090000 0.110000
2 0.487333 0.237667 0.068000 0.086000
2 0.414667 0.247000 0.074667 0.084667
2 0.348667 0.311667 0.121333 0.083333
2 0.438333 0.322667 0.058000 0.074667
2 0.525667 0.333000 0.127333 0.110000
2 0.716667 0.317667 0.112000 0.076667
2 0.811667 0.322667 0.080667 0.092000
2 0.892333 0.335000 0.078000 0.111333
2 0.963000 0.338000 0.074000 0.089333
3 0.948667 0.411000 0.070667 0.048667
2 0.845000 0.488000 0.058000 0.044000
3 0.829333 0.413667 0.070667 0.079333
3 0.760667 0.409333 0.069333 0.088000
2 0.668000 0.404667 0.121333 0.089333
2 0.468333 0.390000 0.051333 0.052000
2 0.413000 0.420333 0.080667 0.110000
2 0.326667 0.465000 0.062667 0.056667
2 0.338333 0.393333 0.072667 0.092000
2 0.287000 0.397333 0.055333 0.064000
2 0.278667 0.547000 0.058667 0.062000
2 0.359000 0.551000 0.106000 0.115333
3 0.442333 0.557333 0.078000 0.086667
2 0.466000 0.476000 0.092000 0.101333
2 0.548667 0.470667 0.076000 0.124000
3 0.627667 0.481333 0.092667 0.098667
2 0.722000 0.492000 0.096000 0.094667
2 0.722333 0.579667 0.082000 0.091333
2 0.644333 0.571000 0.084667 0.088667
3 0.546667 0.568333 0.105333 0.086000
3 0.543000 0.638000 0.040667 0.041333
2 0.611000 0.636667 0.082000 0.064000
3 0.547000 0.698333 0.054000 0.046000
2 0.633333 0.700667 0.076000 0.069333
2 0.704333 0.703333 0.051333 0.061333
2 0.833333 0.627333 0.032000 0.029333
2 0.454667 0.674000 0.030667 0.033333
3 0.346000 0.629333 0.060000 0.064000
2 0.282000 0.627667 0.068000 0.084667
2 0.303333 0.689667 0.069333 0.048667
2 0.222667 0.615000 0.064000 0.068667
2 0.206333 0.678000 0.080667 0.058667
3 0.234667 0.738000 0.060000 0.058667
3 0.289000 0.738000 0.062000 0.058667
3 0.354667 0.738333 0.064000 0.079333
3 0.386333 0.681000 0.082000 0.072667
0 0.067667 0.912333 0.134000 0.146000
0 0.404333 0.831667 0.178000 0.166000
0 0.393000 0.951000 0.123333 0.098000
0 0.571000 0.802667 0.195333 0.200000
0 0.534667 0.946667 0.149333 0.106667
0 0.737667 0.897333 0.190000 0.205333
0 0.113333 0.582000 0.038667 0.029333
0 0.170000 0.077333 0.037333 0.046667
0 0.737000 0.726333 0.028667 0.039333
2 0.367000 0.020000 0.095333 0.038667
2 0.830333 0.019333 0.102000 0.037333
2 0.966333 0.082000 0.067333 0.140000
2 0.957333 0.237333 0.085333 0.100000
0 0.911000 0.587667 0.178000 0.307333
