2 0.045667 0.278000 0.084667 0.064000
3 0.032667 0.345333 0.041333 0.040000
2 0.082000 0.394000 0.068000 0.070667
2 0.023000 0.415000 0.036667 0.048667
2 0.083667 0.483000 0.148667 0.107333
2 0.038333 0.559667 0.058000 0.054000
2 0.120667 0.599667 0.126667 0.112667
1 0.121667 0.689333 0.075333 0.074667
2 0.188333 0.707333 0.072667 0.072000
2 0.036000 0.750333 0.068000 0.072667
2 0.089667 0.804000 0.114000 0.098667
2 0.073000 0.898333 0.108667 0.087333
2 0.157000 0.924667 0.035333 0.040000
3 0.261333 0.841333 0.060000 0.065333
3 0.231333 0.777667 0.053333 0.051333
2 0.207000 0.888667 0.035333 0.032000
2 0.177000 0.827667 0.086000 0.118000
3 0.157667 0.130333 0.022000 0.026000
3 0.222000 0.023333 0.032000 0.029333
3 0.347667 0.074667 0.050000 0.048000
2 0.237667 0.109333 0.076667 0.101333
2 0.336333 0.149667 0.120667 0.095333
3 0.388000 0.208667 0.030667 0.038667
3 0.307000 0.230333 0.064667 0.048667
3 0.290000 0.268667 0.034667 0.033333
2 0.311000 0.345667 0.112667 0.110000
2 0.414667 0.371333 0.102667 0.108000
2 0.287667 0.417000 0.084667 0.070000
2 0.311000 0.493000 0.092667 0.082000
2 0.376667 0.484000 0.065333 0.102667
2 0.437333 0.496000 0.062667 0.097333
3 0.330000 0.570000 0.064000 0.072000
3 0.404667 0.582333 0.033333 0.044667
2 0.373667 0.647000 0.084667 0.084667
3 0.395000 0.693333 0.022000 0.030667
3 0.439667 0.696000 0.030000 0.036000
2 0.462333 0.638000 0.076667 0.058667
2 0.487000 0.574667 0.083333 0.068000
2 0.569333 0.600333 0.068000 0.080667
2 0.534667 0.673333 0.078667 0.076000
3 0.425000 0.783000 0.112667 0.107333
2 0.544667 0.875333 0.070667 0.077333
3 0.438333 0.899667 0.019333 0.023333
2 0.569333 0.797000 0.070667 0.071333
3 0.592667 0.744000 0.030667 0.032000
3 0.533333 0.736000 0.029333 0.034667
2 0.397333 0.369333 0.060000 0.093333
3 0.424333 0.301667 0.044667 0.042000
3 0.506333 0.278333 0.022000 0.024667
3 0.484667 0.336000 0.024000 0.037333
3 0.467000 0.420333 0.051333 0.051333
2 0.526667 0.486333 0.104000 0.108667
3 0.600333 0.509000 0.048667 0.052667
2 0.632000 0.626667 0.062667 0.066667
1 0.613333 0.673333 0.044000 0.042667
1 0.687333 0.682667 0.026667 0.033333
3 0.708333 0.609333 0.048667 0.037333
2 0.668000 0.544000 0.088000 0.073333
2 0.723667 0.562667 0.031333 0.028000
2 0.511000 0.951000 0.040667 0.040667
1 0.261667 0.960667 0.058000 0.057333
3 0.784667 0.973000 0.054667 0.054000
2 0.868000 0.967333 0.032000 0.036000
2 0.823667 0.907667 0.087333 0.083333
2 0.720333 0.876667 0.122000 0.125333
2 0.748667 0.804000 0.112000 0.093333
2 0.910333 0.872000 0.119333 0.104000
2 0.855000 0.775333 0.114000 0.105333
3 0.790333 0.697667 0.154000 0.108667
3 0.787667 0.633667 0.056667 0.044667
2 0.806333 0.599667 0.047333 0.051333
2 0.888667 0.610667 0.098667 0.090667
3 0.949333 0.687333 0.038667 0.037333
2 0.930667 0.744667 0.029333 0.033333
3 0.943667 0.789667 0.047333 0.051333
3 0.902333 0.549667 0.052667 0.038000
3 0.911333 0.508667 0.070667 0.058667
3 0.802000 0.551667 0.089333 0.058000
3 0.666000 0.477333 0.074667 0.057333
3 0.761333 0.498000 0.065333 0.065333
3 0.861667 0.461333 0.080667 0.074667
3 0.940333 0.455667 0.048667 0.052667
3 0.887667 0.399000 0.084667 0.067333
2 0.916667 0.323333 0.101333 0.078667
3 0.968333 0.391667 0.063333 0.082000
2 0.937000 0.235667 0.119333 0.079333
3 0.830000 0.345333 0.069333 0.062667
3 0.799333 0.420667 0.050667 0.062667
2 0.705000 0.410333 0.111333 0.083333
3 0.614667 0.430333 0.072000 0.074000
2 0.571333 0.354667 0.097333 0.110667
3 0.628667 0.366333 0.025333 0.023333
3 0.595333 0.268333 0.100000 0.072667
3 0.525000 0.214667 0.038000 0.032000
2 0.448000 0.201000 0.077333 0.076667
3 0.474333 0.135333 0.055333 0.066667
3 0.561000 0.150333 0.115333 0.111333
3 0.581667 0.072333 0.051333 0.052667
3 0.618667 0.199667 0.061333 0.071333
3 0.664667 0.063000 0.044000 0.042000
3 0.728667 0.065667 0.061333 0.067333
2 0.721333 0.329667 0.069333 0.060667
3 0.781333 0.251000 0.064000 0.071333
2 0.678333 0.236333 0.050000 0.052667
3 0.694667 0.165667 0.073333 0.070000
2 0.833333 0.047000 0.093333 0.071333
3 0.888000 0.092667 0.028000 0.026667
3 0.913333 0.073333 0.028000 0.032000
2 0.791000 0.134333 0.116667 0.107333
3 0.882667 0.165000 0.049333 0.062000
0 0.643333 0.820667 0.068000 0.068000
0 0.360000 0.711000 0.064000 0.067333
0 0.675000 0.733333 0.084667 0.081333
0 0.967000 0.491000 0.042000 0.036667
0 0.199000 0.418333 0.043333 0.043333
0 0.219667 0.263333 0.068667 0.070667
0 0.259000 0.326667 0.079333 0.094667
0 0.841333 0.290333 0.036000 0.038000
0 0.430667 0.269000 0.046667 0.038000
0 0.463667 0.023667 0.063333 0.046000
2 0.930667 0.968000 0.077333 0.062667
2 0.600000 0.976333 0.054667 0.047333
2 0.025000 0.689667 0.047333 0.058000
2 0.956000 0.144333 0.088000 0.108667
