2 0.098333 0.039667 0.096667 0.072667
2 0.071333 0.126000 0.101333 0.108000
2 0.192667 0.048333 0.098667 0.091333
2 0.283000 0.041333 0.058000 0.054667
2 0.170000 0.150000 0.096000 0.098667
2 0.050333 0.218333 0.088667 0.104667
2 0.140333 0.245000 0.095333 0.118000
2 0.224000 0.240667 0.080000 0.084000
2 0.145333 0.329000 0.069333 0.044667
2 0.036333 0.430333 0.070000 0.060667
2 0.258667 0.109333 0.056000 0.053333
2 0.241667 0.168667 0.074000 0.066667
2 0.319333 0.189000 0.028000 0.038000
2 0.333667 0.111000 0.100667 0.110000
2 0.425667 0.120333 0.079333 0.095333
2 0.455333 0.041333 0.056000 0.072000
2 0.387333 0.210000 0.110667 0.101333
2 0.369333 0.280667 0.036000 0.033333
2 0.273667 0.311000 0.120667 0.092667
2 0.251333 0.384333 0.065333 0.056667
2 0.339000 0.413667 0.106000 0.120667
2 0.182667 0.429667 0.070667 0.078000
2 0.121667 0.480667 0.088667 0.094667
2 0.236333 0.460667 0.036667 0.037333
2 0.545000 0.044333 0.063333 0.070000
2 0.618000 0.073000 0.076000 0.076667
2 0.690667 0.031333 0.066667 0.053333
2 0.736667 0.072667 0.060000 0.069333
2 0.788000 0.148000 0.069333 0.086667
2 0.712667 0.157667 0.048000 0.048667
2 0.722667 0.131333 0.022667 0.020000
2 0.528333 0.140333 0.092667 0.079333
2 0.599000 0.148000 0.056667 0.076000
2 0.641333 0.190000 0.086667 0.093333
2 0.671000 0.245667 0.056667 0.048667
2 0.739667 0.240000 0.060667 0.052000
2 0.725000 0.301000 0.066000 0.075333
2 0.661667 0.314000 0.062000 0.068000
2 0.567333 0.231333 0.072000 0.080000
2 0.620667 0.269667 0.041333 0.047333
2 0.478667 0.254333 0.114667 0.106000
2 0.512667 0.210667 0.034667 0.033333
2 0.475667 0.326333 0.039333 0.036667
2 0.557333 0.310667 0.068000 0.065333
2 0.609333 0.329000 0.045333 0.070000
2 0.522667 0.383333 0.125333 0.114667
2 0.506000 0.435333 0.029333 0.028000
2 0.603333 0.422000 0.056000 0.097333
2 0.645000 0.417667 0.031333 0.040667
2 0.683333 0.383333 0.094667 0.085333
2 0.764333 0.414667 0.040667 0.045333
2 0.746667 0.468000 0.082667 0.080000
2 0.816000 0.453333 0.052000 0.049333
2 0.078000 0.548333 0.062667 0.066000
2 0.303000 0.508667 0.076667 0.070667
2 0.202333 0.548667 0.102000 0.098667
2 0.189667 0.625667 0.088667 0.071333
2 0.040000 0.634333 0.034667 0.027333
2 0.123000 0.618333 0.031333 0.028667
2 0.102000 0.678000 0.097333 0.062667
2 0.170000 0.698333 0.080000 0.074000
2 0.255000 0.662667 0.042000 0.045333
2 0.237333 0.731000 0.052000 0.048667
2 0.140667 0.768333 0.060000 0.062000
2 0.174667 0.799000 0.050667 0.058000
2 0.433000 0.446333 0.074000 0.070000
2 0.396000 0.534000 0.105333 0.101333
2 0.519333 0.464000 0.036000 0.036000
2 0.502667 0.493333 0.078667 0.062667
2 0.646000 0.547000 0.042667 0.048667
2 0.638667 0.579333 0.036000 0.026667
2 0.593000 0.538667 0.058000 0.060000
2 0.835667 0.507667 0.051333 0.055333
2 0.797000 0.544000 0.063333 0.053333
2 0.719667 0.548333 0.094000 0.074000
2 0.804000 0.588000 0.065333 0.042667
2 0.782000 0.640667 0.096000 0.092000
2 0.695333 0.626333 0.090667 0.082000
2 0.616333 0.658333 0.067333 0.067333
2 0.620667 0.608000 0.032000 0.032000
2 0.532333 0.570667 0.055333 0.062667
2 0.562333 0.604000 0.039333 0.029333
2 0.612000 0.709333 0.064000 0.049333
2 0.675667 0.744667 0.028667 0.024000
2 0.774000 0.722000 0.080000 0.072000
2 0.821333 0.746333 0.044000 0.052667
2 0.797667 0.826667 0.099333 0.097333
1 0.731000 0.825333 0.039333 0.046667
2 0.661333 0.811333 0.025333 0.022667
2 0.642333 0.840333 0.035333 0.035333
2 0.581333 0.859000 0.070667 0.070000
2 0.508667 0.891333 0.057333 0.052000
2 0.624667 0.935667 0.050667 0.060667
2 0.471667 0.555667 0.052667 0.059333
2 0.468000 0.618667 0.070667 0.068000
2 0.421000 0.663333 0.062000 0.061333
2 0.337000 0.623000 0.034000 0.032667
2 0.350000 0.680333 0.089333 0.068667
2 0.353000 0.732667 0.068667 0.053333
2 0.477333 0.757333 0.072000 0.073333
2 0.440000 0.863000 0.041333 0.043333
2 0.388333 0.809333 0.127333 0.113333
2 0.329333 0.879000 0.038667 0.038000
2 0.716000 0.903667 0.092000 0.099333
2 0.691667 0.947667 0.043333 0.050000
2 0.839667 0.946333 0.036667 0.039333
2 0.039667 0.844667 0.068667 0.072000
2 0.077667 0.875667 0.092667 0.111333
2 0.126333 0.890333 0.047333 0.072667
2 0.198333 0.869000 0.087333 0.083333
2 0.160000 0.920000 0.065333 0.052000
2 0.946000 0.933333 0.086667 0.062667
2 0.865667 0.872667 0.031333 0.041333
2 0.873667 0.822000 0.062000 0.050667
2 0.902000 0.803333 0.044000 0.041333
2 0.967333 0.839333 0.064000 0.073333
2 0.893333 0.731000 0.090667 0.058000
2 0.856000 0.646667 0.046667 0.049333
2 0.864000 0.601667 0.034667 0.030000
2 0.957000 0.577333 0.080667 0.077333
2 0.907333 0.498000 0.080000 0.100000
2 0.856333 0.419000 0.062000 0.059333
2 0.917333 0.422667 0.073333 0.082667
2 0.844000 0.355667 0.125333 0.091333
2 0.938333 0.350667 0.047333 0.046667
2 0.977667 0.414333 0.044667 0.046000
2 0.820667 0.251333 0.085333 0.070667
2 0.899667 0.278000 0.068667 0.068000
2 0.959333 0.292333 0.061333 0.062000
2 0.968000 0.239667 0.045333 0.044667
2 0.909333 0.208333 0.066667 0.072667
2 0.838667 0.181333 0.072000 0.066667
2 0.836000 0.058000 0.073333 0.085333
2 0.896000 0.038667 0.049333 0.066667
2 0.866667 0.120333 0.046667 0.048667
2 0.943667 0.122000 0.079333 0.077333
2 0.970333 0.040667 0.052667 0.068000
2 0.295333 0.562000 0.040000 0.034667
1 0.288333 0.605333 0.046000 0.040000
0 0.879667 0.773333 0.071333 0.045333
0 0.934333 0.878667 0.048667 0.041333
0 0.573667 0.951000 0.076667 0.079333
0 0.401333 0.886333 0.042667 0.051333
0 0.328000 0.920000 0.050667 0.045333
0 0.220333 0.802333 0.050000 0.052667
0 0.095333 0.719333 0.046667 0.041333
0 0.424667 0.715000 0.044000 0.040667
0 0.475333 0.678667 0.061333 0.050667
0 0.249667 0.619667 0.048667 0.039333
0 0.387333 0.631667 0.053333 0.051333
0 0.659000 0.496333 0.047333 0.056667
0 0.406000 0.413000 0.030667 0.035333
0 0.394000 0.325000 0.056000 0.047333
0 0.745667 0.200333 0.036667 0.038000
2 0.779333 0.957333 0.120000 0.085333
2 0.494000 0.977333 0.090667 0.045333
2 0.330667 0.957667 0.145333 0.084667
2 0.038000 0.502333 0.074667 0.099333
2 0.057000 0.349667 0.112667 0.155333
2 0.965667 0.175000 0.068667 0.074000
