3 0.041667 0.124667 0.076667 0.068000
3 0.053333 0.069667 0.030667 0.042000
3 0.101333 0.063667 0.076000 0.095333
3 0.202000 0.037333 0.061333 0.065333
3 0.176000 0.114000 0.102667 0.100000
3 0.295000 0.059333 0.055333 0.068000
3 0.075000 0.227000 0.046000 0.044667
3 0.147333 0.242000 0.045333 0.040000
2 0.027667 0.365667 0.040667 0.032667
2 0.043667 0.379333 0.039333 0.030667
2 0.034000 0.420667 0.044000 0.042667
3 0.084667 0.398333 0.034667 0.038000
2 0.112667 0.323333 0.040000 0.054667
3 0.162333 0.341667 0.046000 0.048667
3 0.219333 0.289667 0.073333 0.084667
3 0.274333 0.258000 0.042000 0.054667
3 0.319667 0.248667 0.043333 0.066667
3 0.250333 0.196333 0.048667 0.044667
3 0.315333 0.161000 0.054667 0.076667
3 0.420000 0.045667 0.058667 0.076667
3 0.389000 0.113000 0.104667 0.114000
3 0.491667 0.147667 0.031333 0.030000
2 0.463333 0.123333 0.025333 0.042667
2 0.380667 0.207333 0.096000 0.092000
2 0.450000 0.297667 0.032000 0.030000
2 0.522333 0.308667 0.087333 0.086667
2 0.470333 0.217000 0.091333 0.096667
2 0.564667 0.238667 0.097333 0.112000
2 0.582667 0.163333 0.080000 0.070667
3 0.549333 0.106000 0.053333 0.064000
3 0.607000 0.054333 0.092667 0.083333
2 0.741667 0.025333 0.048667 0.044000
2 0.653333 0.125333 0.092000 0.105333
2 0.755000 0.101333 0.088667 0.104000
2 0.854667 0.053333 0.094667 0.102667
2 0.926000 0.086667 0.064000 0.058667
2 0.964667 0.154667 0.066667 0.072000
2 0.896333 0.157333 0.078000 0.086667
2 0.816000 0.144333 0.086667 0.110000
2 0.780667 0.223333 0.057333 0.057333
2 0.702667 0.244667 0.093333 0.130667
2 0.759333 0.275000 0.036000 0.051333
3 0.832667 0.331000 0.082667 0.078000
2 0.921667 0.296333 0.047333 0.050000
3 0.889667 0.378000 0.094000 0.100000
2 0.786333 0.420000 0.054000 0.074667
3 0.859667 0.461333 0.040667 0.038667
2 0.699333 0.470667 0.030667 0.029333
2 0.748667 0.565667 0.057333 0.055333
2 0.718667 0.634333 0.044000 0.038000
2 0.913667 0.552333 0.048667 0.046000
2 0.906333 0.603667 0.047333 0.051333
2 0.903333 0.647667 0.064000 0.042000
3 0.968333 0.671333 0.051333 0.056000
2 0.893000 0.717000 0.110000 0.086000
2 0.853667 0.778333 0.088667 0.058000
3 0.785000 0.721000 0.048667 0.050000
3 0.755667 0.805000 0.076667 0.087333
2 0.907667 0.845000 0.124667 0.124667
2 0.892333 0.942000 0.122000 0.105333
2 0.262333 0.348333 0.090000 0.087333
2 0.254000 0.421000 0.098667 0.083333
2 0.346333 0.341333 0.086000 0.093333
2 0.334667 0.434333 0.073333 0.071333
2 0.425667 0.372667 0.060667 0.058667
2 0.500000 0.393333 0.037333 0.036000
2 0.559667 0.435000 0.104667 0.094000
3 0.644667 0.458667 0.065333 0.074667
2 0.618333 0.538333 0.084667 0.082000
3 0.598000 0.604667 0.089333 0.064000
2 0.538667 0.515000 0.070667 0.064667
3 0.518667 0.573333 0.058667 0.057333
2 0.455000 0.537333 0.080667 0.073333
2 0.432000 0.604000 0.093333 0.070667
2 0.492333 0.647000 0.106000 0.082000
2 0.573667 0.668000 0.059333 0.070667
2 0.628667 0.687333 0.058667 0.070667
2 0.608333 0.770333 0.104667 0.090000
2 0.536000 0.804667 0.090667 0.089333
2 0.449333 0.777000 0.077333 0.078000
2 0.471667 0.702333 0.080667 0.054000
3 0.407000 0.668333 0.051333 0.050000
2 0.368000 0.522000 0.093333 0.104000
2 0.269333 0.530667 0.098667 0.100000
3 0.338333 0.604667 0.078000 0.064000
3 0.150000 0.517000 0.060000 0.052667
2 0.257000 0.623667 0.084667 0.083333
2 0.177333 0.638333 0.072000 0.079333
2 0.168000 0.710667 0.037333 0.029333
3 0.230667 0.712333 0.054667 0.054000
2 0.300000 0.743333 0.068000 0.077333
2 0.382000 0.738667 0.052000 0.045333
2 0.428667 0.858333 0.072000 0.084667
2 0.360333 0.810000 0.083333 0.088000
2 0.078000 0.731000 0.098667 0.094000
2 0.051333 0.818000 0.078667 0.065333
3 0.145667 0.783000 0.084667 0.059333
2 0.214667 0.818333 0.064000 0.060667
2 0.119667 0.868333 0.087333 0.075333
2 0.248667 0.903333 0.098667 0.105333
2 0.146333 0.951667 0.083333 0.086000
2 0.473667 0.460333 0.063333 0.055333
0 0.813333 0.889000 0.060000 0.070000
0 0.732333 0.921667 0.046000 0.040667
0 0.739667 0.963333 0.035333 0.036000
0 0.481333 0.951000 0.038667 0.038000
0 0.333667 0.894000 0.079333 0.061333
0 0.405667 0.913667 0.043333 0.043333
0 0.324667 0.952000 0.056000 0.048000
0 0.211333 0.770667 0.044000 0.033333
0 0.361000 0.673667 0.038000 0.035333
0 0.872000 0.595333 0.028000 0.034667
0 0.147667 0.281333 0.052667 0.034667
0 0.431667 0.328667 0.048667 0.041333
0 0.552667 0.370000 0.057333 0.041333
0 0.592333 0.311667 0.027333 0.031333
0 0.632667 0.265333 0.046667 0.046667
0 0.832667 0.263000 0.036000 0.032667
0 0.890667 0.248333 0.041333 0.035333
0 0.961333 0.196667 0.065333 0.074667
0 0.488667 0.075667 0.042667 0.068667
0 0.064333 0.181000 0.042000 0.038000
0 0.234667 0.098000 0.052000 0.049333
2 0.016000 0.198000 0.029333 0.053333
2 0.543000 0.969667 0.091333 0.059333
