3 0.079333 0.085000 0.093333 0.088667
3 0.127667 0.040000 0.056667 0.052000
3 0.125000 0.140000 0.051333 0.073333
3 0.158000 0.163000 0.066667 0.078000
3 0.034667 0.164333 0.065333 0.078000
3 0.082000 0.197000 0.065333 0.082000
3 0.092333 0.305333 0.083333 0.076000
3 0.041667 0.258000 0.079333 0.078667
3 0.075667 0.394333 0.094000 0.079333
3 0.171333 0.380333 0.102667 0.076667
3 0.189000 0.316333 0.090000 0.074000
3 0.198667 0.242333 0.109333 0.086000
3 0.292333 0.254667 0.050000 0.041333
2 0.227000 0.156333 0.088667 0.082000
2 0.229333 0.074000 0.101333 0.108000
3 0.341667 0.024000 0.064667 0.044000
3 0.332000 0.088000 0.114667 0.110667
2 0.318667 0.172000 0.097333 0.098667
3 0.161667 0.448333 0.058000 0.046000
3 0.055000 0.476667 0.094000 0.077333
3 0.145667 0.516667 0.076667 0.068000
3 0.048667 0.535667 0.042667 0.040667
3 0.126333 0.598333 0.056667 0.048667
3 0.261333 0.403333 0.034667 0.038667
3 0.217333 0.547667 0.072000 0.070000
3 0.203333 0.619667 0.038667 0.050000
3 0.087333 0.682333 0.126667 0.116667
3 0.049333 0.812667 0.089333 0.100000
3 0.158333 0.803000 0.090000 0.091333
3 0.045000 0.896000 0.078000 0.064000
3 0.249667 0.827667 0.083333 0.082000
3 0.229667 0.909333 0.116667 0.088000
3 0.311000 0.938333 0.059333 0.079333
3 0.110667 0.951667 0.097333 0.096667
3 0.532667 0.070000 0.064000 0.069333
3 0.498000 0.191333 0.086667 0.076000
2 0.425667 0.178667 0.039333 0.026667
2 0.400000 0.219333 0.062667 0.060000
3 0.476333 0.256000 0.082000 0.056000
3 0.450667 0.313667 0.102667 0.074000
3 0.361333 0.371667 0.093333 0.084667
3 0.432000 0.377000 0.057333 0.052667
2 0.437333 0.450333 0.106667 0.078000
3 0.327667 0.462000 0.107333 0.096000
2 0.317333 0.562667 0.125333 0.105333
3 0.280667 0.650333 0.088000 0.086000
3 0.279333 0.733667 0.093333 0.096667
3 0.371333 0.687333 0.097333 0.134667
3 0.460333 0.696000 0.088667 0.105333
3 0.530000 0.714000 0.058667 0.069333
3 0.555667 0.633000 0.095333 0.082000
3 0.632667 0.596000 0.086667 0.097333
3 0.570000 0.554000 0.074667 0.070667
3 0.576333 0.490667 0.146000 0.113333
2 0.676667 0.510667 0.032000 0.029333
2 0.671667 0.476000 0.024667 0.021333
3 0.538667 0.364333 0.029333 0.024667
3 0.559667 0.289667 0.050000 0.050000
3 0.608333 0.394333 0.110000 0.084667
3 0.630000 0.326000 0.089333 0.073333
3 0.630000 0.260667 0.105333 0.076000
3 0.592333 0.136667 0.036667 0.030667
3 0.707667 0.060000 0.099333 0.089333
3 0.692667 0.150333 0.100000 0.086000
3 0.665333 0.201000 0.101333 0.082000
2 0.766667 0.167000 0.037333 0.052667
3 0.877667 0.035667 0.056667 0.054000
3 0.946000 0.131667 0.068000 0.079333
3 0.864667 0.109333 0.097333 0.096000
3 0.830000 0.181000 0.058667 0.052667
3 0.924333 0.251000 0.127333 0.118000
3 0.879000 0.353667 0.048667 0.051333
3 0.792333 0.324000 0.044667 0.072000
3 0.827667 0.318333 0.048667 0.055333
3 0.837333 0.229667 0.040000 0.047333
3 0.809000 0.254667 0.055333 0.056000
3 0.934667 0.417667 0.040000 0.046000
3 0.868000 0.427333 0.090667 0.073333
3 0.762000 0.481333 0.108000 0.132000
3 0.715333 0.359333 0.093333 0.093333
3 0.727667 0.269333 0.082000 0.073333
3 0.858333 0.504000 0.084667 0.070667
3 0.941000 0.490000 0.083333 0.093333
3 0.965000 0.582000 0.070000 0.085333
2 0.894667 0.585667 0.070667 0.074000
3 0.833333 0.569333 0.088000 0.070667
3 0.805000 0.632333 0.047333 0.070000
3 0.836667 0.633667 0.038667 0.058000
3 0.952000 0.661333 0.064000 0.061333
3 0.887000 0.678333 0.124667 0.088667
3 0.943667 0.752333 0.091333 0.084667
3 0.782667 0.737333 0.030667 0.029333
3 0.698667 0.694333 0.093333 0.090000
2 0.773667 0.786000 0.023333 0.034667
3 0.841667 0.769667 0.074000 0.075333
3 0.884000 0.795333 0.069333 0.068000
3 0.933667 0.842000 0.082000 0.086667
3 0.691667 0.779000 0.095333 0.082000
3 0.766667 0.859333 0.070667 0.068000
3 0.753333 0.934667 0.058667 0.070667
3 0.820000 0.908667 0.069333 0.058667
3 0.846667 0.952667 0.074667 0.068000
3 0.896000 0.913667 0.065333 0.090000
3 0.941000 0.946333 0.058000 0.080667
3 0.682667 0.861000 0.100000 0.079333
3 0.513667 0.795667 0.048667 0.051333
3 0.578000 0.844667 0.060000 0.066667
3 0.594000 0.891333 0.069333 0.060000
3 0.499667 0.875667 0.083333 0.114000
3 0.445667 0.777000 0.043333 0.044667
3 0.407667 0.861000 0.100667 0.120667
0 0.634667 0.704333 0.041333 0.051333
0 0.579333 0.720000 0.041333 0.056000
0 0.195333 0.709333 0.048000 0.060000
0 0.717667 0.626333 0.026000 0.030000
0 0.735000 0.571000 0.046000 0.047333
0 0.423333 0.487333 0.053333 0.052000
0 0.203667 0.452333 0.039333 0.039333
0 0.377667 0.285000 0.034000 0.028667
0 0.915333 0.194667 0.033333 0.034667
0 0.567333 0.210000 0.046667 0.041333
0 0.412000 0.132333 0.045333 0.040667
0 0.437667 0.116000 0.079333 0.080000
0 0.512667 0.133000 0.054667 0.043333
3 0.580000 0.957333 0.093333 0.085333
3 0.217667 0.977333 0.086000 0.045333
3 0.040667 0.959333 0.074667 0.081333
3 0.033333 0.610333 0.056000 0.086000
2 0.027000 0.332333 0.050000 0.078000
3 0.464333 0.034333 0.100667 0.067333
3 0.560000 0.050667 0.097333 0.100000
3 0.804667 0.035000 0.088000 0.067333
3 0.954667 0.047667 0.090667 0.080667
3 0.952000 0.342000 0.096000 0.093333
