2 0.069000 0.151000 0.136667 0.122000
1 0.096000 0.093667 0.050667 0.036667
1 0.101333 0.027667 0.029333 0.028667
1 0.174333 0.082000 0.042000 0.044000
2 0.047333 0.254333 0.092000 0.083333
2 0.047000 0.316000 0.070000 0.049333
1 0.149333 0.224667 0.042667 0.038667
2 0.298333 0.095667 0.099333 0.108667
2 0.404333 0.084000 0.110000 0.105333
2 0.422000 0.018000 0.030667 0.029333
2 0.513667 0.039333 0.128667 0.076000
2 0.569667 0.107667 0.092667 0.110000
2 0.478667 0.142000 0.089333 0.086667
2 0.378667 0.184667 0.100000 0.106667
2 0.215667 0.162667 0.047333 0.045333
2 0.266667 0.212333 0.129333 0.127333
2 0.198000 0.256000 0.037333 0.042667
2 0.205333 0.303333 0.085333 0.052000
2 0.175333 0.330667 0.085333 0.093333
2 0.125667 0.324000 0.047333 0.056000
2 0.108333 0.383000 0.114000 0.092667
2 0.177000 0.407667 0.048667 0.048667
2 0.233667 0.416333 0.060667 0.072667
2 0.321667 0.333333 0.146000 0.108000
2 0.457000 0.226000 0.087333 0.090667
2 0.451667 0.326000 0.082000 0.081333
2 0.612000 0.228667 0.073333 0.064000
2 0.492333 0.404000 0.068667 0.080000
2 0.426000 0.415667 0.070667 0.059333
2 0.313667 0.434333 0.100667 0.082000
1 0.575667 0.421000 0.043333 0.043333
1 0.544667 0.445333 0.040000 0.040000
2 0.404000 0.487000 0.069333 0.060667
2 0.472667 0.486667 0.064000 0.054667
2 0.238667 0.486667 0.050667 0.060000
2 0.301000 0.517333 0.127333 0.085333
2 0.101667 0.478333 0.160667 0.123333
1 0.086333 0.540667 0.048667 0.046667
2 0.147667 0.548000 0.042000 0.030667
2 0.129667 0.615333 0.103333 0.109333
2 0.050000 0.653000 0.068000 0.059333
1 0.051000 0.700000 0.071333 0.040000
2 0.216333 0.664667 0.099333 0.097333
3 0.279333 0.601000 0.089333 0.076667
2 0.389667 0.578667 0.123333 0.100000
1 0.522333 0.519333 0.042000 0.040000
1 0.423000 0.663667 0.070000 0.063333
1 0.486333 0.740333 0.066000 0.067333
1 0.413333 0.723667 0.046667 0.047333
2 0.342000 0.756000 0.094667 0.098667
2 0.254333 0.756667 0.075333 0.076000
2 0.108333 0.701333 0.036667 0.041333
2 0.101000 0.780333 0.138000 0.100667
2 0.020000 0.798000 0.037333 0.074667
2 0.065000 0.878333 0.118000 0.083333
2 0.164667 0.858667 0.066667 0.073333
2 0.239333 0.842667 0.084000 0.088000
2 0.302333 0.929000 0.050000 0.054000
2 0.223333 0.945000 0.096000 0.110000
2 0.133667 0.954000 0.080667 0.089333
2 0.047333 0.957333 0.092000 0.085333
2 0.395000 0.877333 0.031333 0.029333
2 0.398667 0.828333 0.048000 0.052667
2 0.457667 0.859333 0.058000 0.084000
0 0.574667 0.904000 0.264000 0.189333
0 0.873000 0.814667 0.254000 0.218667
0 0.905333 0.935000 0.121333 0.104667
0 0.722000 0.743333 0.168000 0.196000
0 0.815000 0.632000 0.135333 0.142667
0 0.916667 0.672333 0.118667 0.131333
0 0.659000 0.554333 0.206000 0.203333
0 0.825667 0.502000 0.174000 0.145333
0 0.929667 0.536000 0.119333 0.142667
0 0.899667 0.384667 0.195333 0.201333
0 0.686333 0.327000 0.215333 0.207333
0 0.741333 0.201667 0.160000 0.140667
0 0.930333 0.158000 0.138000 0.137333
0 0.819667 0.060333 0.187333 0.119333
0 0.951667 0.051333 0.096667 0.101333
0 0.194000 0.484000 0.052000 0.045333
0 0.097333 0.266667 0.066667 0.056000
0 0.196333 0.025667 0.067333 0.050000
0 0.073000 0.022667 0.031333 0.034667
0 0.756000 0.941333 0.161333 0.117333
0 0.875333 0.245333 0.093333 0.102667
0 0.386000 0.417000 0.041333 0.055333
2 0.026333 0.373667 0.051333 0.098000
2 0.038000 0.053000 0.074667 0.080667
1 0.267667 0.015667 0.052667 0.030000
