3 0.075667 0.141000 0.040667 0.042000
3 0.184667 0.042667 0.065333 0.068000
3 0.161667 0.132667 0.102000 0.098667
3 0.246667 0.119333 0.032000 0.028000
3 0.222000 0.202333 0.041333 0.039333
3 0.144333 0.239333 0.030000 0.024000
3 0.205333 0.275333 0.037333 0.030667
3 0.349000 0.036333 0.067333 0.042000
3 0.267000 0.041667 0.098000 0.082000
3 0.358667 0.098000 0.089333 0.078667
3 0.392333 0.023667 0.052667 0.046000
3 0.466000 0.051667 0.089333 0.076667
3 0.509333 0.098667 0.036000 0.034667
3 0.593000 0.058667 0.120667 0.116000
3 0.545000 0.135000 0.032667 0.028667
3 0.715333 0.037333 0.096000 0.073333
2 0.687667 0.129333 0.164667 0.121333
2 0.702000 0.215333 0.038667 0.048000
3 0.571333 0.202000 0.092000 0.100000
3 0.673333 0.284000 0.053333 0.046667
3 0.620333 0.250333 0.027333 0.023333
3 0.468333 0.192000 0.108667 0.120000
3 0.375333 0.196667 0.102667 0.100000
2 0.416000 0.115000 0.028000 0.034000
3 0.314667 0.166000 0.086667 0.085333
2 0.455000 0.278333 0.042000 0.030000
2 0.439667 0.328667 0.046000 0.032000
3 0.282667 0.259333 0.092000 0.101333
3 0.363000 0.288000 0.086000 0.097333
3 0.353000 0.352333 0.056667 0.044667
3 0.535000 0.314667 0.078000 0.080000
3 0.595333 0.290667 0.052000 0.048000
3 0.603000 0.389000 0.042000 0.042000
2 0.662000 0.416667 0.046667 0.036000
3 0.637667 0.385667 0.022000 0.023333
3 0.411000 0.377667 0.051333 0.040667
3 0.441667 0.413667 0.084667 0.092667
3 0.530333 0.375333 0.050000 0.037333
3 0.537667 0.432000 0.106000 0.077333
3 0.516000 0.489333 0.045333 0.042667
3 0.618333 0.454000 0.046000 0.042667
3 0.247667 0.457000 0.127333 0.114000
3 0.331333 0.473000 0.054667 0.054000
3 0.153667 0.445333 0.066000 0.081333
3 0.180000 0.348333 0.100000 0.114000
3 0.271000 0.351000 0.106000 0.110000
3 0.166000 0.516333 0.046667 0.051333
3 0.296000 0.539000 0.042667 0.036667
3 0.315000 0.572667 0.036667 0.029333
3 0.435333 0.644000 0.122667 0.117333
3 0.370667 0.656333 0.050667 0.039333
3 0.400333 0.533333 0.052667 0.054667
2 0.477667 0.563667 0.046000 0.046000
2 0.536333 0.579667 0.023333 0.023333
3 0.596000 0.544333 0.080000 0.078000
2 0.725000 0.510667 0.047333 0.048000
2 0.711667 0.584000 0.039333 0.056000
2 0.692000 0.656667 0.030667 0.040000
2 0.745333 0.688667 0.033333 0.033333
3 0.699000 0.740667 0.052667 0.037333
3 0.619333 0.679333 0.045333 0.030667
3 0.499000 0.703667 0.034000 0.042000
3 0.460000 0.658333 0.046667 0.050000
3 0.567333 0.743333 0.094667 0.110667
3 0.636333 0.772000 0.040667 0.044000
3 0.500333 0.780000 0.048667 0.056000
3 0.432333 0.740333 0.048667 0.035333
3 0.425667 0.775333 0.046000 0.045333
3 0.342667 0.721333 0.122667 0.092000
3 0.090667 0.736000 0.114667 0.102667
3 0.036667 0.638667 0.065333 0.049333
2 0.161000 0.591333 0.040667 0.049333
3 0.114000 0.628000 0.032000 0.029333
2 0.083667 0.430333 0.034000 0.028667
3 0.243333 0.781333 0.101333 0.088000
3 0.334667 0.803000 0.089333 0.076667
3 0.319333 0.857000 0.033333 0.034000
3 0.151333 0.827667 0.093333 0.084667
3 0.040667 0.926000 0.069333 0.086667
3 0.126667 0.936667 0.084000 0.101333
3 0.062000 0.830000 0.078667 0.082667
3 0.222333 0.872000 0.058000 0.056000
3 0.213667 0.920333 0.052667 0.046000
3 0.296333 0.939667 0.062000 0.102000
3 0.392667 0.933333 0.036000 0.028000
2 0.401333 0.840333 0.045333 0.040667
3 0.452000 0.885667 0.062667 0.059333
3 0.483667 0.957333 0.106000 0.085333
2 0.559333 0.963000 0.040000 0.044667
2 0.627333 0.968333 0.038667 0.040667
2 0.713667 0.965000 0.056667 0.062000
2 0.565667 0.844333 0.051333 0.036667
3 0.572333 0.912333 0.099333 0.090000
2 0.651667 0.896000 0.052667 0.050667
2 0.671333 0.855000 0.073333 0.055333
3 0.795333 0.961333 0.072000 0.068000
2 0.873667 0.932667 0.072667 0.069333
2 0.954000 0.959333 0.046667 0.044000
2 0.919000 0.851667 0.080667 0.079333
2 0.860333 0.808333 0.044667 0.050000
2 0.810333 0.831000 0.042000 0.034000
3 0.847000 0.725000 0.076667 0.060667
3 0.909000 0.756667 0.064667 0.050667
3 0.939667 0.681333 0.115333 0.084000
2 0.873333 0.569333 0.033333 0.036000
3 0.775667 0.591000 0.084667 0.078000
3 0.800667 0.518667 0.020000 0.016000
3 0.896333 0.464000 0.064667 0.052000
3 0.912667 0.528667 0.082667 0.073333
3 0.837000 0.235667 0.039333 0.043333
3 0.852667 0.157333 0.152000 0.132000
3 0.815333 0.051000 0.104000 0.098000
0 0.873000 0.972000 0.074000 0.056000
0 0.394333 0.878667 0.039333 0.040000
0 0.753667 0.851000 0.048667 0.048667
0 0.674333 0.799667 0.038000 0.043333
0 0.650000 0.815000 0.036000 0.030000
0 0.699000 0.779667 0.047333 0.032667
0 0.161333 0.725000 0.052000 0.044667
0 0.263000 0.717667 0.039333 0.034000
0 0.439333 0.704333 0.042667 0.043333
0 0.825333 0.676667 0.072000 0.062667
0 0.555667 0.649000 0.078000 0.074000
0 0.184333 0.628667 0.038000 0.029333
0 0.197000 0.653667 0.034000 0.024667
0 0.206667 0.679333 0.046667 0.036000
0 0.117333 0.534333 0.050667 0.052667
0 0.097667 0.321000 0.062000 0.059333
0 0.257000 0.173000 0.040667 0.039333
0 0.464000 0.122000 0.076000 0.062667
0 0.507333 0.044667 0.034667 0.032000
0 0.985333 0.468667 0.029333 0.033333
3 0.205333 0.971000 0.089333 0.058000
3 0.039667 0.327667 0.078000 0.118000
3 0.057667 0.211000 0.114000 0.118000
3 0.097667 0.042667 0.092667 0.084000
3 0.954667 0.073333 0.090667 0.140000
3 0.949667 0.586333 0.100667 0.123333
3 0.965667 0.778667 0.068667 0.088000
