2 0.231000 0.051000 0.050000 0.062000
2 0.043667 0.077000 0.083333 0.086000
2 0.073000 0.306667 0.055333 0.040000
2 0.098000 0.260000 0.058667 0.058667
2 0.119667 0.177333 0.110000 0.104000
2 0.197333 0.158000 0.078667 0.101333
2 0.278667 0.167667 0.100000 0.104667
2 0.171333 0.280333 0.069333 0.062000
2 0.248667 0.261667 0.085333 0.108667
2 0.329667 0.260667 0.083333 0.098667
2 0.321000 0.315333 0.040667 0.033333
2 0.358333 0.171333 0.068667 0.089333
2 0.323000 0.071333 0.070000 0.069333
2 0.377667 0.100333 0.074000 0.072667
2 0.467333 0.108667 0.080000 0.077333
2 0.554667 0.075667 0.130667 0.119333
2 0.413333 0.276000 0.077333 0.076000
2 0.500000 0.265667 0.070667 0.070000
2 0.451667 0.188333 0.140667 0.090000
2 0.513333 0.169000 0.041333 0.051333
2 0.553000 0.159333 0.051333 0.062667
2 0.663667 0.117667 0.084667 0.090000
2 0.782667 0.078333 0.100000 0.078000
2 0.884000 0.060667 0.053333 0.037333
2 0.878333 0.106333 0.080667 0.051333
2 0.960667 0.118000 0.078667 0.098667
2 0.835333 0.180000 0.156000 0.129333
2 0.901000 0.278333 0.086000 0.080667
2 0.973333 0.277667 0.053333 0.043333
2 0.747333 0.213333 0.106667 0.098667
2 0.569667 0.257333 0.048667 0.041333
2 0.650000 0.242667 0.118667 0.142667
2 0.725000 0.304000 0.074000 0.076000
2 0.793000 0.331000 0.082000 0.091333
2 0.885000 0.367000 0.115333 0.119333
2 0.961000 0.362667 0.056667 0.064000
2 0.619667 0.361667 0.046000 0.042000
2 0.697000 0.360333 0.054000 0.047333
2 0.762000 0.398333 0.074667 0.059333
2 0.679667 0.450667 0.050000 0.050667
2 0.728333 0.487333 0.047333 0.042667
2 0.712667 0.550667 0.029333 0.030667
2 0.770333 0.529667 0.052667 0.050000
2 0.836000 0.495000 0.093333 0.088667
2 0.939000 0.455333 0.056667 0.062667
2 0.915333 0.486667 0.081333 0.100000
2 0.951667 0.596667 0.051333 0.062667
2 0.876667 0.585667 0.096000 0.092667
2 0.842333 0.427667 0.070000 0.048667
2 0.924333 0.675333 0.075333 0.077333
2 0.845000 0.668333 0.088667 0.094000
2 0.778000 0.612000 0.104000 0.096000
2 0.690333 0.641333 0.090000 0.104000
2 0.612333 0.663667 0.084667 0.079333
2 0.726333 0.762000 0.087333 0.101333
2 0.793000 0.776000 0.046000 0.060000
3 0.807667 0.724667 0.066000 0.060000
3 0.943333 0.807333 0.065333 0.069333
3 0.859667 0.834333 0.082000 0.087333
3 0.917333 0.883667 0.105333 0.091333
3 0.889333 0.956000 0.033333 0.038667
3 0.812000 0.916000 0.061333 0.066667
2 0.728667 0.964333 0.033333 0.030000
2 0.670000 0.959333 0.064000 0.081333
2 0.589333 0.941333 0.100000 0.104000
2 0.530000 0.886000 0.030667 0.026667
2 0.456000 0.863667 0.064000 0.054000
2 0.364000 0.934333 0.057333 0.062000
2 0.279000 0.943333 0.079333 0.072000
2 0.282000 0.861667 0.106667 0.091333
3 0.373000 0.844667 0.083333 0.102667
2 0.477333 0.790000 0.036000 0.026667
2 0.602667 0.742333 0.098667 0.080667
2 0.553000 0.806667 0.087333 0.085333
2 0.505667 0.720000 0.090000 0.097333
2 0.025667 0.962667 0.036667 0.036000
2 0.063333 0.912667 0.044000 0.038667
2 0.070667 0.869000 0.037333 0.040667
2 0.046000 0.860667 0.037333 0.032000
2 0.020000 0.873333 0.025333 0.026667
3 0.118000 0.891333 0.040000 0.045333
2 0.138000 0.820667 0.033333 0.026667
2 0.193000 0.840000 0.048667 0.060000
3 0.246000 0.792667 0.070667 0.093333
2 0.299000 0.765667 0.050000 0.050000
2 0.344333 0.751667 0.043333 0.052667
2 0.405667 0.718333 0.087333 0.075333
2 0.348000 0.661333 0.064000 0.069333
3 0.439000 0.631667 0.120667 0.098000
2 0.581333 0.501000 0.041333 0.043333
3 0.639000 0.563667 0.095333 0.074000
3 0.520000 0.649667 0.033333 0.038000
3 0.573667 0.603333 0.048667 0.058667
3 0.553667 0.564000 0.042000 0.036000
2 0.446667 0.554000 0.056000 0.062667
3 0.279667 0.690667 0.055333 0.049333
2 0.175333 0.738667 0.034667 0.040000
2 0.102000 0.730667 0.044000 0.033333
2 0.068667 0.625333 0.077333 0.064000
2 0.024333 0.708667 0.044667 0.064000
2 0.080667 0.565667 0.034667 0.044667
2 0.132667 0.571333 0.077333 0.092000
3 0.206000 0.608667 0.102667 0.102667
3 0.321000 0.556000 0.054000 0.058667
2 0.230667 0.533000 0.060000 0.046000
2 0.037333 0.521333 0.073333 0.069333
2 0.105333 0.494667 0.068000 0.061333
2 0.176000 0.478000 0.069333 0.074667
2 0.339333 0.488000 0.030667 0.030667
2 0.560333 0.335000 0.052667 0.055333
2 0.488000 0.329333 0.064000 0.064000
2 0.529333 0.393333 0.070667 0.066667
2 0.454000 0.379667 0.068000 0.078000
2 0.443000 0.455333 0.054000 0.060000
2 0.503333 0.476000 0.100000 0.104000
2 0.389667 0.363667 0.052667 0.048667
2 0.361000 0.418000 0.082000 0.065333
2 0.281333 0.385333 0.066667 0.061333
2 0.085333 0.349667 0.069333 0.054000
2 0.140333 0.362000 0.071333 0.060000
2 0.223667 0.362667 0.040667 0.038667
2 0.265333 0.440667 0.081333 0.061333
2 0.201667 0.393667 0.082000 0.078000
2 0.039000 0.402333 0.076667 0.094000
2 0.118000 0.424667 0.078667 0.081333
2 0.498000 0.959333 0.062667 0.057333
0 0.087000 0.677000 0.052667 0.043333
0 0.426000 0.946000 0.048000 0.044000
0 0.640667 0.844667 0.050667 0.058667
0 0.916667 0.741667 0.040000 0.032667
0 0.580000 0.869000 0.050667 0.034000
0 0.264000 0.597333 0.040000 0.041333
0 0.284667 0.578333 0.033333 0.030000
0 0.357000 0.599667 0.048667 0.043333
0 0.521000 0.579667 0.050000 0.054000
0 0.431000 0.503333 0.059333 0.042667
0 0.618333 0.506667 0.035333 0.036000
0 0.671333 0.506667 0.052000 0.042667
0 0.633333 0.181667 0.088000 0.068667
0 0.133333 0.052667 0.078667 0.076000
2 0.028333 0.239000 0.055333 0.078000
2 0.028000 0.154667 0.054667 0.089333
2 0.397667 0.021667 0.054000 0.042000
2 0.965667 0.028333 0.068667 0.055333
2 0.977667 0.538667 0.044667 0.098667
2 0.974000 0.422333 0.052000 0.080667
