1 0.843333 0.130667 0.137333 0.070667
1 0.789667 0.187333 0.078000 0.060000
1 0.807667 0.240000 0.080667 0.065333
1 0.699667 0.060333 0.088667 0.094000
2 0.753333 0.052667 0.037333 0.040000
2 0.769000 0.087333 0.036667 0.037333
1 0.682333 0.130000 0.107333 0.089333
1 0.460000 0.056333 0.090667 0.103333
1 0.371333 0.057000 0.098667 0.102000
2 0.776667 0.353333 0.178667 0.158667
2 0.704333 0.241667 0.140667 0.128667
1 0.642000 0.198000 0.060000 0.053333
1 0.604000 0.266000 0.061333 0.102667
1 0.574000 0.191667 0.068000 0.079333
1 0.512000 0.170000 0.161333 0.133333
1 0.412667 0.148000 0.070667 0.086667
1 0.332333 0.137333 0.095333 0.098667
1 0.290333 0.227333 0.087333 0.097333
1 0.393333 0.235333 0.124000 0.108000
1 0.528667 0.227000 0.064000 0.055333
1 0.539333 0.289667 0.068000 0.086000
1 0.640333 0.367667 0.115333 0.114000
2 0.731000 0.487000 0.187333 0.188667
1 0.646667 0.564667 0.092000 0.113333
1 0.587667 0.531000 0.048667 0.080667
1 0.592667 0.427667 0.082667 0.115333
1 0.544667 0.525667 0.073333 0.088667
1 0.501667 0.485000 0.098000 0.087333
1 0.482667 0.313333 0.069333 0.077333
1 0.499667 0.391000 0.116667 0.116667
1 0.412000 0.307667 0.072000 0.070000
1 0.398667 0.377000 0.098667 0.086000
1 0.401000 0.439000 0.067333 0.059333
1 0.325333 0.338667 0.088000 0.101333
1 0.297000 0.416333 0.086000 0.083333
2 0.254000 0.302000 0.036000 0.044000
1 0.242000 0.124000 0.081333 0.100000
1 0.035667 0.062667 0.071333 0.097333
1 0.136667 0.141000 0.098667 0.134000
2 0.056000 0.170667 0.053333 0.065333
1 0.193333 0.255333 0.085333 0.098667
1 0.099000 0.245333 0.110000 0.097333
1 0.210667 0.367333 0.102667 0.100000
1 0.145000 0.311000 0.084667 0.090000
1 0.063000 0.316667 0.087333 0.096000
1 0.112667 0.396667 0.098667 0.089333
2 0.180333 0.441667 0.091333 0.092667
1 0.626000 0.648667 0.053333 0.052000
1 0.547000 0.609000 0.047333 0.050000
1 0.596667 0.704000 0.141333 0.170667
1 0.572667 0.812333 0.106667 0.118000
1 0.498333 0.742000 0.108667 0.132000
1 0.461667 0.563333 0.084667 0.108000
1 0.412000 0.526333 0.044000 0.046000
1 0.364333 0.486333 0.115333 0.110000
1 0.260000 0.487333 0.098667 0.098667
1 0.436000 0.920333 0.100000 0.119333
1 0.446667 0.666667 0.097333 0.112000
1 0.442000 0.798000 0.081333 0.089333
1 0.492667 0.872333 0.097333 0.095333
1 0.385000 0.860667 0.064667 0.061333
1 0.347667 0.958000 0.151333 0.084000
1 0.323333 0.892333 0.077333 0.078000
1 0.356333 0.793000 0.122000 0.115333
1 0.354667 0.595333 0.134667 0.133333
1 0.326667 0.694000 0.118667 0.097333
1 0.226667 0.936667 0.096000 0.102667
1 0.220000 0.843000 0.129333 0.107333
1 0.270333 0.769333 0.127333 0.101333
1 0.113333 0.915333 0.136000 0.148000
1 0.111667 0.806000 0.118000 0.102667
1 0.118333 0.718000 0.098000 0.090667
2 0.185667 0.752000 0.052667 0.056000
1 0.224333 0.670333 0.114000 0.114000
1 0.234333 0.563333 0.130000 0.128000
1 0.137000 0.623667 0.108667 0.118000
1 0.044333 0.619000 0.088667 0.162000
1 0.096667 0.501000 0.138667 0.147333
1 0.864000 0.072333 0.088000 0.054000
0 0.262000 0.037000 0.045333 0.048667
1 0.030667 0.239333 0.061333 0.106667
1 0.027000 0.953333 0.054000 0.080000
