2 0.159667 0.063000 0.079333 0.078000
2 0.065333 0.121000 0.076000 0.055333
2 0.153000 0.123000 0.056667 0.051333
2 0.037667 0.192667 0.072667 0.090667
2 0.115333 0.203667 0.126667 0.143333
2 0.212000 0.166333 0.066667 0.062000
2 0.238667 0.093000 0.096000 0.112667
2 0.275000 0.028333 0.043333 0.042000
2 0.179000 0.263000 0.143333 0.127333
2 0.080333 0.386667 0.048667 0.061333
2 0.071667 0.448000 0.039333 0.032000
2 0.048667 0.495667 0.048000 0.048667
2 0.030000 0.539333 0.056000 0.061333
2 0.095000 0.583000 0.083333 0.071333
2 0.079333 0.644667 0.068000 0.066667
2 0.108333 0.505000 0.087333 0.087333
2 0.139667 0.426000 0.080667 0.062667
2 0.155000 0.357333 0.088667 0.086667
2 0.265333 0.329667 0.129333 0.127333
2 0.303000 0.220000 0.110000 0.094667
2 0.319333 0.135667 0.090667 0.079333
2 0.241667 0.417667 0.074000 0.074000
2 0.212667 0.495333 0.109333 0.101333
2 0.199333 0.588000 0.141333 0.108000
2 0.168667 0.669333 0.100000 0.093333
2 0.064000 0.724667 0.088000 0.104000
1 0.149333 0.762000 0.108000 0.101333
2 0.253667 0.756000 0.108667 0.108000
1 0.143000 0.826333 0.071333 0.051333
1 0.125000 0.867667 0.054000 0.048667
2 0.121667 0.946667 0.078000 0.096000
1 0.201333 0.930333 0.065333 0.046000
2 0.225333 0.869333 0.134667 0.137333
2 0.359000 0.727333 0.116667 0.129333
1 0.324333 0.834000 0.078000 0.097333
2 0.293667 0.657333 0.139333 0.105333
2 0.305333 0.581000 0.068000 0.058000
2 0.341667 0.517000 0.146000 0.114000
2 0.359000 0.417667 0.150000 0.118000
2 0.453667 0.447667 0.052667 0.060667
2 0.479000 0.356000 0.076667 0.074667
2 0.497333 0.285667 0.062667 0.054000
2 0.400667 0.299667 0.102667 0.131333
2 0.432667 0.211333 0.102667 0.092000
2 0.344000 0.054000 0.100000 0.098667
2 0.431333 0.045667 0.077333 0.076667
2 0.456333 0.147000 0.116667 0.143333
2 0.544667 0.134000 0.060000 0.069333
2 0.554000 0.049000 0.134667 0.096667
2 0.582333 0.317667 0.083333 0.087333
2 0.620667 0.246000 0.070667 0.069333
2 0.640333 0.133667 0.110000 0.119333
2 0.738333 0.132000 0.094000 0.100000
2 0.807000 0.088333 0.079333 0.087333
2 0.903333 0.040000 0.112000 0.078667
2 0.967667 0.079000 0.064667 0.066000
2 0.917333 0.132333 0.089333 0.094000
3 0.926333 0.189000 0.051333 0.052667
2 0.925000 0.269000 0.043333 0.051333
2 0.853000 0.273333 0.090000 0.093333
2 0.808333 0.179667 0.110000 0.091333
2 0.764667 0.257333 0.077333 0.086667
2 0.703000 0.211000 0.087333 0.090000
2 0.648000 0.348000 0.053333 0.068000
2 0.732000 0.356000 0.124000 0.161333
2 0.829667 0.356000 0.080667 0.089333
2 0.907667 0.373333 0.075333 0.073333
2 0.605667 0.410333 0.092667 0.088667
2 0.539000 0.451667 0.082000 0.072667
2 0.607000 0.483000 0.082000 0.090000
2 0.688000 0.470000 0.072000 0.072000
2 0.787333 0.459333 0.093333 0.101333
2 0.885333 0.465667 0.097333 0.127333
2 0.967667 0.442333 0.064667 0.072667
2 0.953333 0.514333 0.058667 0.060667
2 0.923000 0.586000 0.122000 0.096000
2 0.894000 0.656667 0.069333 0.076000
2 0.823000 0.638000 0.094000 0.094667
2 0.845000 0.559333 0.055333 0.068000
2 0.748667 0.556667 0.129333 0.112000
2 0.670000 0.555000 0.066667 0.084667
2 0.597333 0.558000 0.070667 0.078667
2 0.488333 0.535000 0.152667 0.142000
2 0.464000 0.644333 0.170667 0.123333
2 0.467333 0.728000 0.089333 0.072000
2 0.574333 0.640667 0.070000 0.069333
2 0.647000 0.642667 0.112667 0.090667
2 0.734000 0.642667 0.072000 0.078667
2 0.969667 0.657333 0.051333 0.049333
2 0.938333 0.801000 0.047333 0.054000
2 0.903667 0.967667 0.055333 0.056667
2 0.913000 0.884333 0.044667 0.054000
2 0.864667 0.815000 0.080000 0.107333
2 0.779000 0.809667 0.090000 0.087333
2 0.783333 0.720667 0.112000 0.101333
2 0.758000 0.898333 0.100000 0.131333
2 0.627000 0.733333 0.155333 0.101333
2 0.607667 0.799667 0.088667 0.074000
2 0.668667 0.906000 0.094667 0.141333
1 0.567333 0.897000 0.138667 0.110000
2 0.516000 0.807333 0.082667 0.113333
2 0.418333 0.828667 0.120667 0.129333
1 0.378000 0.935333 0.129333 0.094667
2 0.849333 0.916333 0.101333 0.102000
0 0.537333 0.246667 0.072000 0.058667
2 0.029000 0.948000 0.056667 0.084000
2 0.047667 0.899333 0.094000 0.112000
2 0.055000 0.804333 0.108667 0.131333
2 0.028667 0.614333 0.054667 0.070000
2 0.074667 0.047333 0.117333 0.093333
2 0.696000 0.040000 0.136000 0.078667
2 0.950333 0.723333 0.099333 0.109333
2 0.278000 0.967333 0.120000 0.065333
2 0.487000 0.940333 0.142000 0.119333
2 0.568333 0.974000 0.084667 0.052000
2 0.950333 0.921333 0.098000 0.130667
2 0.745333 0.967000 0.112000 0.066000
2 0.967333 0.366667 0.065333 0.093333
2 0.809333 0.026000 0.060000 0.050667
