3 0.079667 0.040333 0.056667 0.068667
3 0.134333 0.049667 0.050000 0.043333
3 0.221000 0.051667 0.039333 0.035333
3 0.192333 0.093667 0.072667 0.075333
3 0.064667 0.218000 0.094667 0.088000
3 0.053000 0.132333 0.050000 0.054000
3 0.098000 0.137000 0.041333 0.038000
2 0.289667 0.105000 0.095333 0.083333
2 0.249000 0.161000 0.095333 0.099333
2 0.150667 0.196667 0.102667 0.122667
3 0.476333 0.039000 0.052667 0.060667
2 0.630667 0.045000 0.085333 0.088667
3 0.712333 0.038000 0.058000 0.060000
2 0.707333 0.111667 0.060000 0.072667
2 0.665667 0.196333 0.070000 0.094000
2 0.603000 0.152667 0.088667 0.122667
2 0.534000 0.095333 0.084000 0.088000
3 0.451000 0.110667 0.070000 0.077333
3 0.439333 0.193000 0.076000 0.090000
3 0.402667 0.108667 0.024000 0.032000
2 0.365667 0.161000 0.080667 0.100667
3 0.036333 0.314667 0.071333 0.078667
3 0.120333 0.302667 0.080667 0.080000
3 0.232000 0.283000 0.101333 0.091333
2 0.345667 0.232667 0.092667 0.077333
3 0.422333 0.261667 0.032667 0.036667
3 0.487667 0.270000 0.068667 0.068000
2 0.579667 0.282667 0.116667 0.098667
2 0.766667 0.157333 0.078667 0.082667
2 0.734667 0.240333 0.102667 0.107333
3 0.692000 0.390667 0.069333 0.060000
3 0.680667 0.472000 0.109333 0.104000
3 0.617667 0.430000 0.074000 0.101333
2 0.550667 0.372333 0.070667 0.075333
2 0.471333 0.355333 0.090667 0.102667
2 0.390000 0.355000 0.064000 0.103333
2 0.315000 0.328667 0.084667 0.106667
3 0.217333 0.372333 0.070667 0.078000
2 0.289333 0.407333 0.101333 0.086667
3 0.148000 0.385000 0.064000 0.064667
3 0.103667 0.417000 0.044667 0.043333
3 0.445000 0.428000 0.030000 0.029333
3 0.522333 0.461667 0.116667 0.087333
3 0.593000 0.485333 0.035333 0.036000
3 0.660667 0.540667 0.062667 0.042667
2 0.072667 0.498667 0.120000 0.100000
2 0.186667 0.474000 0.101333 0.101333
2 0.265667 0.494667 0.066000 0.085333
3 0.328667 0.494000 0.061333 0.066667
2 0.413667 0.491333 0.111333 0.137333
2 0.528333 0.557000 0.136667 0.107333
3 0.409000 0.609667 0.095333 0.090000
3 0.326667 0.621000 0.084000 0.086000
2 0.252667 0.568000 0.088000 0.085333
2 0.149667 0.586333 0.107333 0.096667
3 0.067000 0.595000 0.052667 0.054000
3 0.121000 0.676000 0.084667 0.070667
2 0.227667 0.656667 0.110000 0.086667
3 0.647000 0.592333 0.088667 0.076667
3 0.748333 0.524000 0.031333 0.032000
3 0.735333 0.566667 0.034667 0.030667
3 0.722000 0.616667 0.056000 0.056000
3 0.203333 0.721333 0.028000 0.024000
3 0.109000 0.743667 0.027333 0.022000
3 0.080667 0.808667 0.045333 0.038667
3 0.070667 0.862000 0.088000 0.066667
3 0.051667 0.939667 0.034000 0.056667
3 0.141667 0.943667 0.035333 0.031333
3 0.216333 0.952667 0.110000 0.090667
3 0.146333 0.898667 0.028667 0.029333
3 0.178000 0.784333 0.078667 0.055333
2 0.155667 0.836333 0.090000 0.078000
3 0.248000 0.811333 0.048000 0.048000
3 0.276667 0.781000 0.102667 0.130000
3 0.247667 0.866333 0.090000 0.070000
3 0.330667 0.847333 0.058667 0.054667
3 0.343333 0.802333 0.040000 0.032667
3 0.360000 0.773667 0.058667 0.047333
3 0.373000 0.703333 0.080667 0.065333
3 0.457667 0.696333 0.075333 0.071333
3 0.430000 0.754667 0.068000 0.057333
2 0.419667 0.825667 0.100667 0.086000
3 0.311000 0.929000 0.059333 0.086000
2 0.365000 0.970000 0.043333 0.038667
3 0.397333 0.918333 0.098667 0.098000
2 0.477667 0.863333 0.036667 0.056000
2 0.498000 0.808667 0.024000 0.029333
2 0.528000 0.732333 0.025333 0.026000
3 0.626333 0.667667 0.084667 0.072667
3 0.615000 0.734333 0.080667 0.060667
3 0.597000 0.797333 0.078000 0.074667
1 0.671333 0.782667 0.029333 0.041333
1 0.700333 0.688000 0.036667 0.033333
3 0.778000 0.727000 0.038667 0.040667
3 0.653333 0.873667 0.068000 0.099333
3 0.579333 0.867667 0.086667 0.070000
3 0.562667 0.939000 0.070667 0.072667
3 0.631000 0.951667 0.046000 0.043333
3 0.743000 0.848000 0.102000 0.106667
3 0.778667 0.781000 0.056000 0.063333
2 0.850000 0.769000 0.030667 0.031333
3 0.835667 0.852667 0.086000 0.090667
3 0.905333 0.845333 0.068000 0.073333
3 0.975000 0.852667 0.044667 0.044000
2 0.825667 0.937333 0.082000 0.088000
2 0.790333 0.691667 0.014000 0.018000
2 0.859333 0.709333 0.080000 0.068000
3 0.929333 0.784667 0.082667 0.064000
3 0.980667 0.791667 0.026667 0.038000
3 0.931667 0.734000 0.055333 0.045333
3 0.964333 0.694333 0.064667 0.067333
3 0.886000 0.639333 0.112000 0.104000
3 0.977333 0.593000 0.045333 0.054000
3 0.810000 0.561000 0.078667 0.058000
3 0.756000 0.380333 0.078667 0.102000
3 0.819333 0.375333 0.081333 0.102667
1 0.882000 0.357333 0.038667 0.036000
3 0.905000 0.503667 0.042000 0.035333
3 0.928000 0.489000 0.026667 0.034000
3 0.890000 0.563333 0.045333 0.041333
3 0.847667 0.503000 0.054000 0.047333
2 0.782667 0.469667 0.101333 0.082000
2 0.809333 0.279000 0.090667 0.084667
2 0.831000 0.192000 0.088667 0.093333
1 0.888333 0.197667 0.032667 0.043333
3 0.895333 0.285333 0.058667 0.102667
3 0.941667 0.280333 0.056667 0.079333
3 0.943667 0.118667 0.082000 0.094667
2 0.854333 0.101667 0.084667 0.086000
2 0.785667 0.076667 0.082000 0.080000
3 0.038333 0.684000 0.075333 0.104000
0 0.708000 0.908667 0.062667 0.082667
0 0.492000 0.956667 0.057333 0.060000
0 0.513667 0.889333 0.050000 0.034667
0 0.506000 0.762667 0.050667 0.062667
0 0.532000 0.660000 0.089333 0.092000
0 0.779333 0.614000 0.037333 0.025333
0 0.321333 0.554667 0.073333 0.057333
0 0.873000 0.407667 0.063333 0.067333
0 0.516000 0.189667 0.088000 0.084667
0 0.325667 0.044333 0.039333 0.038000
3 0.954000 0.926333 0.092000 0.106000
3 0.039667 0.399333 0.078000 0.096000
3 0.047333 0.080000 0.090667 0.080000
3 0.403667 0.032667 0.072667 0.061333
3 0.885667 0.029000 0.079333 0.056667
3 0.962000 0.032000 0.076000 0.062667
