2 0.109667 0.111000 0.123333 0.120667
2 0.152333 0.047000 0.114000 0.087333
1 0.103333 0.224000 0.192000 0.138667
2 0.201333 0.178333 0.093333 0.078000
2 0.256667 0.265667 0.101333 0.124667
2 0.347000 0.313000 0.082000 0.124667
2 0.233333 0.335000 0.057333 0.042000
2 0.043000 0.315667 0.076667 0.067333
2 0.132000 0.336000 0.129333 0.126667
2 0.101333 0.450333 0.101333 0.103333
2 0.096333 0.524000 0.083333 0.066667
1 0.218000 0.434333 0.073333 0.084667
2 0.298667 0.424667 0.090667 0.098667
2 0.339667 0.481667 0.150000 0.104667
1 0.187333 0.500333 0.098667 0.091333
2 0.364000 0.200333 0.134667 0.091333
2 0.375667 0.120333 0.094000 0.087333
2 0.296667 0.085000 0.108000 0.108667
2 0.055667 0.629333 0.079333 0.105333
2 0.140333 0.615000 0.087333 0.112667
2 0.223667 0.589333 0.087333 0.120000
2 0.305000 0.590667 0.078000 0.128000
2 0.385667 0.612333 0.080667 0.192667
2 0.498667 0.628000 0.142667 0.200000
2 0.295000 0.691333 0.147333 0.109333
2 0.179333 0.687000 0.098667 0.118000
2 0.104667 0.736000 0.072000 0.093333
2 0.105000 0.837333 0.116667 0.098667
2 0.176000 0.779667 0.097333 0.078000
2 0.288333 0.797667 0.152667 0.111333
2 0.332000 0.869667 0.093333 0.086000
2 0.222333 0.915000 0.087333 0.110000
2 0.132667 0.923333 0.086667 0.112000
2 0.417333 0.770333 0.080000 0.087333
1 0.563667 0.730000 0.182000 0.165333
2 0.451333 0.856000 0.160000 0.158667
2 0.525000 0.888667 0.051333 0.070667
2 0.620667 0.895333 0.173333 0.193333
2 0.767333 0.908667 0.133333 0.156000
2 0.824333 0.827333 0.142000 0.142667
2 0.883667 0.931667 0.118000 0.092667
1 0.932667 0.855333 0.122667 0.137333
1 0.852000 0.724667 0.094667 0.088000
2 0.889000 0.665000 0.079333 0.082000
2 0.741667 0.749000 0.135333 0.122000
2 0.651333 0.672333 0.109333 0.119333
1 0.757000 0.635000 0.112667 0.119333
2 0.668000 0.514333 0.165333 0.191333
2 0.548667 0.504000 0.109333 0.109333
2 0.691000 0.429667 0.088667 0.083333
2 0.796000 0.544667 0.129333 0.105333
2 0.924333 0.554000 0.150000 0.142667
2 0.961333 0.458333 0.077333 0.066000
2 0.866000 0.433667 0.122667 0.103333
2 0.782667 0.418667 0.094667 0.102667
2 0.430000 0.240000 0.125333 0.132000
2 0.451667 0.359333 0.146000 0.132000
2 0.492000 0.426333 0.101333 0.084667
2 0.820667 0.328667 0.165333 0.132000
2 0.696667 0.348333 0.092000 0.090000
2 0.600333 0.382333 0.115333 0.134000
2 0.529000 0.289333 0.082000 0.102667
2 0.627667 0.260000 0.126000 0.128000
2 0.525000 0.195667 0.095333 0.079333
2 0.483333 0.135000 0.085333 0.088667
2 0.558333 0.133667 0.090000 0.114000
2 0.607000 0.099667 0.068667 0.102000
2 0.679667 0.113333 0.083333 0.101333
2 0.624333 0.188667 0.034000 0.032000
2 0.775667 0.071333 0.119333 0.125333
2 0.913000 0.087000 0.174000 0.170000
2 0.727000 0.211667 0.144667 0.152667
2 0.825667 0.209667 0.060667 0.082000
2 0.909000 0.237333 0.136667 0.101333
2 0.955667 0.315667 0.084667 0.119333
2 0.466000 0.962000 0.160000 0.076000
2 0.026333 0.832667 0.051333 0.082667
2 0.029000 0.728333 0.056667 0.114000
2 0.025667 0.540667 0.050000 0.086667
2 0.027333 0.406333 0.053333 0.083333
2 0.674667 0.026000 0.088000 0.041333
2 0.677000 0.964667 0.139333 0.070667
