1 0.950000 0.070000 0.098667 0.108000
1 0.911333 0.062333 0.104000 0.120667
1 0.886333 0.214667 0.148667 0.180000
1 0.800333 0.102667 0.128667 0.137333
1 0.727000 0.169333 0.151333 0.176000
1 0.781000 0.276667 0.112667 0.137333
1 0.684667 0.301333 0.100000 0.124000
2 0.580333 0.129667 0.086000 0.088667
2 0.605000 0.246333 0.142000 0.152667
1 0.627667 0.061667 0.159333 0.122000
1 0.549000 0.378333 0.182000 0.178000
1 0.502667 0.255667 0.097333 0.087333
1 0.408667 0.385333 0.134667 0.225333
1 0.328667 0.435333 0.116000 0.194667
2 0.442667 0.163333 0.189333 0.194667
2 0.328000 0.146000 0.124000 0.157333
2 0.287000 0.040000 0.072667 0.065333
2 0.251000 0.098333 0.083333 0.115333
1 0.254333 0.317000 0.179333 0.210000
2 0.189667 0.173000 0.119333 0.108667
2 0.119000 0.062333 0.180667 0.118000
2 0.084333 0.153333 0.063333 0.058667
2 0.093000 0.265333 0.160667 0.148000
1 0.139000 0.340333 0.056667 0.056667
1 0.068000 0.346333 0.066667 0.052667
2 0.179667 0.458000 0.156667 0.210667
2 0.079333 0.473667 0.124000 0.243333
0 0.373667 0.814000 0.140667 0.181333
0 0.293333 0.920333 0.074667 0.071333
0 0.429333 0.938000 0.088000 0.073333
0 0.500000 0.797000 0.121333 0.142000
0 0.633000 0.937000 0.138000 0.126000
0 0.598333 0.750333 0.094000 0.116667
0 0.633000 0.835667 0.064667 0.062000
0 0.703333 0.693333 0.138667 0.176000
0 0.734667 0.826667 0.060000 0.050667
0 0.722667 0.874667 0.072000 0.053333
0 0.747667 0.912333 0.067333 0.063333
0 0.794000 0.868667 0.056000 0.061333
0 0.824667 0.815000 0.092000 0.106000
0 0.875333 0.649333 0.141333 0.168000
0 0.899333 0.763000 0.080000 0.092667
0 0.960333 0.821667 0.078000 0.114000
0 0.949667 0.531000 0.098000 0.175333
0 0.899333 0.873667 0.068000 0.068667
0 0.514667 0.900667 0.081333 0.080000
1 0.501667 0.035667 0.099333 0.064667
1 0.963333 0.208000 0.069333 0.213333
2 0.032667 0.137000 0.065333 0.106000
0 0.830333 0.736333 0.083333 0.064667
