1 0.088333 0.090667 0.086000 0.066667
1 0.153667 0.157333 0.158000 0.141333
2 0.294667 0.192000 0.126667 0.122667
2 0.256667 0.288000 0.132000 0.108000
1 0.040333 0.187000 0.079333 0.104667
1 0.111333 0.268000 0.170667 0.162667
1 0.063333 0.393000 0.125333 0.154000
2 0.174333 0.397667 0.139333 0.127333
2 0.288667 0.414000 0.104000 0.102667
1 0.392333 0.424000 0.075333 0.082667
2 0.091000 0.573333 0.180667 0.165333
2 0.154000 0.504000 0.101333 0.096000
2 0.244333 0.516333 0.079333 0.110000
2 0.333333 0.517000 0.142667 0.147333
1 0.058333 0.770667 0.115333 0.170667
1 0.156333 0.718667 0.160667 0.161333
1 0.230000 0.766333 0.133333 0.131333
1 0.233333 0.849000 0.070667 0.044667
2 0.326667 0.817333 0.062667 0.066667
2 0.314000 0.671667 0.104000 0.146000
2 0.220333 0.622667 0.108667 0.110667
1 0.447667 0.528333 0.086000 0.083333
1 0.441667 0.610667 0.098000 0.093333
1 0.399333 0.676000 0.082667 0.093333
1 0.281667 0.930667 0.143333 0.128000
1 0.442333 0.082333 0.075333 0.080667
1 0.568667 0.072000 0.110667 0.134667
1 0.675000 0.068333 0.135333 0.108667
1 0.895000 0.123333 0.183333 0.162667
1 0.482000 0.165000 0.170667 0.171333
1 0.445333 0.263333 0.074667 0.065333
1 0.588333 0.208000 0.080667 0.062667
1 0.676000 0.181000 0.197333 0.150000
1 0.641000 0.265000 0.114000 0.074000
1 0.794667 0.197667 0.098667 0.119333
1 0.867333 0.279000 0.146667 0.148667
1 0.767333 0.351667 0.136000 0.155333
1 0.634667 0.379667 0.168000 0.160667
1 0.546333 0.298333 0.111333 0.087333
1 0.575667 0.429000 0.096667 0.084667
1 0.490333 0.375333 0.107333 0.094667
1 0.485000 0.456000 0.115333 0.108000
1 0.682000 0.461333 0.104000 0.100000
1 0.795333 0.487333 0.130667 0.157333
1 0.919667 0.381667 0.156667 0.135333
1 0.898000 0.470333 0.105333 0.120667
1 0.570000 0.551667 0.194667 0.172667
1 0.702000 0.569000 0.158667 0.140667
1 0.560000 0.677333 0.104000 0.093333
1 0.668667 0.678667 0.133333 0.132000
1 0.853667 0.618333 0.186000 0.172667
1 0.967000 0.662667 0.066000 0.094667
1 0.738333 0.748333 0.172667 0.146000
1 0.895000 0.774667 0.150000 0.154667
2 0.487333 0.808000 0.162667 0.170667
2 0.415000 0.880333 0.084667 0.079333
2 0.384667 0.946667 0.109333 0.104000
2 0.491000 0.948333 0.078000 0.082000
2 0.574333 0.942000 0.083333 0.072000
2 0.613333 0.818333 0.110667 0.183333
2 0.816000 0.854000 0.113333 0.098667
1 0.710333 0.846333 0.124667 0.114000
1 0.724333 0.931000 0.180667 0.111333
2 0.854000 0.935333 0.098667 0.105333
2 0.943333 0.927333 0.113333 0.112000
2 0.957667 0.553000 0.084667 0.107333
