3 0.078000 0.063667 0.070667 0.071333
2 0.151333 0.102000 0.104000 0.105333
2 0.069333 0.206667 0.106667 0.096000
2 0.253333 0.060000 0.105333 0.097333
1 0.341667 0.067000 0.076667 0.075333
2 0.286667 0.171333 0.161333 0.141333
2 0.189333 0.200333 0.097333 0.091333
2 0.156667 0.288000 0.101333 0.094667
2 0.078333 0.351000 0.108667 0.115333
2 0.249333 0.289333 0.082667 0.080000
2 0.352000 0.264333 0.097333 0.111333
2 0.468333 0.242000 0.151333 0.177333
2 0.506000 0.122333 0.069333 0.080667
2 0.594000 0.136667 0.100000 0.164000
2 0.696667 0.128000 0.097333 0.166667
2 0.857667 0.040000 0.127333 0.078667
1 0.803333 0.114000 0.128000 0.136000
1 0.925000 0.105333 0.087333 0.090667
1 0.883333 0.156000 0.068000 0.064000
1 0.903000 0.213000 0.084667 0.088667
1 0.798667 0.201667 0.090667 0.083333
1 0.824333 0.284333 0.170000 0.123333
1 0.741667 0.345000 0.098000 0.091333
1 0.648000 0.287333 0.144000 0.140000
2 0.126333 0.450333 0.112667 0.114000
2 0.237667 0.416333 0.126000 0.164667
2 0.375667 0.395667 0.163333 0.179333
1 0.402000 0.522000 0.133333 0.088000
2 0.527000 0.346333 0.139333 0.108667
2 0.518333 0.454333 0.115333 0.122000
1 0.634667 0.433000 0.112000 0.154000
1 0.880667 0.390000 0.132000 0.118667
1 0.965667 0.384333 0.068667 0.120667
1 0.735333 0.444333 0.102667 0.110000
1 0.829333 0.453000 0.109333 0.124667
1 0.696333 0.526000 0.111333 0.088000
1 0.844333 0.548667 0.148667 0.133333
1 0.946000 0.518667 0.070667 0.072000
1 0.931000 0.635667 0.119333 0.148667
1 0.835333 0.635667 0.074667 0.076667
1 0.739000 0.606667 0.104667 0.096000
1 0.619000 0.608667 0.155333 0.153333
2 0.694000 0.745000 0.136000 0.142000
2 0.823667 0.744667 0.131333 0.125333
1 0.550000 0.719667 0.152000 0.124667
1 0.471333 0.635000 0.128000 0.139333
2 0.351333 0.632333 0.132000 0.144667
2 0.088000 0.579667 0.064000 0.114000
2 0.200667 0.590667 0.166667 0.158667
1 0.171333 0.714667 0.128000 0.101333
2 0.292333 0.726000 0.119333 0.124000
2 0.587667 0.814333 0.107333 0.086000
2 0.623667 0.859333 0.092667 0.076000
2 0.591667 0.925333 0.076667 0.064000
2 0.724333 0.858667 0.114000 0.128000
2 0.724333 0.954333 0.119333 0.083333
2 0.802333 0.865000 0.055333 0.095333
2 0.886000 0.877333 0.137333 0.206667
2 0.974667 0.879333 0.050667 0.086667
2 0.152000 0.801667 0.192000 0.150000
2 0.144667 0.921333 0.165333 0.108000
2 0.305000 0.868667 0.150000 0.205333
2 0.438333 0.826667 0.158000 0.200000
2 0.041000 0.452333 0.080667 0.098000
2 0.061667 0.208333 0.099333 0.091333
2 0.030000 0.891333 0.058667 0.106667
2 0.042667 0.783667 0.084000 0.139333
2 0.961000 0.757333 0.078000 0.126667
2 0.544667 0.045000 0.093333 0.088667
