2 0.080000 0.090000 0.100000 0.090667
2 0.059667 0.181000 0.118000 0.119333
2 0.347000 0.071333 0.051333 0.044000
2 0.311000 0.120667 0.092667 0.070667
2 0.301000 0.204333 0.116667 0.114000
2 0.284667 0.309333 0.129333 0.109333
2 0.262000 0.383333 0.074667 0.068000
2 0.439000 0.037333 0.084667 0.070667
1 0.531333 0.065000 0.122667 0.126000
2 0.534667 0.154333 0.134667 0.086000
2 0.416667 0.129667 0.101333 0.114000
2 0.481667 0.233000 0.118000 0.115333
1 0.389667 0.235000 0.080667 0.080667
2 0.379667 0.330333 0.083333 0.090000
1 0.463667 0.322667 0.084667 0.080000
2 0.555667 0.267333 0.082000 0.097333
2 0.534667 0.346000 0.057333 0.061333
1 0.495000 0.423333 0.052667 0.060000
1 0.444667 0.395000 0.060000 0.052667
2 0.370000 0.421000 0.072000 0.078000
2 0.354333 0.496333 0.090000 0.086000
2 0.438333 0.472667 0.058000 0.058667
2 0.516000 0.497000 0.050667 0.038000
2 0.501667 0.536000 0.051333 0.034667
2 0.416000 0.549333 0.102667 0.100000
2 0.320333 0.586333 0.086000 0.075333
2 0.237333 0.559667 0.060000 0.054000
2 0.223000 0.644000 0.070000 0.065333
2 0.420333 0.633667 0.080667 0.080667
2 0.506333 0.591333 0.091333 0.078667
2 0.479333 0.679000 0.073333 0.087333
2 0.198333 0.729333 0.118000 0.100000
2 0.175000 0.799000 0.035333 0.027333
2 0.160667 0.897667 0.069333 0.060667
2 0.109333 0.940667 0.102667 0.080000
2 0.236667 0.932333 0.074667 0.080667
2 0.337333 0.923333 0.034667 0.034667
2 0.356333 0.858667 0.075333 0.058667
2 0.355667 0.786000 0.076667 0.073333
2 0.281333 0.751667 0.064000 0.058000
2 0.406000 0.802000 0.033333 0.033333
2 0.430667 0.838000 0.073333 0.066667
2 0.512667 0.842000 0.073333 0.080000
2 0.457667 0.763667 0.094000 0.084667
2 0.541667 0.746333 0.087333 0.114000
2 0.608333 0.774667 0.046000 0.042667
2 0.591667 0.812333 0.040667 0.040667
2 0.493000 0.924667 0.084667 0.085333
2 0.554667 0.951000 0.061333 0.079333
1 0.628000 0.680667 0.096000 0.102667
1 0.665333 0.602333 0.054667 0.054000
2 0.696333 0.665000 0.055333 0.087333
1 0.739000 0.658667 0.046000 0.056000
2 0.675667 0.845000 0.094000 0.086000
2 0.649333 0.935000 0.125333 0.108667
2 0.745333 0.942667 0.058667 0.073333
2 0.736667 0.842667 0.058667 0.078667
1 0.787000 0.871333 0.055333 0.102667
2 0.867333 0.926333 0.094667 0.082000
2 0.911333 0.836667 0.093333 0.133333
2 0.842333 0.782333 0.055333 0.091333
2 0.768333 0.762333 0.120667 0.120667
2 0.928000 0.734333 0.093333 0.082000
2 0.856333 0.686000 0.052667 0.070667
2 0.875000 0.631000 0.040667 0.042000
2 0.798667 0.669667 0.073333 0.080667
2 0.837333 0.597333 0.065333 0.069333
2 0.891667 0.548000 0.040667 0.034667
2 0.916000 0.501667 0.058667 0.052667
2 0.825000 0.534000 0.038000 0.036000
2 0.765333 0.499667 0.052000 0.046000
2 0.754333 0.576333 0.110000 0.112667
2 0.679333 0.521000 0.096000 0.086000
2 0.591667 0.494667 0.082000 0.072000
1 0.862667 0.454000 0.104000 0.104000
2 0.931333 0.436000 0.061333 0.060000
1 0.967000 0.347333 0.066000 0.066667
1 0.889000 0.362000 0.112667 0.093333
2 0.791000 0.418333 0.091333 0.094000
2 0.696000 0.433667 0.137333 0.130000
2 0.593667 0.407333 0.106000 0.082667
2 0.626667 0.330667 0.129333 0.097333
1 0.725667 0.339667 0.096667 0.084667
2 0.803667 0.337667 0.086000 0.083333
1 0.891667 0.359667 0.104667 0.087333
1 0.911000 0.265000 0.146000 0.115333
2 0.822000 0.256000 0.062667 0.053333
2 0.722333 0.255333 0.084667 0.088000
2 0.640667 0.237000 0.100000 0.090000
2 0.671667 0.167667 0.086000 0.071333
2 0.694667 0.086000 0.104000 0.096000
2 0.772333 0.130667 0.082000 0.064000
2 0.861667 0.083667 0.116667 0.116667
1 0.944000 0.110333 0.105333 0.116667
1 0.944667 0.197667 0.093333 0.078000
2 0.846333 0.180333 0.119333 0.095333
2 0.740333 0.191333 0.078000 0.065333
2 0.950333 0.977000 0.099333 0.046000
2 0.834333 0.962000 0.127333 0.076000
1 0.126333 0.033667 0.136667 0.066000
1 0.945667 0.043000 0.108667 0.060667
2 0.948333 0.645333 0.102000 0.126667
2 0.963000 0.922333 0.074000 0.094000
2 0.977000 0.832667 0.046000 0.108000
