2 0.094333 0.078000 0.115333 0.102667
2 0.025000 0.065000 0.046000 0.074000
2 0.229667 0.058667 0.144667 0.094667
1 0.074333 0.161333 0.124667 0.100000
1 0.069667 0.232333 0.076667 0.055333
1 0.063333 0.284667 0.072000 0.065333
2 0.055000 0.367000 0.088667 0.094000
2 0.100000 0.513000 0.078667 0.080667
2 0.060667 0.655333 0.072000 0.093333
2 0.041000 0.562333 0.080667 0.099333
1 0.062667 0.858667 0.124000 0.117333
1 0.071333 0.941667 0.102667 0.084667
2 0.184000 0.155000 0.108000 0.115333
1 0.155000 0.267000 0.139333 0.136667
1 0.134667 0.342667 0.062667 0.054667
2 0.111667 0.416333 0.091333 0.104667
1 0.214667 0.415667 0.144000 0.152667
2 0.187000 0.509333 0.088667 0.070667
1 0.155000 0.592000 0.139333 0.138667
2 0.146667 0.684000 0.108000 0.100000
2 0.108667 0.764333 0.132000 0.103333
1 0.155667 0.913667 0.051333 0.062000
2 0.205000 0.850333 0.088667 0.086000
2 0.232667 0.750333 0.141333 0.119333
2 0.261000 0.644333 0.107333 0.115333
1 0.251667 0.231000 0.087333 0.096667
2 0.286667 0.139333 0.102667 0.100000
2 0.399333 0.147000 0.053333 0.056667
1 0.352333 0.227667 0.119333 0.118000
1 0.313000 0.331667 0.119333 0.128667
2 0.414000 0.362000 0.132000 0.140000
1 0.376333 0.481000 0.123333 0.119333
1 0.340333 0.553667 0.151333 0.110000
2 0.266000 0.921333 0.072000 0.089333
2 0.362000 0.922667 0.141333 0.146667
2 0.364667 0.861333 0.080000 0.058667
2 0.374333 0.794667 0.136667 0.105333
2 0.397667 0.716000 0.086000 0.066667
1 0.420333 0.656000 0.124667 0.144000
1 0.526000 0.606000 0.102667 0.125333
2 0.518000 0.701333 0.076000 0.096000
2 0.499333 0.791333 0.097333 0.101333
1 0.457000 0.892333 0.056667 0.052667
1 0.476333 0.857333 0.046000 0.044000
2 0.451667 0.550333 0.051333 0.091333
2 0.477667 0.462000 0.090000 0.096000
2 0.501333 0.392667 0.073333 0.078667
1 0.501333 0.300333 0.126667 0.119333
1 0.448000 0.220000 0.080000 0.100000
2 0.505333 0.061667 0.070667 0.075333
2 0.584000 0.048333 0.086667 0.090000
2 0.666667 0.065000 0.073333 0.095333
2 0.755667 0.067000 0.087333 0.094000
2 0.828000 0.090000 0.062667 0.073333
2 0.547333 0.219000 0.109333 0.090000
2 0.562667 0.143000 0.142667 0.115333
2 0.721667 0.145000 0.108667 0.091333
2 0.894667 0.172000 0.104000 0.096000
2 0.721667 0.230333 0.088667 0.082000
2 0.801667 0.238000 0.082000 0.092000
2 0.878333 0.252333 0.042000 0.048667
2 0.954000 0.259000 0.092000 0.087333
2 0.598667 0.324000 0.090667 0.108000
2 0.691667 0.309333 0.110000 0.106667
2 0.789333 0.343333 0.102667 0.138667
2 0.852000 0.331000 0.038667 0.042000
2 0.929333 0.375333 0.132000 0.144000
2 0.842333 0.407333 0.050000 0.050667
1 0.674333 0.395000 0.116667 0.088667
2 0.573667 0.421333 0.102000 0.102667
2 0.613333 0.511000 0.174667 0.112667
1 0.679667 0.478333 0.111333 0.114000
2 0.748000 0.480333 0.053333 0.084667
2 0.831333 0.495333 0.138667 0.170667
2 0.919333 0.565667 0.104000 0.108667
2 0.812000 0.615667 0.102667 0.108667
2 0.882000 0.658667 0.106667 0.094667
2 0.944333 0.725333 0.090000 0.089333
1 0.729000 0.628000 0.120667 0.166667
1 0.637333 0.612333 0.126667 0.110000
2 0.620667 0.714333 0.126667 0.103333
2 0.709667 0.747000 0.112667 0.104667
2 0.595667 0.812333 0.110000 0.146000
2 0.684000 0.809000 0.094667 0.086000
2 0.665333 0.908333 0.118667 0.115333
2 0.551667 0.905333 0.115333 0.121333
2 0.804000 0.944667 0.132000 0.097333
2 0.903667 0.946333 0.083333 0.083333
2 0.931333 0.860000 0.077333 0.097333
2 0.835333 0.740000 0.133333 0.106667
2 0.828333 0.842000 0.152667 0.110667
2 0.035000 0.749333 0.063333 0.100000
2 0.033667 0.455333 0.066000 0.122667
2 0.405333 0.062333 0.140000 0.123333
2 0.862333 0.034667 0.119333 0.068000
2 0.942000 0.075000 0.116000 0.104667
