1 0.089000 0.826667 0.028667 0.033333
2 0.058333 0.915667 0.110000 0.139333
3 0.121667 0.722667 0.114000 0.102667
2 0.152333 0.630333 0.086000 0.084667
2 0.082000 0.631000 0.045333 0.058000
2 0.084333 0.558000 0.086000 0.078667
2 0.185667 0.535000 0.152667 0.116667
2 0.220667 0.461667 0.073333 0.055333
3 0.036333 0.469333 0.054000 0.065333
2 0.121667 0.464333 0.114000 0.103333
2 0.058333 0.393333 0.102000 0.092000
1 0.236000 0.405333 0.068000 0.062667
2 0.265000 0.322000 0.051333 0.062667
2 0.175667 0.334667 0.119333 0.137333
1 0.197000 0.249667 0.082000 0.059333
2 0.111333 0.241333 0.060000 0.062667
2 0.063000 0.192333 0.050000 0.047333
2 0.067333 0.311000 0.092000 0.076667
2 0.071000 0.100000 0.112667 0.132000
2 0.139000 0.149667 0.110000 0.102000
2 0.168000 0.073333 0.068000 0.062667
2 0.276333 0.037667 0.059333 0.050000
2 0.248333 0.083667 0.084667 0.080667
2 0.277667 0.174000 0.154000 0.144000
2 0.287000 0.265000 0.078000 0.059333
2 0.370667 0.112000 0.104000 0.104000
1 0.404000 0.042000 0.060000 0.058667
2 0.475000 0.068333 0.062000 0.055333
2 0.466000 0.125333 0.046667 0.046667
2 0.554333 0.058000 0.076667 0.114667
3 0.673000 0.079667 0.058000 0.060667
1 0.596667 0.112667 0.069333 0.066667
3 0.711000 0.123333 0.054000 0.073333
3 0.823000 0.059000 0.086000 0.083333
3 0.888333 0.073333 0.044667 0.057333
2 0.948667 0.125667 0.101333 0.086000
2 0.787000 0.144000 0.086000 0.098667
2 0.846000 0.215000 0.090667 0.079333
3 0.765000 0.219667 0.084667 0.075333
2 0.647333 0.167000 0.068000 0.060667
2 0.690333 0.221333 0.079333 0.089333
2 0.566000 0.164333 0.056000 0.036667
2 0.509667 0.140000 0.056667 0.052000
2 0.432667 0.161667 0.072000 0.058000
2 0.414667 0.224000 0.080000 0.082667
2 0.488333 0.198000 0.075333 0.068000
2 0.563333 0.199667 0.061333 0.054000
2 0.480000 0.260000 0.058667 0.066667
1 0.547333 0.278333 0.057333 0.052667
2 0.607667 0.247667 0.091333 0.096667
3 0.932667 0.202667 0.084000 0.093333
2 0.834667 0.295000 0.093333 0.078000
2 0.894000 0.274667 0.036000 0.048000
2 0.927333 0.277333 0.030667 0.042667
2 0.962333 0.329667 0.046000 0.052667
3 0.905667 0.330333 0.051333 0.056667
2 0.822333 0.363000 0.115333 0.083333
2 0.726333 0.312000 0.107333 0.098667
3 0.647000 0.303000 0.082000 0.078000
2 0.527333 0.323333 0.102667 0.078667
2 0.397333 0.311667 0.101333 0.080667
3 0.377667 0.377333 0.079333 0.060000
2 0.502000 0.387000 0.072000 0.076667
2 0.564000 0.399667 0.062667 0.071333
3 0.644333 0.394667 0.092667 0.100000
3 0.698667 0.415667 0.029333 0.036667
3 0.724000 0.384667 0.066667 0.068000
2 0.372333 0.433667 0.062000 0.058000
2 0.453333 0.423333 0.094667 0.098667
2 0.554667 0.456667 0.061333 0.048000
2 0.615333 0.471000 0.068000 0.055333
2 0.673667 0.464333 0.043333 0.036667
2 0.896667 0.434333 0.158667 0.120667
2 0.847000 0.497667 0.051333 0.047333
2 0.880667 0.575333 0.121333 0.094667
3 0.758333 0.481000 0.084667 0.072667
3 0.781333 0.528000 0.056000 0.041333
3 0.734000 0.558667 0.074667 0.066667
2 0.963000 0.621333 0.055333 0.064000
3 0.922667 0.892000 0.097333 0.094667
3 0.843333 0.926667 0.037333 0.030667
2 0.831000 0.845000 0.047333 0.047333
3 0.841667 0.767333 0.074000 0.066667
2 0.791000 0.620000 0.032667 0.030667
3 0.791000 0.654667 0.030000 0.028000
2 0.813333 0.684000 0.041333 0.036000
3 0.769333 0.712333 0.090667 0.076667
3 0.750667 0.769667 0.046667 0.044667
2 0.745000 0.827667 0.042000 0.043333
3 0.692333 0.969333 0.047333 0.040000
2 0.641000 0.909333 0.058000 0.057333
3 0.677000 0.808000 0.060667 0.068000
3 0.685333 0.723333 0.069333 0.081333
3 0.712667 0.652333 0.057333 0.056667
2 0.641667 0.532333 0.046000 0.047333
2 0.646333 0.608000 0.047333 0.060000
2 0.584000 0.554000 0.074667 0.093333
2 0.539667 0.495333 0.050000 0.040000
1 0.471333 0.499000 0.072000 0.060667
2 0.513000 0.555000 0.078000 0.082000
2 0.502667 0.608000 0.057333 0.054667
2 0.438333 0.581667 0.072667 0.076667
2 0.316000 0.528667 0.077333 0.073333
2 0.335333 0.475333 0.074667 0.058667
2 0.404000 0.489000 0.062667 0.052667
2 0.401333 0.526000 0.054667 0.037333
2 0.379667 0.571333 0.080667 0.064000
2 0.353667 0.630333 0.080667 0.054000
2 0.292333 0.649000 0.027333 0.027333
2 0.339667 0.663333 0.058000 0.037333
2 0.326667 0.699667 0.068000 0.059333
2 0.266000 0.709333 0.064000 0.060000
2 0.570667 0.643000 0.093333 0.079333
2 0.634667 0.681000 0.042667 0.052667
2 0.551333 0.943667 0.057333 0.055333
2 0.476333 0.972667 0.038000 0.033333
3 0.477667 0.937333 0.054000 0.042667
2 0.501333 0.863667 0.109333 0.107333
2 0.586000 0.875333 0.076000 0.105333
3 0.606333 0.773333 0.070000 0.081333
2 0.551667 0.717000 0.084667 0.075333
2 0.523667 0.776333 0.046000 0.051333
2 0.462667 0.709667 0.093333 0.087333
2 0.479333 0.658667 0.065333 0.058667
2 0.404000 0.713667 0.034667 0.038000
2 0.375000 0.769000 0.079333 0.079333
2 0.452333 0.790667 0.078000 0.082667
2 0.310667 0.761667 0.061333 0.058000
2 0.252333 0.761667 0.055333 0.050000
2 0.230000 0.815667 0.056000 0.066000
2 0.286667 0.836000 0.074667 0.098667
2 0.356333 0.843333 0.058000 0.072000
2 0.207000 0.888667 0.064667 0.078667
2 0.203667 0.951667 0.044667 0.052667
2 0.259667 0.927000 0.071333 0.083333
2 0.329000 0.925667 0.079333 0.080667
2 0.400000 0.934000 0.042667 0.036000
0 0.714667 0.908000 0.045333 0.029333
0 0.746000 0.936667 0.097333 0.069333
0 0.215000 0.683333 0.066000 0.082667
0 0.041333 0.722333 0.058667 0.068667
0 0.694000 0.505000 0.064000 0.047333
0 0.762000 0.427667 0.036000 0.040667
0 0.954333 0.387667 0.056667 0.054000
3 0.625667 0.969000 0.083333 0.062000
3 0.316333 0.973333 0.063333 0.052000
2 0.022000 0.522333 0.042667 0.058000
2 0.032333 0.260000 0.058000 0.088000
2 0.492667 0.021667 0.080000 0.042000
3 0.621333 0.029000 0.065333 0.056667
3 0.903000 0.016667 0.059333 0.030667
3 0.973000 0.265333 0.054000 0.058667
2 0.957667 0.762000 0.084667 0.084000
