2 0.085000 0.049667 0.020667 0.020667
2 0.040667 0.195333 0.033333 0.046667
2 0.114333 0.163667 0.076667 0.068667
2 0.161667 0.115000 0.034000 0.036667
2 0.226333 0.125333 0.086000 0.078667
2 0.191000 0.158667 0.076667 0.072000
2 0.093333 0.233667 0.105333 0.087333
2 0.161333 0.266667 0.073333 0.058667
3 0.076333 0.291667 0.056667 0.046000
1 0.122333 0.326000 0.050000 0.050667
1 0.140000 0.311000 0.028000 0.031333
3 0.045000 0.388000 0.087333 0.082667
2 0.107000 0.412000 0.068667 0.066667
1 0.181333 0.421333 0.042667 0.046667
2 0.158333 0.482667 0.067333 0.058667
3 0.385000 0.094000 0.062000 0.086667
3 0.447667 0.135000 0.043333 0.038000
3 0.458333 0.092000 0.054000 0.048000
3 0.507000 0.031000 0.040667 0.050000
3 0.510667 0.078667 0.053333 0.049333
3 0.514000 0.126667 0.101333 0.060000
3 0.476333 0.177000 0.063333 0.052667
3 0.421000 0.169000 0.058000 0.056667
3 0.365667 0.176000 0.058000 0.056000
3 0.404667 0.224333 0.053333 0.052667
3 0.458667 0.223000 0.041333 0.052667
3 0.580000 0.176000 0.064000 0.073333
2 0.590000 0.089333 0.029333 0.029333
2 0.616333 0.077667 0.035333 0.039333
2 0.613667 0.026667 0.054000 0.052000
2 0.736333 0.056667 0.063333 0.054667
2 0.740000 0.131333 0.058667 0.086667
2 0.666333 0.114000 0.092667 0.080000
3 0.644333 0.204333 0.086000 0.092667
2 0.724333 0.216000 0.087333 0.093333
2 0.806333 0.193667 0.067333 0.047333
3 0.801667 0.237667 0.066000 0.038000
3 0.789667 0.268667 0.071333 0.052000
2 0.553000 0.247667 0.064667 0.051333
3 0.404667 0.275667 0.069333 0.052667
3 0.418000 0.315333 0.042667 0.046667
2 0.467333 0.288333 0.066667 0.083333
2 0.513000 0.330333 0.080667 0.100667
2 0.593667 0.361000 0.103333 0.116667
2 0.629333 0.294333 0.070667 0.056667
2 0.681000 0.336333 0.064667 0.062000
2 0.673333 0.396333 0.053333 0.047333
2 0.592667 0.425667 0.041333 0.035333
1 0.642667 0.466333 0.057333 0.055333
1 0.478667 0.402667 0.037333 0.034667
1 0.465667 0.440667 0.019333 0.030667
2 0.769000 0.346667 0.074000 0.056000
2 0.757333 0.428000 0.110667 0.108000
3 0.816667 0.445333 0.030667 0.037333
2 0.516000 0.476333 0.076000 0.064667
2 0.366000 0.438000 0.062667 0.061333
2 0.302000 0.440333 0.057333 0.064667
2 0.337667 0.476333 0.052667 0.042000
3 0.349000 0.346000 0.064667 0.070667
2 0.310667 0.256333 0.084000 0.086000
2 0.282000 0.202000 0.074667 0.065333
2 0.713000 0.506667 0.072667 0.090667
2 0.787000 0.535667 0.079333 0.084667
2 0.088000 0.568333 0.074667 0.059333
2 0.265333 0.510333 0.080000 0.075333
1 0.424000 0.518333 0.038667 0.043333
2 0.506000 0.547667 0.132000 0.099333
2 0.446333 0.597000 0.051333 0.040667
2 0.575333 0.547667 0.036000 0.042000
2 0.552000 0.578333 0.053333 0.048667
2 0.638000 0.564667 0.101333 0.104000
3 0.740667 0.633667 0.076000 0.076667
2 0.801667 0.634000 0.043333 0.046667
2 0.785667 0.724000 0.088667 0.105333
2 0.638333 0.657667 0.034000 0.032667
2 0.685667 0.713000 0.096667 0.111333
2 0.694667 0.780000 0.042667 0.038667
3 0.732000 0.820000 0.057333 0.058667
3 0.797667 0.808000 0.076667 0.061333
3 0.789000 0.862333 0.059333 0.060667
2 0.780333 0.918000 0.044667 0.041333
2 0.685667 0.930333 0.111333 0.132667
3 0.630667 0.858000 0.053333 0.056000
3 0.518667 0.872333 0.064000 0.068667
3 0.480667 0.798333 0.066667 0.063333
1 0.530000 0.813333 0.038667 0.040000
3 0.447333 0.865000 0.053333 0.067333
2 0.426333 0.936333 0.094000 0.099333
2 0.582667 0.904000 0.068000 0.086667
2 0.568333 0.728333 0.046000 0.062000
2 0.549667 0.771333 0.039333 0.050667
2 0.543000 0.612000 0.027333 0.024000
2 0.518333 0.651000 0.078000 0.078000
3 0.497333 0.707667 0.054667 0.043333
2 0.437667 0.702000 0.044667 0.048000
1 0.446333 0.666667 0.020667 0.018667
2 0.449000 0.635333 0.052667 0.040000
2 0.408000 0.774000 0.062667 0.058667
2 0.351000 0.576667 0.048667 0.045333
3 0.342333 0.624000 0.063333 0.053333
2 0.037333 0.670000 0.068000 0.072000
1 0.030000 0.737000 0.037333 0.043333
2 0.107333 0.681667 0.054667 0.064667
3 0.162667 0.691333 0.049333 0.065333
3 0.201667 0.704333 0.048667 0.067333
2 0.205000 0.762000 0.054000 0.045333
2 0.297333 0.756333 0.090667 0.091333
3 0.353667 0.779667 0.043333 0.048667
3 0.105000 0.817667 0.034000 0.032667
2 0.167667 0.809667 0.075333 0.079333
2 0.066000 0.895667 0.037333 0.030000
2 0.135667 0.895667 0.091333 0.102000
2 0.251333 0.861333 0.105333 0.096000
1 0.313000 0.909333 0.050000 0.045333
2 0.223333 0.950667 0.045333 0.040000
3 0.119667 0.972000 0.054000 0.050667
3 0.139667 0.735333 0.059333 0.044000
2 0.908000 0.959667 0.032000 0.036667
3 0.895667 0.913333 0.055333 0.052000
3 0.844000 0.888000 0.049333 0.045333
2 0.886667 0.828333 0.030667 0.030000
2 0.853000 0.786667 0.054000 0.050667
2 0.850667 0.738667 0.049333 0.046667
2 0.874333 0.670000 0.096667 0.106667
2 0.951667 0.705333 0.082000 0.116000
3 0.905333 0.766333 0.057333 0.064667
2 0.970667 0.592000 0.045333 0.066667
2 0.923333 0.580333 0.049333 0.060667
2 0.910333 0.448333 0.139333 0.112667
2 0.843333 0.368667 0.072000 0.084000
2 0.945333 0.357000 0.102667 0.083333
3 0.857667 0.290667 0.051333 0.066667
2 0.826000 0.133667 0.101333 0.087333
3 0.880667 0.206667 0.045333 0.060000
2 0.919000 0.155333 0.086000 0.101333
3 0.972333 0.189000 0.052667 0.067333
2 0.865333 0.043333 0.140000 0.085333
3 0.971333 0.972667 0.037333 0.032000
0 0.793333 0.967667 0.096000 0.064667
0 0.084667 0.771667 0.065333 0.067333
0 0.609000 0.765333 0.047333 0.050667
0 0.252333 0.687333 0.072667 0.070667
0 0.374667 0.665000 0.072000 0.068667
0 0.764667 0.593000 0.038667 0.028667
0 0.701333 0.608667 0.034667 0.046667
0 0.282333 0.587333 0.075333 0.053333
0 0.188000 0.592000 0.088000 0.072000
0 0.050667 0.508000 0.100000 0.126667
0 0.242667 0.437000 0.077333 0.071333
0 0.581667 0.453000 0.066000 0.059333
0 0.862333 0.526667 0.079333 0.068000
0 0.420667 0.420667 0.034667 0.036000
0 0.253000 0.347333 0.051333 0.057333
0 0.939333 0.281333 0.102667 0.080000
0 0.193667 0.218000 0.078000 0.058667
0 0.318000 0.150333 0.052000 0.042000
0 0.327000 0.112333 0.051333 0.038000
0 0.033000 0.037000 0.062000 0.070000
2 0.490333 0.964667 0.084667 0.070667
2 0.026333 0.843667 0.051333 0.064667
2 0.026667 0.789000 0.052000 0.075333
3 0.550333 0.048333 0.066000 0.059333
2 0.719333 0.027000 0.105333 0.052667
2 0.972667 0.505667 0.054667 0.096667
