2 0.184000 0.113667 0.097333 0.098000
3 0.121000 0.170667 0.086000 0.088000
3 0.062667 0.254333 0.041333 0.052667
3 0.126000 0.258667 0.100000 0.096000
3 0.210000 0.217333 0.066667 0.090667
3 0.271000 0.216333 0.060667 0.059333
2 0.310333 0.077000 0.084667 0.094000
2 0.450333 0.107000 0.094000 0.110000
3 0.562667 0.047000 0.109333 0.091333
3 0.556000 0.133667 0.096000 0.103333
3 0.649000 0.081000 0.072667 0.092667
3 0.396667 0.200667 0.046667 0.045333
2 0.475667 0.223333 0.110000 0.121333
2 0.476667 0.304667 0.026667 0.042667
2 0.539000 0.314000 0.091333 0.112000
3 0.210000 0.763000 0.082667 0.082000
3 0.220333 0.674333 0.079333 0.076667
3 0.133000 0.816667 0.074000 0.090667
3 0.916000 0.131333 0.060000 0.069333
3 0.900333 0.058000 0.106000 0.093333
3 0.199333 0.040000 0.034667 0.033333
0 0.358333 0.873000 0.263333 0.254000
0 0.654667 0.853333 0.416000 0.286667
0 0.369000 0.652000 0.208667 0.201333
0 0.562333 0.685333 0.234000 0.229333
0 0.090000 0.632000 0.178667 0.256000
0 0.062667 0.909000 0.124000 0.182000
0 0.088667 0.429000 0.174667 0.212667
0 0.192667 0.511333 0.076000 0.065333
0 0.254667 0.495333 0.077333 0.097333
0 0.351000 0.523667 0.072667 0.054000
0 0.870000 0.661333 0.260000 0.253333
0 0.455333 0.447667 0.049333 0.055333
0 0.743333 0.422000 0.316000 0.268000
0 0.947667 0.363333 0.104667 0.246667
0 0.359000 0.335000 0.200667 0.223333
0 0.467667 0.499667 0.055333 0.066000
0 0.780333 0.190000 0.356667 0.265333
3 0.100000 0.046333 0.121333 0.091333
