1 0.883000 0.093000 0.098000 0.084667
1 0.872333 0.170333 0.114000 0.083333
1 0.852667 0.240000 0.101333 0.068000
1 0.856000 0.295000 0.058667 0.039333
1 0.836000 0.349333 0.098667 0.074667
2 0.824000 0.441000 0.086667 0.091333
1 0.912667 0.463000 0.102667 0.114000
1 0.931000 0.365000 0.096667 0.087333
1 0.920667 0.301333 0.073333 0.054667
2 0.938000 0.237000 0.077333 0.086000
2 0.970000 0.112667 0.058667 0.065333
1 0.661000 0.894667 0.112667 0.101333
2 0.688667 0.800000 0.106667 0.106667
2 0.711333 0.707667 0.102667 0.108667
1 0.753667 0.924667 0.090000 0.098667
2 0.827333 0.943667 0.073333 0.080667
1 0.847667 0.863000 0.075333 0.086000
1 0.858667 0.781667 0.077333 0.082000
2 0.786667 0.769667 0.097333 0.087333
1 0.770667 0.840333 0.076000 0.074000
1 0.789667 0.684000 0.084667 0.089333
2 0.881333 0.687000 0.101333 0.114000
1 0.938333 0.787333 0.087333 0.093333
1 0.918667 0.863000 0.072000 0.078000
2 0.922667 0.948667 0.102667 0.098667
0 0.394667 0.066667 0.044000 0.036000
0 0.035000 0.023667 0.044667 0.046000
0 0.074000 0.069333 0.040000 0.041333
2 0.967000 0.054667 0.064667 0.061333
1 0.978000 0.882667 0.044000 0.082667
