2 0.062667 0.064333 0.077333 0.066000
2 0.083333 0.183667 0.049333 0.070000
2 0.330000 0.079000 0.053333 0.046000
2 0.318333 0.116667 0.055333 0.057333
3 0.136667 0.199333 0.041333 0.053333
3 0.175000 0.198667 0.048667 0.050667
3 0.106667 0.231000 0.044000 0.048667
2 0.136333 0.287000 0.095333 0.072667
2 0.181000 0.251333 0.058000 0.053333
2 0.083667 0.320667 0.042000 0.038667
2 0.041667 0.401000 0.039333 0.032667
2 0.109333 0.386000 0.101333 0.102667
2 0.224667 0.355000 0.112000 0.099333
2 0.272333 0.250667 0.094000 0.089333
2 0.330667 0.283333 0.048000 0.056000
1 0.387667 0.281667 0.062000 0.056667
1 0.300000 0.374667 0.029333 0.033333
2 0.292667 0.416667 0.048000 0.044000
2 0.201000 0.453667 0.040667 0.035333
3 0.097667 0.473333 0.067333 0.050667
2 0.397000 0.020333 0.030000 0.032667
2 0.422000 0.099333 0.048000 0.033333
2 0.425333 0.140667 0.054667 0.050667
2 0.422667 0.175000 0.021333 0.018000
2 0.411667 0.211333 0.046000 0.052000
3 0.468333 0.202333 0.060667 0.067333
2 0.499000 0.156667 0.079333 0.093333
2 0.519000 0.115667 0.027333 0.026000
2 0.525333 0.076333 0.053333 0.052667
2 0.551667 0.051667 0.031333 0.030000
2 0.613333 0.069667 0.093333 0.100667
2 0.623333 0.166333 0.034667 0.036667
2 0.764667 0.036000 0.068000 0.069333
2 0.820333 0.064333 0.039333 0.039333
2 0.785000 0.131000 0.036667 0.036667
3 0.719333 0.129667 0.084000 0.063333
2 0.757333 0.206333 0.100000 0.118000
2 0.665667 0.214000 0.104667 0.094667
2 0.828000 0.238667 0.041333 0.046667
2 0.711333 0.326000 0.069333 0.070667
3 0.780000 0.308000 0.060000 0.050667
3 0.772000 0.356667 0.056000 0.053333
3 0.823667 0.388333 0.051333 0.052667
2 0.754333 0.409000 0.056667 0.048667
2 0.667000 0.422667 0.116667 0.126667
3 0.607000 0.360000 0.051333 0.045333
2 0.547667 0.229333 0.050000 0.054667
2 0.529333 0.277333 0.048000 0.054667
3 0.455333 0.301000 0.060000 0.072667
1 0.505667 0.321000 0.039333 0.032667
3 0.499000 0.367333 0.087333 0.062667
3 0.421333 0.359333 0.052000 0.042667
2 0.409000 0.413333 0.079333 0.069333
2 0.466667 0.459000 0.061333 0.064667
2 0.562000 0.408000 0.057333 0.060000
3 0.081667 0.547333 0.054000 0.046667
2 0.168000 0.611667 0.025333 0.020667
2 0.169000 0.544333 0.039333 0.038000
2 0.243667 0.566333 0.099333 0.123333
3 0.273667 0.498333 0.046000 0.047333
2 0.317333 0.483000 0.032000 0.028667
2 0.344667 0.588000 0.105333 0.128000
3 0.383333 0.500667 0.057333 0.060000
3 0.437000 0.555333 0.078000 0.076000
2 0.638000 0.521333 0.050667 0.062667
3 0.519000 0.559333 0.056667 0.057333
2 0.551000 0.496667 0.116667 0.121333
2 0.718333 0.537667 0.098000 0.083333
1 0.794000 0.500667 0.045333 0.049333
2 0.708667 0.619000 0.102667 0.083333
3 0.800333 0.588000 0.066000 0.064000
2 0.843667 0.632333 0.030000 0.032667
2 0.818000 0.656333 0.029333 0.036667
3 0.591333 0.648333 0.070667 0.064667
3 0.494667 0.622333 0.050667 0.043333
2 0.231667 0.682333 0.090000 0.080667
3 0.025667 0.719667 0.048667 0.054000
2 0.021000 0.773333 0.040667 0.048000
3 0.117333 0.737667 0.076000 0.066000
2 0.308667 0.701667 0.065333 0.086000
2 0.396667 0.682667 0.086667 0.094667
2 0.480333 0.698333 0.070000 0.102000
2 0.566333 0.694000 0.083333 0.080000
2 0.746333 0.726667 0.104667 0.089333
2 0.711667 0.803000 0.115333 0.098000
2 0.814333 0.828000 0.084667 0.082667
2 0.778000 0.898333 0.086667 0.084667
3 0.689333 0.881000 0.098667 0.072667
3 0.680000 0.955667 0.098667 0.086000
3 0.596000 0.953667 0.057333 0.092667
3 0.618667 0.817000 0.037333 0.046000
1 0.608333 0.862333 0.032667 0.039333
2 0.557333 0.786333 0.109333 0.098000
2 0.526333 0.891000 0.104667 0.110000
3 0.457333 0.788667 0.082667 0.074667
3 0.435333 0.882000 0.042667 0.052000
2 0.064000 0.918667 0.032000 0.026667
1 0.055667 0.941667 0.046000 0.031333
1 0.404333 0.919333 0.048667 0.056000
2 0.322667 0.896333 0.089333 0.075333
3 0.341333 0.839000 0.049333 0.048667
2 0.366000 0.783667 0.086667 0.088667
2 0.273667 0.801667 0.096667 0.107333
2 0.258000 0.870667 0.038667 0.037333
2 0.242667 0.922333 0.080000 0.072667
3 0.074667 0.859333 0.056000 0.056000
1 0.090667 0.797333 0.044000 0.040000
2 0.150667 0.879333 0.088000 0.102667
3 0.179667 0.819667 0.039333 0.046000
3 0.139667 0.950667 0.035333 0.026667
3 0.783667 0.662333 0.042000 0.051333
2 0.885667 0.836000 0.080667 0.120000
2 0.956667 0.834667 0.086667 0.121333
3 0.962667 0.715333 0.065333 0.070667
2 0.907667 0.684000 0.083333 0.069333
3 0.904667 0.610667 0.077333 0.072000
2 0.887000 0.472667 0.034000 0.036000
3 0.874000 0.424667 0.050667 0.054667
1 0.835667 0.429333 0.035333 0.042667
1 0.971667 0.387667 0.027333 0.030000
2 0.866333 0.341333 0.032667 0.030667
2 0.830333 0.289667 0.051333 0.051333
2 0.885667 0.287333 0.048667 0.060000
2 0.922000 0.191333 0.094667 0.109333
2 0.847667 0.154333 0.098000 0.114000
2 0.892667 0.075667 0.050667 0.070000
2 0.947000 0.100667 0.051333 0.056000
2 0.826333 0.733333 0.067333 0.089333
0 0.406667 0.920000 0.056000 0.056000
0 0.633667 0.756667 0.032667 0.036000
0 0.166000 0.668333 0.061333 0.064667
0 0.073000 0.609667 0.106000 0.080667
0 0.447667 0.609000 0.042000 0.036667
0 0.765667 0.462667 0.060667 0.065333
0 0.585667 0.261667 0.058000 0.060667
0 0.063000 0.273333 0.067333 0.069333
0 0.231667 0.177000 0.059333 0.055333
0 0.351000 0.154333 0.064667 0.075333
0 0.148667 0.146000 0.033333 0.026667
0 0.130333 0.071333 0.034000 0.029333
0 0.165333 0.100667 0.093333 0.069333
0 0.258000 0.079000 0.066667 0.064667
0 0.387667 0.047000 0.046000 0.042000
0 0.829667 0.028000 0.067333 0.054667
2 0.819667 0.969000 0.094000 0.062000
2 0.287000 0.967667 0.108667 0.064667
3 0.198667 0.972000 0.084000 0.056000
2 0.025667 0.168000 0.050000 0.088000
2 0.239667 0.026333 0.080667 0.051333
2 0.475667 0.044667 0.143333 0.088000
2 0.967333 0.339000 0.065333 0.064667
