2 0.044000 0.442000 0.061333 0.061333
2 0.106667 0.418667 0.034667 0.036000
2 0.177000 0.380333 0.050000 0.043333
3 0.223667 0.386333 0.023333 0.022000
2 0.161667 0.422667 0.044667 0.041333
3 0.138667 0.463333 0.068000 0.062667
3 0.203333 0.469000 0.064000 0.079333
2 0.280000 0.442667 0.033333 0.040000
2 0.339000 0.431000 0.040667 0.044667
3 0.274333 0.512333 0.114000 0.084667
2 0.181000 0.551667 0.083333 0.088667
2 0.097000 0.542000 0.084667 0.105333
2 0.468000 0.476333 0.068000 0.054000
2 0.544000 0.488000 0.072000 0.066667
3 0.642000 0.482667 0.068000 0.066667
3 0.611333 0.540000 0.062667 0.062667
3 0.530333 0.562333 0.082000 0.087333
3 0.454000 0.536667 0.070667 0.066667
3 0.383333 0.590667 0.065333 0.064000
3 0.296667 0.594000 0.066667 0.076000
3 0.204667 0.641333 0.072000 0.073333
3 0.107667 0.672667 0.111333 0.097333
3 0.081333 0.771333 0.094667 0.094667
3 0.190333 0.745667 0.062000 0.079333
3 0.170667 0.811333 0.065333 0.066667
2 0.274333 0.793333 0.034000 0.041333
2 0.132667 0.903667 0.058667 0.054000
3 0.143667 0.850333 0.075333 0.058000
3 0.201333 0.931000 0.054667 0.075333
3 0.223000 0.859667 0.075333 0.084667
3 0.318667 0.848333 0.058667 0.064667
3 0.295667 0.922000 0.082000 0.096000
3 0.372333 0.905333 0.071333 0.104000
3 0.335000 0.767667 0.082000 0.079333
3 0.273667 0.675000 0.079333 0.084667
3 0.360333 0.672000 0.072667 0.093333
3 0.435000 0.676667 0.082000 0.094667
3 0.417667 0.756667 0.052667 0.062667
3 0.394000 0.827000 0.069333 0.078000
3 0.448000 0.903333 0.080000 0.069333
3 0.514333 0.942000 0.052667 0.080000
3 0.469333 0.822000 0.073333 0.104000
3 0.494333 0.738000 0.074000 0.089333
3 0.519667 0.647667 0.082000 0.091333
3 0.598667 0.655333 0.062667 0.088000
2 0.569333 0.758000 0.076000 0.106667
2 0.535667 0.826667 0.052667 0.066667
2 0.600667 0.862333 0.072000 0.084667
3 0.646000 0.735333 0.073333 0.066667
2 0.658333 0.668333 0.023333 0.024667
3 0.729333 0.656667 0.093333 0.081333
2 0.716000 0.738667 0.049333 0.054667
3 0.816667 0.704667 0.093333 0.092000
3 0.891000 0.687000 0.055333 0.048667
2 0.889667 0.624000 0.044667 0.041333
2 0.968000 0.653667 0.054667 0.056667
3 0.938333 0.800333 0.080667 0.088667
3 0.752333 0.876000 0.096667 0.101333
3 0.669333 0.892000 0.082667 0.104000
3 0.780000 0.805333 0.122667 0.101333
3 0.866667 0.847000 0.068000 0.090000
3 0.939667 0.897667 0.088667 0.096667
3 0.839000 0.925333 0.087333 0.080000
3 0.904000 0.971000 0.065333 0.055333
2 0.298333 0.405333 0.038000 0.026667
2 0.219667 0.426000 0.018000 0.021333
0 0.684333 0.381000 0.158000 0.142000
0 0.943000 0.502667 0.114000 0.209333
0 0.824333 0.520667 0.187333 0.184000
0 0.292333 0.350000 0.059333 0.078667
0 0.797333 0.384667 0.109333 0.138667
0 0.927000 0.336333 0.114000 0.099333
0 0.470333 0.330667 0.115333 0.117333
0 0.369333 0.348000 0.144000 0.122667
0 0.071000 0.253000 0.140667 0.154000
0 0.179333 0.220667 0.096000 0.085333
0 0.255667 0.230667 0.064667 0.057333
0 0.355000 0.238333 0.127333 0.091333
0 0.446000 0.224333 0.093333 0.086000
0 0.694000 0.231333 0.221333 0.165333
0 0.872667 0.228333 0.142667 0.139333
0 0.062667 0.123667 0.124000 0.126000
0 0.199000 0.298000 0.091333 0.088000
0 0.206000 0.105000 0.161333 0.155333
0 0.330000 0.149000 0.112000 0.111333
0 0.444667 0.133000 0.129333 0.104667
0 0.549000 0.157667 0.120667 0.103333
0 0.642667 0.066667 0.138667 0.128000
0 0.883333 0.113333 0.105333 0.089333
0 0.801333 0.066333 0.200000 0.123333
0 0.386333 0.049667 0.199333 0.096667
3 0.968000 0.970333 0.062667 0.059333
2 0.798000 0.981000 0.065333 0.038000
