2 0.061000 0.043667 0.112667 0.083333
2 0.157667 0.079333 0.119333 0.097333
2 0.168667 0.156667 0.094667 0.078667
1 0.073667 0.127667 0.090000 0.076667
1 0.059667 0.197000 0.107333 0.074000
2 0.166667 0.234333 0.126667 0.115333
1 0.064000 0.281667 0.106667 0.095333
1 0.116667 0.373333 0.068000 0.070667
2 0.108333 0.483000 0.120667 0.095333
2 0.070000 0.566333 0.102667 0.068667
2 0.409667 0.214333 0.079333 0.096667
1 0.468000 0.222000 0.042667 0.065333
1 0.518000 0.224667 0.068000 0.101333
2 0.568000 0.252667 0.042667 0.073333
2 0.617333 0.256000 0.061333 0.092000
1 0.689000 0.271667 0.087333 0.118000
2 0.766667 0.279667 0.073333 0.088667
1 0.778000 0.321000 0.060000 0.047333
2 0.856333 0.317000 0.072667 0.078000
1 0.914667 0.322667 0.064000 0.097333
1 0.953333 0.356000 0.066667 0.080000
1 0.389667 0.302000 0.114000 0.097333
2 0.357667 0.388667 0.106000 0.088000
2 0.354000 0.447667 0.065333 0.039333
2 0.455000 0.403000 0.088667 0.075333
1 0.476333 0.320000 0.082000 0.092000
1 0.545333 0.315667 0.064000 0.075333
2 0.616667 0.343000 0.096000 0.084667
2 0.608333 0.413333 0.074000 0.068000
1 0.529667 0.374000 0.052667 0.041333
2 0.533333 0.434333 0.070667 0.062000
2 0.425000 0.488000 0.115333 0.105333
2 0.514667 0.517000 0.133333 0.122000
2 0.333333 0.522667 0.065333 0.064000
2 0.302667 0.576667 0.104000 0.089333
2 0.400000 0.595000 0.096000 0.111333
2 0.511000 0.611667 0.123333 0.080667
2 0.278000 0.661667 0.132000 0.116667
2 0.278667 0.767667 0.130667 0.115333
2 0.373000 0.699667 0.096667 0.110000
2 0.469000 0.690000 0.116667 0.090667
2 0.543000 0.726000 0.082000 0.088000
2 0.522333 0.790000 0.059333 0.057333
2 0.451333 0.770000 0.078667 0.069333
2 0.432000 0.831667 0.057333 0.051333
2 0.484667 0.861667 0.057333 0.058000
2 0.356333 0.872000 0.072667 0.068000
2 0.428333 0.911000 0.050000 0.056667
2 0.506333 0.934000 0.039333 0.030667
2 0.504667 0.959333 0.030667 0.024000
2 0.344333 0.953667 0.084667 0.076667
2 0.740333 0.389000 0.079333 0.080667
1 0.801333 0.383667 0.054667 0.072667
1 0.868000 0.405333 0.088000 0.129333
1 0.938667 0.406000 0.062667 0.056000
1 0.957667 0.453667 0.083333 0.056667
1 0.943667 0.506667 0.106000 0.076000
1 0.928667 0.570000 0.092000 0.100000
2 0.841000 0.536333 0.108667 0.122000
2 0.753000 0.582667 0.084667 0.066667
2 0.703667 0.461000 0.080667 0.079333
2 0.676000 0.542000 0.102667 0.089333
2 0.655000 0.618333 0.083333 0.075333
2 0.727667 0.647667 0.079333 0.070000
2 0.825667 0.648333 0.119333 0.102000
1 0.925667 0.653333 0.088667 0.074667
1 0.883333 0.718333 0.160000 0.106000
2 0.972333 0.731667 0.054000 0.064667
2 0.950667 0.803333 0.077333 0.072000
2 0.868000 0.813333 0.124000 0.101333
1 0.791000 0.781000 0.083333 0.091333
2 0.708333 0.715667 0.082000 0.072667
2 0.626333 0.700333 0.090000 0.091333
2 0.613667 0.791333 0.112667 0.096000
2 0.777667 0.867667 0.079333 0.071333
1 0.714667 0.796333 0.094667 0.091333
2 0.582667 0.867667 0.105333 0.071333
2 0.582667 0.940000 0.080000 0.060000
2 0.666667 0.958667 0.088000 0.072000
2 0.682667 0.894667 0.130667 0.130667
2 0.761000 0.934333 0.046000 0.043333
2 0.816000 0.962000 0.038667 0.032000
2 0.884667 0.972000 0.045333 0.034667
2 0.906333 0.932333 0.047333 0.042000
2 0.918000 0.874667 0.062667 0.052000
1 0.850667 0.894000 0.077333 0.093333
2 0.796333 0.444333 0.047333 0.043333
2 0.256333 0.849000 0.074000 0.060667
2 0.050667 0.652667 0.097333 0.090667
2 0.980000 0.660667 0.040000 0.057333
2 0.041000 0.732667 0.080667 0.117333
2 0.035333 0.444333 0.069333 0.099333
2 0.043000 0.363000 0.084667 0.094000
