2 0.219333 0.044000 0.060000 0.057333
2 0.308333 0.065667 0.087333 0.080667
2 0.403667 0.035333 0.088667 0.069333
2 0.492333 0.056667 0.103333 0.101333
1 0.401000 0.115667 0.080667 0.088667
2 0.461333 0.156333 0.073333 0.082000
2 0.198667 0.122667 0.057333 0.056000
2 0.175667 0.208000 0.114000 0.098667
2 0.256333 0.235333 0.063333 0.061333
2 0.154667 0.280333 0.028000 0.026000
2 0.340333 0.264000 0.062000 0.069333
2 0.342667 0.344000 0.069333 0.068000
2 0.407667 0.301667 0.080667 0.088667
2 0.441000 0.236667 0.096667 0.092000
2 0.529000 0.230000 0.083333 0.129333
1 0.612000 0.166000 0.102667 0.100000
1 0.646667 0.092333 0.056000 0.050000
2 0.699333 0.150333 0.089333 0.086000
2 0.590333 0.263667 0.043333 0.046000
2 0.494667 0.322667 0.070667 0.077333
2 0.320667 0.414000 0.034667 0.030667
2 0.142667 0.381667 0.069333 0.054000
2 0.217667 0.419000 0.080667 0.082000
2 0.088667 0.412333 0.104000 0.059333
2 0.117333 0.474000 0.110667 0.077333
2 0.107000 0.554667 0.064667 0.074667
2 0.196667 0.497667 0.066667 0.063333
2 0.259000 0.534333 0.080667 0.084667
3 0.301333 0.458667 0.037333 0.038667
2 0.369333 0.492000 0.073333 0.064000
2 0.357000 0.566333 0.120667 0.102000
2 0.245000 0.626000 0.088667 0.093333
2 0.320333 0.659667 0.091333 0.082000
2 0.413667 0.639333 0.087333 0.086667
1 0.390667 0.708000 0.033333 0.029333
2 0.377000 0.778000 0.039333 0.036000
2 0.530333 0.734333 0.054000 0.046000
2 0.438667 0.796333 0.062667 0.050000
1 0.434000 0.836333 0.028000 0.022000
2 0.065333 0.688000 0.042667 0.038667
2 0.148000 0.664333 0.110667 0.114000
2 0.226333 0.704667 0.082000 0.064000
2 0.202333 0.761667 0.080667 0.052667
2 0.115333 0.748667 0.068000 0.066667
2 0.039667 0.750000 0.072667 0.068000
2 0.071000 0.835333 0.090000 0.100000
2 0.025667 0.875333 0.050000 0.072000
2 0.071000 0.921333 0.054000 0.058667
2 0.130000 0.944000 0.077333 0.076000
2 0.162000 0.883667 0.066667 0.047333
2 0.166667 0.813000 0.104000 0.091333
2 0.339000 0.867667 0.082000 0.074000
2 0.307000 0.756000 0.092667 0.086667
1 0.241000 0.867000 0.067333 0.063333
1 0.270333 0.813333 0.111333 0.096000
2 0.228333 0.942333 0.086000 0.083333
2 0.474333 0.406000 0.088667 0.074667
2 0.531333 0.428667 0.058667 0.073333
2 0.457000 0.485667 0.087333 0.084667
3 0.527333 0.501000 0.069333 0.059333
2 0.493667 0.599667 0.088667 0.084667
2 0.656333 0.313000 0.080667 0.080667
2 0.880667 0.034667 0.037333 0.037333
2 0.811000 0.018333 0.040667 0.027333
2 0.818667 0.074000 0.074667 0.082667
2 0.728667 0.057333 0.094667 0.100000
2 0.867333 0.113000 0.033333 0.042000
1 0.784000 0.159333 0.074667 0.090667
1 0.841667 0.160667 0.064667 0.076000
2 0.917000 0.202333 0.084667 0.082000
2 0.944667 0.109000 0.110667 0.095333
2 0.631333 0.401000 0.122667 0.090000
2 0.618667 0.486333 0.105333 0.091333
2 0.700000 0.500333 0.060000 0.080667
2 0.596333 0.570000 0.086000 0.066667
2 0.467667 0.932333 0.047333 0.036667
2 0.494333 0.881667 0.087333 0.059333
2 0.523667 0.820667 0.059333 0.062667
2 0.544333 0.935667 0.074000 0.087333
2 0.595333 0.825667 0.058667 0.050000
2 0.614667 0.974000 0.056000 0.049333
2 0.605667 0.935667 0.040667 0.040667
2 0.634667 0.898333 0.057333 0.062000
2 0.670000 0.825333 0.066667 0.061333
2 0.694667 0.874000 0.060000 0.053333
2 0.768000 0.886667 0.088000 0.130667
3 0.887000 0.928333 0.058000 0.047333
2 0.924333 0.847000 0.060667 0.059333
2 0.853000 0.830000 0.079333 0.098667
2 0.951000 0.786667 0.080667 0.069333
2 0.887333 0.738000 0.106667 0.102667
2 0.802667 0.712333 0.098667 0.076667
2 0.706000 0.747667 0.100000 0.078000
2 0.611333 0.759000 0.098667 0.080667
2 0.637667 0.681000 0.084667 0.083333
2 0.711000 0.662333 0.092667 0.092667
2 0.914333 0.659667 0.052667 0.051333
1 0.853333 0.626333 0.105333 0.112667
2 0.767000 0.597000 0.118000 0.112667
2 0.961333 0.568667 0.077333 0.092000
2 0.888333 0.547000 0.127333 0.123333
2 0.791000 0.505333 0.111333 0.088000
2 0.730000 0.418333 0.069333 0.072667
2 0.820000 0.431667 0.130667 0.090000
2 0.947667 0.456667 0.086000 0.073333
2 0.850000 0.384333 0.106667 0.074000
1 0.951667 0.389667 0.096667 0.098000
1 0.724333 0.327333 0.060667 0.065333
1 0.770667 0.352333 0.062667 0.074000
2 0.749333 0.236000 0.133333 0.129333
1 0.831000 0.254333 0.050000 0.083333
1 0.890333 0.259333 0.068667 0.045333
1 0.892667 0.315000 0.100000 0.090000
0 0.384333 0.914667 0.042000 0.050667
0 0.411000 0.877000 0.066000 0.050000
0 0.559333 0.669000 0.069333 0.063333
0 0.124667 0.326000 0.076000 0.064000
0 0.601333 0.033667 0.057333 0.064667
2 0.956000 0.962667 0.088000 0.070667
2 0.799333 0.976333 0.102667 0.046000
2 0.691333 0.970333 0.093333 0.059333
2 0.971333 0.305000 0.057333 0.076667
2 0.966667 0.702333 0.066667 0.119333
2 0.977000 0.888667 0.046000 0.084000
