3 0.026333 0.056667 0.038000 0.034667
2 0.020333 0.133667 0.039333 0.055333
2 0.092000 0.172667 0.034667 0.038667
2 0.054333 0.223333 0.048667 0.042667
2 0.037000 0.297667 0.050000 0.036667
3 0.233667 0.095667 0.051333 0.059333
2 0.457667 0.086667 0.080667 0.072000
2 0.273667 0.049667 0.035333 0.038000
2 0.332000 0.055333 0.096000 0.104000
2 0.290333 0.135000 0.074000 0.055333
2 0.166667 0.245000 0.134667 0.124667
2 0.423000 0.167000 0.036667 0.039333
2 0.492333 0.204000 0.060667 0.068000
2 0.470000 0.281667 0.064000 0.062000
2 0.443000 0.356000 0.090000 0.080000
2 0.330667 0.220667 0.078667 0.070667
3 0.306333 0.285000 0.055333 0.044667
2 0.290333 0.338000 0.040667 0.033333
2 0.189667 0.356667 0.083333 0.073333
2 0.256333 0.412667 0.036667 0.030667
2 0.156333 0.429000 0.111333 0.082000
2 0.083333 0.415667 0.040000 0.034000
2 0.125667 0.511333 0.050000 0.041333
2 0.223667 0.468667 0.084667 0.066667
2 0.090333 0.589667 0.120667 0.082000
2 0.048000 0.667667 0.080000 0.059333
2 0.048000 0.475333 0.092000 0.122667
3 0.062667 0.903333 0.068000 0.038667
2 0.152667 0.947667 0.057333 0.050000
2 0.168667 0.842667 0.038667 0.045333
2 0.251667 0.805667 0.084667 0.080667
2 0.197333 0.749667 0.093333 0.115333
2 0.118000 0.743000 0.062667 0.048667
2 0.150000 0.670333 0.076000 0.076667
2 0.239667 0.671333 0.050000 0.056000
2 0.316000 0.674667 0.113333 0.106667
2 0.383333 0.766333 0.060000 0.046000
3 0.429000 0.617667 0.046000 0.038000
2 0.589000 0.635667 0.038000 0.040667
1 0.580667 0.802333 0.042667 0.056667
2 0.532000 0.625667 0.060000 0.047333
3 0.481333 0.704667 0.061333 0.061333
1 0.255000 0.594333 0.050000 0.056667
2 0.276000 0.518333 0.064000 0.058000
2 0.375000 0.497000 0.076667 0.076667
2 0.345000 0.583000 0.144667 0.138000
2 0.618667 0.099667 0.074667 0.071333
2 0.657333 0.038000 0.066667 0.064000
2 0.596000 0.181667 0.029333 0.031333
2 0.568000 0.269000 0.057333 0.051333
2 0.633333 0.292333 0.054667 0.052667
2 0.714333 0.333000 0.050000 0.043333
2 0.501333 0.440667 0.078667 0.074667
2 0.591000 0.433000 0.091333 0.076667
2 0.678333 0.235000 0.124667 0.111333
2 0.694333 0.138000 0.079333 0.077333
3 0.793000 0.108000 0.040667 0.045333
2 0.817333 0.144000 0.041333 0.037333
2 0.901333 0.117333 0.034667 0.036000
2 0.957000 0.170667 0.076667 0.070667
2 0.859000 0.181667 0.096667 0.074000
2 0.837333 0.247000 0.104000 0.092667
2 0.939667 0.255667 0.088667 0.086000
2 0.905333 0.335333 0.070667 0.069333
2 0.904333 0.432333 0.118000 0.108667
2 0.797000 0.392667 0.087333 0.070667
2 0.809667 0.319333 0.118000 0.096000
2 0.751667 0.439667 0.115333 0.082000
2 0.842333 0.489000 0.094000 0.080667
2 0.670667 0.473000 0.073333 0.051333
3 0.651333 0.508000 0.057333 0.042667
3 0.630333 0.563333 0.079333 0.068000
2 0.750667 0.521000 0.094667 0.086000
2 0.857000 0.550333 0.095333 0.063333
3 0.880333 0.619667 0.084667 0.075333
2 0.719000 0.598333 0.047333 0.038000
2 0.759000 0.577333 0.030000 0.037333
2 0.859667 0.708333 0.056667 0.048667
2 0.953667 0.747667 0.080667 0.072667
2 0.698667 0.686333 0.096000 0.088667
2 0.784000 0.738000 0.100000 0.105333
2 0.640333 0.758000 0.040667 0.052000
2 0.683000 0.877000 0.050000 0.052667
2 0.680667 0.957333 0.040000 0.044000
2 0.801667 0.915000 0.084667 0.068667
2 0.871000 0.794000 0.076667 0.070667
2 0.770667 0.814667 0.101333 0.068000
2 0.862667 0.847667 0.040000 0.042000
2 0.692333 0.769667 0.050000 0.050000
2 0.960667 0.899000 0.066667 0.078000
2 0.909000 0.939000 0.116667 0.122000
0 0.222667 0.949667 0.049333 0.050000
0 0.369667 0.900000 0.068667 0.062667
0 0.069667 0.842333 0.054000 0.070000
0 0.318667 0.853000 0.072000 0.062000
0 0.266000 0.730667 0.057333 0.053333
0 0.093000 0.687333 0.030000 0.026667
0 0.200667 0.575333 0.066667 0.061333
0 0.548667 0.566667 0.037333 0.034667
0 0.520000 0.516667 0.037333 0.029333
0 0.368667 0.433333 0.036000 0.032000
0 0.429667 0.440667 0.063333 0.066667
0 0.124667 0.347333 0.045333 0.045333
0 0.243000 0.158333 0.036667 0.036667
0 0.379333 0.115333 0.065333 0.065333
0 0.105333 0.110333 0.078667 0.076667
0 0.561333 0.059000 0.054667 0.047333
0 0.847333 0.067333 0.046667 0.060000
0 0.963667 0.064333 0.050000 0.039333
0 0.941333 0.036667 0.033333 0.038667
2 0.977333 0.568000 0.045333 0.069333
