3 0.168333 0.875333 0.059333 0.065333
3 0.200333 0.806667 0.044667 0.061333
3 0.276333 0.819667 0.063333 0.060667
3 0.315667 0.849667 0.039333 0.044667
3 0.150667 0.957333 0.076000 0.085333
2 0.315333 0.910333 0.037333 0.040667
3 0.329667 0.935333 0.048667 0.037333
3 0.394333 0.844667 0.106000 0.094667
3 0.386667 0.926667 0.058667 0.069333
3 0.484000 0.947333 0.034667 0.044000
3 0.512000 0.917333 0.064000 0.078667
3 0.485667 0.833000 0.067333 0.084667
3 0.539000 0.822000 0.046000 0.069333
3 0.624333 0.808667 0.092667 0.104000
3 0.720000 0.836000 0.100000 0.113333
3 0.620333 0.917333 0.104667 0.126667
3 0.720000 0.945000 0.089333 0.091333
3 0.818333 0.827000 0.067333 0.080667
3 0.807000 0.956333 0.059333 0.059333
3 0.859667 0.919333 0.044667 0.052000
3 0.881000 0.676667 0.030000 0.026667
3 0.817333 0.718667 0.020000 0.026667
0 0.210667 0.896333 0.065333 0.056667
0 0.776667 0.892333 0.032000 0.028667
0 0.889667 0.808667 0.034000 0.032000
0 0.734000 0.683667 0.177333 0.148667
0 0.797667 0.603667 0.119333 0.110000
0 0.902667 0.533333 0.194667 0.262667
0 0.714000 0.591000 0.077333 0.064667
0 0.589333 0.651000 0.118667 0.103333
0 0.479667 0.706000 0.120667 0.112000
0 0.390000 0.667000 0.089333 0.084667
0 0.286000 0.625333 0.201333 0.180000
0 0.073000 0.619333 0.144667 0.168000
0 0.093333 0.771000 0.185333 0.216667
0 0.068000 0.462667 0.134667 0.130667
0 0.281000 0.460333 0.100667 0.143333
0 0.368333 0.474333 0.116667 0.139333
0 0.444667 0.513333 0.112000 0.094667
0 0.459667 0.594000 0.111333 0.096000
0 0.606667 0.504333 0.216000 0.208667
0 0.771667 0.462000 0.150000 0.153333
0 0.623667 0.393333 0.119333 0.106667
0 0.510000 0.361667 0.097333 0.090000
0 0.487667 0.451000 0.140667 0.102000
0 0.171000 0.371333 0.182000 0.169333
0 0.320333 0.340667 0.122000 0.114667
0 0.383667 0.278000 0.111333 0.113333
0 0.436333 0.345667 0.086000 0.092667
0 0.945667 0.321333 0.108667 0.184000
0 0.867333 0.323000 0.134667 0.143333
0 0.763000 0.288333 0.116667 0.172667
0 0.681333 0.284333 0.112000 0.171333
0 0.587333 0.268333 0.094667 0.115333
0 0.505667 0.232333 0.111333 0.131333
0 0.239333 0.207000 0.168000 0.155333
0 0.126000 0.131333 0.173333 0.182667
0 0.355667 0.094667 0.196667 0.188000
0 0.470667 0.061333 0.136000 0.121333
0 0.567333 0.139667 0.144000 0.135333
0 0.741333 0.076333 0.136000 0.150000
0 0.884333 0.073333 0.151333 0.133333
0 0.837333 0.190000 0.192000 0.160000
0 0.253667 0.753333 0.032667 0.038667
3 0.969667 0.756333 0.059333 0.094000
3 0.962000 0.856667 0.076000 0.114667
3 0.061000 0.938000 0.103333 0.124000
