1 0.130667 0.156667 0.070667 0.137333
1 0.187333 0.210333 0.060000 0.078000
1 0.240000 0.192333 0.065333 0.080667
1 0.060333 0.300333 0.094000 0.088667
2 0.052667 0.246667 0.040000 0.037333
2 0.087333 0.231000 0.037333 0.036667
1 0.130000 0.317667 0.089333 0.107333
1 0.056333 0.540000 0.103333 0.090667
1 0.057000 0.628667 0.102000 0.098667
2 0.353333 0.223333 0.158667 0.178667
2 0.241667 0.295667 0.128667 0.140667
1 0.198000 0.358000 0.053333 0.060000
1 0.266000 0.396000 0.102667 0.061333
1 0.191667 0.426000 0.079333 0.068000
1 0.170000 0.488000 0.133333 0.161333
1 0.148000 0.587333 0.086667 0.070667
1 0.137333 0.667667 0.098667 0.095333
1 0.227333 0.709667 0.097333 0.087333
1 0.235333 0.606667 0.108000 0.124000
1 0.227000 0.471333 0.055333 0.064000
1 0.289667 0.460667 0.086000 0.068000
1 0.367667 0.359667 0.114000 0.115333
2 0.487000 0.269000 0.188667 0.187333
1 0.564667 0.353333 0.113333 0.092000
1 0.531000 0.412333 0.080667 0.048667
1 0.427667 0.407333 0.115333 0.082667
1 0.525667 0.455333 0.088667 0.073333
1 0.485000 0.498333 0.087333 0.098000
1 0.313333 0.517333 0.077333 0.069333
1 0.391000 0.500333 0.116667 0.116667
1 0.307667 0.588000 0.070000 0.072000
1 0.377000 0.601333 0.086000 0.098667
1 0.439000 0.599000 0.059333 0.067333
1 0.338667 0.674667 0.101333 0.088000
1 0.416333 0.703000 0.083333 0.086000
2 0.302000 0.746000 0.044000 0.036000
1 0.124000 0.758000 0.100000 0.081333
1 0.062667 0.964333 0.097333 0.071333
1 0.141000 0.863333 0.134000 0.098667
2 0.170667 0.944000 0.065333 0.053333
1 0.255333 0.806667 0.098667 0.085333
1 0.245333 0.901000 0.097333 0.110000
1 0.367333 0.789333 0.100000 0.102667
1 0.311000 0.855000 0.090000 0.084667
1 0.316667 0.937000 0.096000 0.087333
1 0.396667 0.887333 0.089333 0.098667
2 0.441667 0.819667 0.092667 0.091333
1 0.648667 0.374000 0.052000 0.053333
1 0.609000 0.453000 0.050000 0.047333
1 0.704000 0.403333 0.170667 0.141333
1 0.812333 0.427333 0.118000 0.106667
1 0.742000 0.501667 0.132000 0.108667
1 0.563333 0.538333 0.108000 0.084667
1 0.526333 0.588000 0.046000 0.044000
1 0.486333 0.635667 0.110000 0.115333
1 0.487333 0.740000 0.098667 0.098667
1 0.920333 0.564000 0.119333 0.100000
1 0.666667 0.553333 0.112000 0.097333
1 0.798000 0.558000 0.089333 0.081333
1 0.872333 0.507333 0.095333 0.097333
1 0.860667 0.615000 0.061333 0.064667
1 0.958000 0.652333 0.084000 0.151333
1 0.892333 0.676667 0.078000 0.077333
1 0.793000 0.643667 0.115333 0.122000
1 0.595333 0.645333 0.133333 0.134667
1 0.694000 0.673333 0.097333 0.118667
1 0.936667 0.773333 0.102667 0.096000
1 0.843000 0.780000 0.107333 0.129333
1 0.769333 0.729667 0.101333 0.127333
1 0.915333 0.886667 0.148000 0.136000
1 0.806000 0.888333 0.102667 0.118000
1 0.718000 0.881667 0.090667 0.098000
2 0.752000 0.814333 0.056000 0.052667
1 0.670333 0.775667 0.114000 0.114000
1 0.563333 0.765667 0.128000 0.130000
1 0.623667 0.863000 0.118000 0.108667
1 0.619000 0.955667 0.162000 0.088667
1 0.501000 0.903333 0.147333 0.138667
1 0.072333 0.136000 0.054000 0.088000
0 0.037000 0.738000 0.048667 0.045333
1 0.239333 0.969333 0.106667 0.061333
1 0.953333 0.973000 0.080000 0.054000
