2 0.072333 0.116333 0.128667 0.102000
3 0.107667 0.226667 0.063333 0.064000
2 0.158333 0.184333 0.048667 0.046000
2 0.141000 0.313000 0.103333 0.088667
2 0.064000 0.286667 0.060000 0.058667
2 0.032000 0.324000 0.057333 0.058667
3 0.198000 0.043000 0.044000 0.051333
2 0.199333 0.149000 0.074667 0.070000
2 0.271333 0.103333 0.094667 0.097333
3 0.395000 0.036667 0.050000 0.064000
3 0.339000 0.098333 0.040667 0.043333
2 0.307667 0.181667 0.100667 0.102000
2 0.222667 0.245667 0.100000 0.107333
2 0.289333 0.308000 0.136000 0.124000
2 0.386667 0.298000 0.058667 0.068000
2 0.422667 0.225333 0.064000 0.066667
2 0.495333 0.197667 0.066667 0.083333
2 0.459667 0.115000 0.140667 0.112667
2 0.573667 0.044333 0.082000 0.087333
2 0.559000 0.143333 0.052667 0.069333
3 0.567333 0.257333 0.038667 0.061333
3 0.679667 0.156333 0.055333 0.051333
2 0.885667 0.090667 0.088667 0.128000
2 0.925667 0.202333 0.024667 0.026000
2 0.745000 0.081000 0.114000 0.150000
2 0.651333 0.090000 0.068000 0.098667
2 0.447333 0.349000 0.029333 0.032667
2 0.484000 0.413000 0.044000 0.050000
2 0.536333 0.437667 0.043333 0.044667
2 0.578667 0.374000 0.041333 0.038667
2 0.614667 0.481000 0.046667 0.052667
2 0.611667 0.533000 0.055333 0.051333
2 0.680000 0.567000 0.038667 0.042000
2 0.809667 0.240000 0.059333 0.068000
2 0.780667 0.306000 0.054667 0.064000
2 0.754667 0.382333 0.072000 0.091333
2 0.727667 0.451667 0.046000 0.042000
3 0.850667 0.377000 0.097333 0.086000
2 0.925667 0.454667 0.086000 0.094667
2 0.811333 0.454000 0.070667 0.070667
3 0.868333 0.549000 0.087333 0.086000
2 0.943000 0.575333 0.071333 0.077333
2 0.759667 0.596333 0.084667 0.083333
2 0.738667 0.660000 0.101333 0.064000
2 0.611667 0.711000 0.055333 0.056667
2 0.604000 0.776000 0.032000 0.037333
2 0.710333 0.719333 0.078000 0.073333
2 0.775667 0.719667 0.050000 0.047333
2 0.803333 0.793667 0.072000 0.083333
2 0.862667 0.805667 0.073333 0.114000
2 0.927667 0.945333 0.131333 0.109333
2 0.955333 0.813667 0.089333 0.130000
2 0.576000 0.920667 0.069333 0.090667
2 0.669667 0.915667 0.090000 0.108667
3 0.425667 0.928000 0.106000 0.130667
2 0.332667 0.908667 0.092000 0.130667
2 0.236000 0.899667 0.093333 0.126000
2 0.158333 0.855333 0.095333 0.137333
2 0.080000 0.872000 0.089333 0.104000
2 0.120333 0.546333 0.050000 0.055333
2 0.071667 0.459000 0.075333 0.047333
2 0.141000 0.653000 0.111333 0.122000
2 0.210333 0.693667 0.091333 0.119333
2 0.292333 0.627667 0.063333 0.056667
2 0.277333 0.687667 0.097333 0.080667
2 0.277000 0.780333 0.106000 0.090000
2 0.361000 0.748333 0.074000 0.098000
2 0.425667 0.793667 0.096667 0.116667
2 0.468667 0.687333 0.130667 0.132000
2 0.519333 0.787333 0.090667 0.106667
0 0.133000 0.728000 0.054000 0.048000
0 0.975333 0.672667 0.049333 0.068000
0 0.830333 0.661000 0.067333 0.047333
0 0.060667 0.637667 0.048000 0.054000
0 0.238667 0.586333 0.069333 0.067333
0 0.361333 0.660333 0.032000 0.050000
0 0.556333 0.715000 0.058000 0.054000
0 0.654333 0.657333 0.076667 0.073333
0 0.587000 0.661000 0.068667 0.047333
0 0.532333 0.646667 0.059333 0.054667
0 0.071333 0.585667 0.044000 0.048667
0 0.038667 0.532333 0.026667 0.032667
0 0.171333 0.543000 0.061333 0.080667
0 0.375667 0.572333 0.056667 0.078000
0 0.438333 0.588333 0.083333 0.080667
0 0.530000 0.538667 0.030667 0.036000
0 0.574000 0.582333 0.030667 0.031333
0 0.605333 0.600333 0.038667 0.038000
0 0.685000 0.493333 0.043333 0.046667
0 0.251667 0.488333 0.068667 0.054000
0 0.298667 0.525667 0.065333 0.054000
0 0.741667 0.503000 0.062000 0.059333
0 0.160333 0.454333 0.070000 0.074000
0 0.201333 0.396667 0.076000 0.073333
0 0.278333 0.410333 0.052667 0.064667
0 0.319000 0.384333 0.058000 0.052667
0 0.341667 0.434333 0.036667 0.032667
0 0.441333 0.472667 0.038667 0.045333
0 0.565333 0.474000 0.037333 0.037333
0 0.662000 0.416333 0.030667 0.050000
0 0.933000 0.367000 0.062000 0.064667
0 0.632333 0.357333 0.031333 0.030667
0 0.327000 0.258667 0.048667 0.048000
0 0.654333 0.300667 0.059333 0.050667
0 0.710333 0.251000 0.084667 0.080667
0 0.897333 0.282667 0.057333 0.064000
0 0.953333 0.297333 0.061333 0.061333
0 0.887000 0.195667 0.056667 0.052667
0 0.815667 0.182667 0.068667 0.070667
0 0.604667 0.204000 0.062667 0.062667
0 0.128000 0.051333 0.032000 0.026667
0 0.916000 0.155667 0.033333 0.035333
0 0.946333 0.173333 0.043333 0.034667
0 0.975667 0.156333 0.031333 0.036667
2 0.020000 0.890667 0.038667 0.092000
2 0.029333 0.392000 0.056000 0.070667
2 0.030000 0.205333 0.056000 0.080000
2 0.490000 0.031333 0.105333 0.058667
2 0.974667 0.094667 0.050667 0.064000
2 0.046333 0.740333 0.091333 0.160667
