3 0.089667 0.096000 0.062000 0.062667
3 0.083667 0.170333 0.058000 0.059333
3 0.022000 0.286000 0.028000 0.028000
3 0.210000 0.021333 0.033333 0.038667
3 0.233333 0.205333 0.068000 0.052000
3 0.213333 0.267333 0.078667 0.069333
3 0.207667 0.306333 0.051333 0.038000
3 0.316333 0.208667 0.039333 0.037333
3 0.325667 0.280667 0.052667 0.058667
3 0.376667 0.257000 0.074667 0.060667
3 0.281667 0.309667 0.055333 0.050000
3 0.060333 0.303667 0.039333 0.030000
3 0.080000 0.368000 0.100000 0.108000
3 0.172667 0.376000 0.098667 0.118667
3 0.253000 0.391000 0.054000 0.050000
3 0.156333 0.465000 0.082000 0.063333
3 0.071333 0.455000 0.036000 0.031333
3 0.063000 0.482333 0.046000 0.035333
3 0.250333 0.461000 0.060667 0.064667
3 0.334333 0.427667 0.106000 0.154000
3 0.357667 0.337333 0.066000 0.057333
3 0.378667 0.299000 0.024000 0.023333
2 0.431000 0.160000 0.044667 0.050667
2 0.447333 0.107333 0.057333 0.057333
2 0.470000 0.065333 0.032000 0.029333
2 0.541667 0.055000 0.055333 0.051333
3 0.530667 0.133333 0.062667 0.062667
2 0.612000 0.108000 0.058667 0.062667
2 0.627667 0.036333 0.015333 0.024667
2 0.651667 0.074333 0.018000 0.019333
2 0.686667 0.091333 0.038667 0.042667
2 0.755333 0.124000 0.034667 0.032000
2 0.741000 0.169333 0.039333 0.045333
3 0.712667 0.240000 0.133333 0.133333
3 0.680667 0.323333 0.066667 0.052000
3 0.600000 0.359667 0.038667 0.034000
3 0.667333 0.391333 0.068000 0.069333
3 0.488333 0.225000 0.096667 0.088667
2 0.570000 0.245333 0.044000 0.033333
3 0.558667 0.281667 0.058667 0.047333
3 0.533667 0.319000 0.042000 0.035333
3 0.456000 0.289333 0.094667 0.062667
3 0.453667 0.384333 0.152667 0.116667
3 0.414000 0.460000 0.066667 0.044000
2 0.572667 0.423667 0.038667 0.036667
3 0.631333 0.476333 0.068000 0.058000
3 0.709667 0.511000 0.060667 0.064667
3 0.561333 0.499667 0.065333 0.082000
3 0.420333 0.510667 0.048667 0.044000
3 0.485000 0.495667 0.088667 0.104667
3 0.137667 0.510333 0.066000 0.039333
3 0.038000 0.584667 0.046667 0.040000
2 0.115667 0.574333 0.112667 0.119333
3 0.214333 0.590000 0.090000 0.108000
2 0.305667 0.572667 0.100667 0.112000
3 0.288667 0.660667 0.034667 0.038667
3 0.393333 0.569333 0.073333 0.102667
3 0.359000 0.629333 0.054000 0.036000
2 0.349667 0.677667 0.111333 0.074000
3 0.444333 0.743667 0.128667 0.128667
3 0.527667 0.672000 0.076667 0.097333
3 0.601667 0.645000 0.066000 0.064667
3 0.671333 0.619333 0.061333 0.065333
3 0.737333 0.645000 0.041333 0.047333
3 0.654000 0.693333 0.046667 0.041333
3 0.695000 0.695000 0.015333 0.011333
3 0.710333 0.719667 0.063333 0.039333
3 0.634667 0.745000 0.073333 0.062000
3 0.621667 0.837000 0.068667 0.082000
3 0.535667 0.786000 0.096667 0.089333
3 0.487667 0.864000 0.104667 0.105333
2 0.080333 0.689667 0.104667 0.103333
2 0.193333 0.709333 0.124000 0.129333
2 0.068667 0.803333 0.132000 0.114667
3 0.054667 0.870667 0.048000 0.033333
3 0.160000 0.875667 0.134667 0.163333
2 0.317000 0.813000 0.186000 0.175333
2 0.307667 0.937333 0.100667 0.108000
3 0.205667 0.942667 0.096667 0.109333
3 0.375667 0.934333 0.044667 0.084667
3 0.438667 0.934000 0.085333 0.096000
3 0.405000 0.877667 0.050000 0.046000
3 0.580667 0.945333 0.033333 0.048000
3 0.596000 0.897667 0.032000 0.027333
3 0.748667 0.920667 0.069333 0.068000
3 0.899667 0.911667 0.062000 0.050000
3 0.732000 0.813667 0.162667 0.143333
3 0.880667 0.781333 0.082667 0.066667
3 0.808000 0.708000 0.117333 0.084000
2 0.887000 0.730333 0.039333 0.031333
2 0.922667 0.649667 0.026667 0.040667
2 0.927667 0.601667 0.039333 0.042000
3 0.822333 0.632667 0.066000 0.060000
3 0.847000 0.548000 0.068667 0.073333
2 0.979333 0.670667 0.041333 0.062667
3 0.796333 0.448333 0.042000 0.043333
3 0.880333 0.461000 0.094000 0.063333
3 0.967667 0.414000 0.060667 0.049333
2 0.896333 0.412333 0.042000 0.040667
3 0.910333 0.368333 0.039333 0.040667
3 0.924333 0.315667 0.018000 0.020667
3 0.838667 0.299000 0.018667 0.018000
2 0.965667 0.206000 0.046000 0.038667
3 0.576667 0.183667 0.068000 0.059333
3 0.470333 0.594000 0.084667 0.093333
3 0.544667 0.575333 0.061333 0.069333
0 0.962000 0.855333 0.069333 0.076000
0 0.946667 0.656333 0.034667 0.044667
0 0.986667 0.540667 0.026667 0.029333
0 0.237333 0.521667 0.046667 0.048667
0 0.316000 0.508667 0.048000 0.041333
0 0.128667 0.282333 0.042667 0.042000
0 0.254000 0.154667 0.053333 0.050667
0 0.208000 0.091000 0.056000 0.048667
0 0.293333 0.058333 0.050667 0.042000
0 0.307667 0.020667 0.056667 0.040000
3 0.656333 0.950333 0.110000 0.099333
3 0.053333 0.189000 0.105333 0.139333
3 0.044667 0.077667 0.088000 0.106000
