2 0.939667 0.880333 0.060667 0.062000
2 0.854667 0.917333 0.066667 0.069333
2 0.785667 0.950333 0.086000 0.091333
2 0.703333 0.888000 0.092000 0.094667
2 0.687667 0.961667 0.054000 0.058000
1 0.630000 0.892667 0.025333 0.024000
3 0.621333 0.962333 0.066667 0.074000
2 0.575000 0.887333 0.064667 0.098667
3 0.616667 0.710667 0.062667 0.073333
3 0.589000 0.767333 0.059333 0.066667
2 0.443000 0.709333 0.071333 0.068000
2 0.517000 0.711000 0.082000 0.082000
2 0.500333 0.793000 0.084667 0.084667
2 0.428000 0.768333 0.062667 0.058000
2 0.489667 0.876000 0.094000 0.104000
2 0.463667 0.960667 0.070000 0.078667
3 0.392333 0.976000 0.052667 0.042667
2 0.407000 0.908000 0.064667 0.088000
2 0.341667 0.909333 0.062000 0.093333
2 0.359000 0.808000 0.072667 0.088000
2 0.270000 0.827333 0.066667 0.076000
2 0.257000 0.911667 0.084667 0.088667
2 0.184667 0.853000 0.078667 0.091333
2 0.073667 0.771667 0.076667 0.112667
2 0.084667 0.906000 0.109333 0.105333
2 0.146667 0.765667 0.077333 0.086000
3 0.242000 0.726667 0.101333 0.102667
2 0.304333 0.727333 0.023333 0.034667
2 0.251333 0.655333 0.029333 0.034667
2 0.316000 0.649667 0.046667 0.048667
2 0.109333 0.683667 0.064000 0.075333
2 0.084667 0.633667 0.042667 0.039333
2 0.136333 0.637667 0.043333 0.044667
2 0.148000 0.595667 0.044000 0.040667
2 0.027000 0.658000 0.052667 0.057333
2 0.200667 0.599667 0.033333 0.040667
0 0.933000 0.753000 0.134000 0.190000
0 0.792000 0.768333 0.185333 0.186000
0 0.904333 0.587000 0.131333 0.092667
0 0.768333 0.633000 0.139333 0.135333
0 0.645000 0.624333 0.147333 0.127333
0 0.446333 0.561000 0.146000 0.139333
0 0.322333 0.569667 0.118000 0.124667
0 0.146667 0.455333 0.092000 0.074667
0 0.173333 0.523333 0.081333 0.072000
0 0.225000 0.449333 0.068667 0.074667
0 0.326000 0.480000 0.125333 0.102667
0 0.424667 0.468333 0.072000 0.062000
0 0.833667 0.481333 0.126000 0.113333
0 0.838000 0.386000 0.144000 0.125333
0 0.952333 0.321333 0.095333 0.090667
0 0.668000 0.494333 0.197333 0.135333
0 0.945667 0.519000 0.108667 0.132667
0 0.939333 0.398667 0.112000 0.129333
0 0.057667 0.488667 0.114000 0.154667
0 0.258000 0.502667 0.042667 0.046667
0 0.188667 0.341333 0.152000 0.158667
0 0.298000 0.390000 0.092000 0.100000
0 0.416333 0.391667 0.151333 0.154000
0 0.531333 0.401667 0.112000 0.120667
0 0.643000 0.398333 0.107333 0.100667
0 0.732000 0.250333 0.209333 0.152667
0 0.615667 0.308333 0.132667 0.120667
0 0.357000 0.277000 0.190000 0.143333
0 0.276333 0.229333 0.116667 0.116000
0 0.201667 0.191333 0.116667 0.105333
0 0.139333 0.114667 0.134667 0.129333
0 0.302333 0.132000 0.110000 0.094667
0 0.445000 0.194333 0.111333 0.118000
0 0.629333 0.212000 0.100000 0.081333
0 0.894667 0.176000 0.160000 0.158667
0 0.760333 0.105667 0.144667 0.140667
0 0.593667 0.107667 0.163333 0.187333
0 0.063000 0.226000 0.124667 0.116000
0 0.056000 0.356333 0.110667 0.171333
0 0.313667 0.043667 0.083333 0.084667
0 0.429667 0.076333 0.160667 0.127333
0 0.929000 0.057333 0.131333 0.112000
0 0.859667 0.637667 0.080667 0.107333
2 0.535333 0.967333 0.072000 0.065333
2 0.310667 0.969667 0.094667 0.059333
2 0.190333 0.964667 0.122000 0.070667
