2 0.066000 0.128000 0.120000 0.102667
1 0.268667 0.138000 0.161333 0.194667
1 0.416000 0.070000 0.194667 0.138667
2 0.153000 0.193333 0.140667 0.120000
2 0.123000 0.312667 0.063333 0.066667
2 0.312667 0.265000 0.057333 0.054000
2 0.226667 0.303000 0.137333 0.147333
2 0.316667 0.336000 0.065333 0.070667
2 0.100667 0.399333 0.125333 0.100000
2 0.205000 0.397667 0.091333 0.088667
2 0.156333 0.477333 0.070000 0.073333
2 0.069667 0.483667 0.079333 0.063333
2 0.358667 0.422667 0.101333 0.102667
1 0.316667 0.512000 0.142667 0.198667
2 0.412667 0.502333 0.057333 0.048667
2 0.386000 0.570000 0.101333 0.092000
2 0.213000 0.533667 0.086000 0.119333
2 0.139000 0.555333 0.062000 0.078667
2 0.045000 0.564333 0.078000 0.091333
2 0.032000 0.647000 0.057333 0.071333
2 0.094333 0.678333 0.120667 0.111333
2 0.147000 0.758000 0.112667 0.121333
3 0.067333 0.769333 0.061333 0.065333
2 0.049333 0.838667 0.053333 0.060000
2 0.241333 0.743000 0.105333 0.128667
2 0.335000 0.678333 0.123333 0.122000
2 0.422000 0.718000 0.065333 0.070667
2 0.353000 0.763333 0.110000 0.068000
2 0.220333 0.839667 0.083333 0.082000
2 0.308000 0.837333 0.100000 0.098667
2 0.400000 0.831667 0.093333 0.087333
2 0.487333 0.840667 0.096000 0.113333
2 0.469667 0.918000 0.120667 0.132000
2 0.361333 0.922667 0.104000 0.097333
2 0.277667 0.926333 0.074000 0.087333
2 0.186667 0.909333 0.120000 0.113333
2 0.078000 0.926667 0.096000 0.102667
2 0.605667 0.830667 0.162000 0.136000
2 0.560000 0.726000 0.196000 0.109333
1 0.544333 0.640333 0.203333 0.099333
2 0.530333 0.549000 0.184667 0.103333
2 0.512667 0.448333 0.198667 0.104667
2 0.471333 0.356667 0.230667 0.101333
2 0.452333 0.275333 0.216667 0.089333
2 0.420667 0.193667 0.168000 0.122000
2 0.264333 0.652667 0.062000 0.054667
2 0.061000 0.201333 0.052667 0.069333
0 0.914667 0.791000 0.160000 0.168667
0 0.951333 0.952667 0.097333 0.092000
0 0.909667 0.594000 0.172667 0.154667
0 0.961000 0.192667 0.078000 0.100000
0 0.892667 0.140000 0.085333 0.066667
0 0.783667 0.065333 0.187333 0.113333
0 0.930333 0.085333 0.063333 0.049333
0 0.969333 0.042000 0.061333 0.077333
0 0.911333 0.016667 0.061333 0.030667
2 0.015333 0.799333 0.022667 0.061333
2 0.048667 0.277000 0.096000 0.172667
2 0.122333 0.063000 0.224667 0.124667
2 0.632667 0.943000 0.180000 0.114000
