3 0.058000 0.055333 0.045333 0.037333
2 0.034000 0.089333 0.065333 0.061333
2 0.147000 0.070667 0.063333 0.069333
2 0.121667 0.136333 0.108667 0.114000
2 0.051333 0.160667 0.078667 0.074667
2 0.052667 0.285333 0.050667 0.069333
2 0.042000 0.334667 0.046667 0.040000
2 0.108667 0.275333 0.065333 0.056000
2 0.190667 0.253000 0.061333 0.063333
2 0.173333 0.327667 0.080000 0.067333
2 0.255000 0.273667 0.075333 0.080667
2 0.309667 0.145667 0.054000 0.060667
3 0.287000 0.187333 0.083333 0.077333
3 0.252333 0.049333 0.052667 0.049333
2 0.335000 0.017333 0.034000 0.033333
2 0.335000 0.050000 0.040667 0.037333
2 0.329333 0.091000 0.032000 0.050000
2 0.353333 0.086000 0.017333 0.021333
2 0.392000 0.086000 0.045333 0.049333
2 0.394333 0.152333 0.079333 0.096667
2 0.466333 0.187333 0.120667 0.124000
3 0.423333 0.236333 0.034667 0.034000
1 0.470000 0.084667 0.028000 0.034667
2 0.494667 0.020000 0.026667 0.034667
2 0.540667 0.082333 0.041333 0.034000
2 0.613667 0.149333 0.038000 0.058667
3 0.553333 0.133667 0.076000 0.067333
3 0.443333 0.292333 0.064000 0.068667
2 0.703000 0.105667 0.086000 0.091333
2 0.730000 0.046333 0.045333 0.046000
1 0.778667 0.070333 0.041333 0.043333
2 0.791000 0.113000 0.072667 0.058000
1 0.686333 0.168000 0.035333 0.026667
1 0.766000 0.186000 0.053333 0.034667
1 0.765667 0.218333 0.043333 0.034000
2 0.733333 0.284000 0.136000 0.113333
1 0.642333 0.342667 0.050000 0.053333
1 0.574667 0.299000 0.041333 0.036667
1 0.390333 0.314667 0.038000 0.028000
2 0.313333 0.329333 0.038667 0.041333
2 0.275000 0.341667 0.038000 0.036667
2 0.153000 0.422000 0.066000 0.077333
2 0.070000 0.449667 0.038667 0.044667
2 0.229000 0.422333 0.051333 0.044667
2 0.369333 0.401333 0.064000 0.060000
2 0.413667 0.378667 0.054000 0.057333
2 0.473667 0.394667 0.076667 0.078667
2 0.622667 0.404667 0.066667 0.062667
2 0.709333 0.402667 0.038667 0.045333
2 0.529000 0.442667 0.055333 0.057333
2 0.042667 0.552667 0.069333 0.068000
2 0.068333 0.639667 0.068667 0.071333
2 0.139000 0.628000 0.072667 0.077333
3 0.170333 0.562000 0.072667 0.072000
2 0.250000 0.550333 0.073333 0.068667
2 0.348000 0.532000 0.034667 0.048000
2 0.317667 0.559667 0.048667 0.064667
2 0.203667 0.489667 0.054000 0.067333
2 0.254333 0.485000 0.044667 0.066000
3 0.313333 0.477000 0.058667 0.082000
2 0.388000 0.480333 0.080000 0.087333
2 0.450667 0.456000 0.042667 0.041333
3 0.601333 0.449333 0.078667 0.050667
3 0.596000 0.492333 0.072000 0.047333
2 0.580667 0.542333 0.088000 0.080667
3 0.657000 0.560333 0.063333 0.068667
3 0.747667 0.516667 0.071333 0.074667
2 0.485000 0.592000 0.084667 0.101333
2 0.234333 0.603667 0.075333 0.068667
1 0.295000 0.639333 0.062000 0.078667
2 0.201000 0.680333 0.087333 0.111333
2 0.163667 0.766000 0.062000 0.065333
2 0.098333 0.784000 0.050000 0.048000
2 0.294000 0.756000 0.129333 0.100000
2 0.382000 0.727667 0.098667 0.132667
1 0.460333 0.726333 0.046000 0.051333
2 0.406000 0.629667 0.102667 0.115333
2 0.558000 0.634667 0.090667 0.092000
2 0.635000 0.646333 0.058000 0.092667
2 0.718667 0.643667 0.117333 0.167333
3 0.585667 0.751667 0.084667 0.103333
2 0.684000 0.767667 0.112000 0.107333
3 0.781000 0.800333 0.070000 0.062000
2 0.034667 0.827333 0.061333 0.078667
2 0.123333 0.856333 0.098667 0.099333
2 0.071333 0.916000 0.073333 0.065333
2 0.565667 0.850333 0.052667 0.058000
2 0.506667 0.859333 0.052000 0.054667
2 0.439667 0.788667 0.047333 0.049333
1 0.412333 0.870000 0.115333 0.136000
1 0.492000 0.911667 0.076000 0.059333
2 0.560333 0.909333 0.068667 0.066667
2 0.717000 0.949000 0.075333 0.079333
2 0.642333 0.967000 0.067333 0.058000
1 0.391000 0.956333 0.054000 0.054000
2 0.469000 0.968333 0.044667 0.046000
2 0.215000 0.957667 0.102000 0.071333
1 0.243667 0.824333 0.050000 0.050000
3 0.827000 0.617667 0.103333 0.114000
3 0.926333 0.572000 0.103333 0.090667
3 0.833000 0.545000 0.059333 0.043333
3 0.852667 0.499000 0.078667 0.067333
3 0.945667 0.486333 0.072667 0.079333
3 0.863333 0.431333 0.106667 0.070667
3 0.956000 0.371000 0.085333 0.074000
2 0.864667 0.123333 0.070667 0.072000
1 0.460333 0.503000 0.052667 0.048667
2 0.507333 0.499667 0.038667 0.048667
3 0.521333 0.799333 0.020000 0.025333
0 0.958667 0.890333 0.082667 0.156667
0 0.806000 0.868667 0.041333 0.044000
0 0.791667 0.953000 0.031333 0.032667
0 0.317667 0.862667 0.070000 0.080000
0 0.223333 0.858000 0.046667 0.041333
0 0.060333 0.726333 0.112667 0.110000
0 0.482000 0.660000 0.049333 0.062667
0 0.385333 0.552000 0.064000 0.052000
0 0.081333 0.515000 0.049333 0.043333
0 0.789667 0.453667 0.038000 0.050000
0 0.938000 0.426333 0.041333 0.038000
0 0.676667 0.399667 0.020000 0.028667
0 0.292333 0.418667 0.038000 0.033333
0 0.844333 0.314667 0.084667 0.097333
0 0.971667 0.131667 0.042000 0.046000
0 0.941000 0.197000 0.034000 0.038000
0 0.839333 0.254000 0.036000 0.032000
0 0.500000 0.318667 0.037333 0.044000
0 0.595667 0.222000 0.039333 0.052000
0 0.684333 0.202000 0.046000 0.041333
2 0.546333 0.964000 0.120667 0.072000
2 0.129333 0.976333 0.065333 0.047333
2 0.022667 0.906000 0.041333 0.078667
0 0.979667 0.025667 0.039333 0.048667
