2 0.929333 0.371333 0.132000 0.133333
2 0.907667 0.465000 0.063333 0.059333
2 0.950667 0.560000 0.046667 0.058667
2 0.853000 0.578333 0.184667 0.150000
2 0.827667 0.681667 0.176667 0.115333
2 0.958333 0.720000 0.079333 0.102667
2 0.902667 0.746333 0.065333 0.060667
2 0.815333 0.758000 0.078667 0.068000
2 0.480667 0.854333 0.057333 0.050000
2 0.461667 0.906667 0.052667 0.048000
2 0.458667 0.969000 0.060000 0.062000
2 0.615000 0.948000 0.084667 0.104000
2 0.690000 0.946667 0.073333 0.106667
2 0.729333 0.838667 0.142667 0.129333
2 0.877667 0.840667 0.079333 0.082667
2 0.795333 0.920000 0.158667 0.128000
2 0.920000 0.932667 0.092000 0.100000
0 0.242667 0.876333 0.149333 0.156667
0 0.049667 0.791000 0.062000 0.074000
0 0.130667 0.711667 0.101333 0.086000
0 0.060000 0.592333 0.118667 0.114000
0 0.084667 0.426333 0.080000 0.074000
0 0.186667 0.533333 0.269333 0.240000
0 0.320333 0.401000 0.086000 0.094000
0 0.301333 0.298333 0.133333 0.128667
0 0.117000 0.083667 0.174000 0.103333
0 0.149000 0.210667 0.296667 0.309333
0 0.415333 0.197667 0.120000 0.096667
0 0.404333 0.076000 0.188667 0.149333
0 0.558667 0.186333 0.090667 0.102000
0 0.641333 0.074667 0.082667 0.088000
0 0.660667 0.145667 0.069333 0.060667
0 0.705667 0.059333 0.043333 0.042667
0 0.747667 0.085333 0.046000 0.042667
0 0.802667 0.087000 0.052000 0.042000
0 0.855000 0.060333 0.135333 0.119333
0 0.750333 0.144000 0.052667 0.058667
0 0.791000 0.128000 0.043333 0.046667
0 0.781000 0.205000 0.066000 0.058000
0 0.761000 0.269333 0.068667 0.074667
0 0.688333 0.315000 0.050000 0.051333
0 0.674667 0.273667 0.048000 0.039333
0 0.647667 0.354000 0.052667 0.041333
0 0.679333 0.401667 0.076000 0.062000
0 0.433333 0.310000 0.081333 0.061333
0 0.318333 0.557333 0.064667 0.058667
0 0.382667 0.554667 0.058667 0.057333
0 0.458667 0.563333 0.066667 0.062667
0 0.454000 0.633000 0.065333 0.063333
0 0.447333 0.701000 0.073333 0.064667
0 0.388333 0.695000 0.067333 0.064667
0 0.601000 0.775667 0.063333 0.078000
0 0.529667 0.795667 0.083333 0.084667
0 0.566667 0.860333 0.073333 0.058000
0 0.576333 0.529667 0.096667 0.083333
0 0.578000 0.431000 0.056000 0.063333
0 0.611667 0.400667 0.052667 0.049333
0 0.638333 0.457000 0.063333 0.068667
0 0.814333 0.454333 0.064667 0.055333
0 0.794333 0.384667 0.110000 0.106667
0 0.929000 0.152333 0.142000 0.202000
0 0.521000 0.037000 0.104667 0.072667
0 0.522333 0.114000 0.062000 0.045333
0 0.594667 0.256000 0.040000 0.040000
2 0.971000 0.499000 0.058000 0.076667
