1 0.137333 0.616000 0.134667 0.125333
1 0.115667 0.471333 0.191333 0.197333
1 0.224333 0.509000 0.116667 0.116667
1 0.114000 0.225000 0.097333 0.148667
1 0.176333 0.086667 0.182000 0.169333
1 0.212333 0.175667 0.090000 0.091333
1 0.183000 0.247000 0.074000 0.082000
1 0.268333 0.437333 0.078000 0.073333
1 0.206667 0.310333 0.090667 0.147333
1 0.292000 0.334667 0.113333 0.134667
1 0.315667 0.213000 0.108667 0.116667
2 0.285333 0.112333 0.064000 0.074000
1 0.337667 0.583333 0.116667 0.137333
1 0.355333 0.468667 0.132000 0.120000
1 0.377333 0.367333 0.101333 0.102667
1 0.406000 0.264667 0.089333 0.100000
2 0.398333 0.152333 0.120667 0.116667
1 0.434333 0.089667 0.112667 0.114000
2 0.505333 0.047667 0.082667 0.095333
2 0.404667 0.735667 0.144000 0.150000
2 0.454000 0.611000 0.134667 0.120667
1 0.466333 0.500000 0.135333 0.134667
2 0.457667 0.383333 0.083333 0.098667
2 0.487000 0.319333 0.056667 0.054667
1 0.521667 0.250667 0.112667 0.092000
1 0.510667 0.180667 0.104000 0.070667
1 0.557333 0.107667 0.094667 0.078000
1 0.605333 0.163333 0.070667 0.066667
1 0.583000 0.057333 0.146000 0.114667
1 0.646000 0.229667 0.128000 0.124667
1 0.627667 0.339000 0.176667 0.118000
1 0.580333 0.455333 0.095333 0.106667
1 0.659333 0.462667 0.070667 0.098667
1 0.741333 0.432667 0.165333 0.169333
2 0.833000 0.469667 0.068667 0.084667
2 0.787333 0.320333 0.068000 0.083333
1 0.771333 0.225667 0.161333 0.206000
1 0.779667 0.107333 0.106000 0.102667
1 0.866333 0.243667 0.068667 0.083333
1 0.872667 0.367333 0.108000 0.117333
1 0.947333 0.417667 0.105333 0.122000
2 0.774000 0.618667 0.120000 0.130667
1 0.519667 0.770000 0.144667 0.166667
2 0.596667 0.628000 0.196000 0.204000
1 0.603333 0.804333 0.108000 0.148667
2 0.686333 0.814000 0.080667 0.106667
2 0.740667 0.749333 0.141333 0.146667
2 0.876000 0.647333 0.109333 0.124000
2 0.781000 0.880000 0.122000 0.138667
2 0.892667 0.930667 0.129333 0.124000
2 0.871333 0.791333 0.138667 0.168000
1 0.522667 0.424333 0.074667 0.082000
2 0.932333 0.144000 0.135333 0.138667
2 0.938333 0.279667 0.123333 0.155333
1 0.964667 0.854000 0.070667 0.152000
1 0.032667 0.205333 0.064000 0.097333
2 0.041333 0.308667 0.081333 0.112000
1 0.053000 0.064333 0.104667 0.128667
2 0.705667 0.054333 0.126000 0.108667
1 0.878333 0.065667 0.154000 0.131333
2 0.970333 0.613333 0.059333 0.093333
