1 0.848000 0.979333 0.061333 0.041333
1 0.832667 0.914333 0.122667 0.088667
1 0.948667 0.863667 0.088000 0.146000
1 0.891000 0.824667 0.039333 0.057333
1 0.852667 0.816667 0.040000 0.068000
1 0.812000 0.826667 0.058667 0.077333
1 0.782667 0.779333 0.058667 0.100000
1 0.713333 0.765000 0.092000 0.138000
1 0.647333 0.745333 0.057333 0.065333
1 0.652000 0.815667 0.064000 0.078000
1 0.729333 0.904000 0.057333 0.062667
1 0.771000 0.956000 0.076667 0.072000
1 0.650000 0.885333 0.088000 0.072000
1 0.525667 0.935667 0.150000 0.120667
1 0.529000 0.860333 0.076667 0.080667
1 0.582000 0.811667 0.085333 0.086000
1 0.570000 0.712333 0.102667 0.120667
1 0.492333 0.696333 0.088667 0.094000
1 0.499000 0.767667 0.050000 0.054000
1 0.448667 0.833667 0.093333 0.119333
1 0.300667 0.953000 0.094667 0.083333
1 0.332000 0.820333 0.160000 0.187333
1 0.186000 0.906000 0.126667 0.108000
2 0.082000 0.862000 0.121333 0.132000
1 0.202667 0.812333 0.101333 0.084667
1 0.255667 0.761000 0.084667 0.087333
1 0.311667 0.718333 0.091333 0.080667
1 0.386667 0.676000 0.058667 0.068000
1 0.308333 0.644000 0.076667 0.070667
2 0.241000 0.622000 0.066000 0.090667
1 0.092333 0.765667 0.086000 0.066000
1 0.160667 0.757333 0.066667 0.066667
1 0.212667 0.721000 0.070667 0.070000
1 0.116333 0.702333 0.083333 0.059333
1 0.077000 0.651000 0.058000 0.051333
1 0.143000 0.598000 0.084667 0.098667
2 0.076333 0.594333 0.043333 0.054000
0 0.259333 0.200333 0.144000 0.178000
0 0.332000 0.238667 0.081333 0.134667
0 0.425000 0.354000 0.166000 0.153333
0 0.549000 0.417667 0.120667 0.168667
0 0.577000 0.331333 0.052667 0.064000
0 0.676333 0.450667 0.088667 0.072000
0 0.760000 0.502333 0.129333 0.108667
0 0.941333 0.511667 0.096000 0.130000
0 0.835000 0.380333 0.098000 0.104667
0 0.761667 0.345333 0.075333 0.082667
0 0.689667 0.306333 0.096667 0.108667
0 0.405000 0.173000 0.130000 0.083333
0 0.411667 0.105667 0.112667 0.090000
0 0.445333 0.070000 0.108000 0.097333
0 0.259333 0.023000 0.045333 0.039333
0 0.520000 0.088000 0.046667 0.038667
0 0.594667 0.138667 0.053333 0.076000
0 0.558667 0.243333 0.110667 0.108000
0 0.655000 0.189667 0.120667 0.099333
0 0.749667 0.183667 0.122000 0.119333
0 0.925667 0.370000 0.094000 0.110667
0 0.917667 0.234000 0.094000 0.082667
0 0.677667 0.070333 0.134000 0.139333
0 0.787333 0.123333 0.120000 0.092000
0 0.941000 0.111667 0.118000 0.103333
0 0.098333 0.059000 0.039333 0.038000
2 0.923667 0.974000 0.079333 0.052000
2 0.060333 0.972667 0.070000 0.054667
2 0.396000 0.957667 0.101333 0.084667
2 0.622333 0.957667 0.087333 0.084667
2 0.713667 0.961667 0.100667 0.075333
2 0.031667 0.741667 0.059333 0.126000
