1 0.050000 0.930000 0.098667 0.108000
1 0.088667 0.937667 0.104000 0.120667
1 0.113667 0.785333 0.148667 0.180000
1 0.199667 0.897333 0.128667 0.137333
1 0.273000 0.830667 0.151333 0.176000
1 0.219000 0.723333 0.112667 0.137333
1 0.315333 0.698667 0.100000 0.124000
2 0.419667 0.870333 0.086000 0.088667
2 0.395000 0.753667 0.142000 0.152667
1 0.372333 0.938333 0.159333 0.122000
1 0.451000 0.621667 0.182000 0.178000
1 0.497333 0.744333 0.097333 0.087333
1 0.591333 0.614667 0.134667 0.225333
1 0.671333 0.564667 0.116000 0.194667
2 0.557333 0.836667 0.189333 0.194667
2 0.672000 0.854000 0.124000 0.157333
2 0.713000 0.960000 0.072667 0.065333
2 0.749000 0.901667 0.083333 0.115333
1 0.745667 0.683000 0.179333 0.210000
2 0.810333 0.827000 0.119333 0.108667
2 0.881000 0.937667 0.180667 0.118000
2 0.915667 0.846667 0.063333 0.058667
2 0.907000 0.734667 0.160667 0.148000
1 0.861000 0.659667 0.056667 0.056667
1 0.932000 0.653667 0.066667 0.052667
2 0.820333 0.542000 0.156667 0.210667
2 0.920667 0.526333 0.124000 0.243333
0 0.626333 0.186000 0.140667 0.181333
0 0.706667 0.079667 0.074667 0.071333
0 0.570667 0.062000 0.088000 0.073333
0 0.500000 0.203000 0.121333 0.142000
0 0.367000 0.063000 0.138000 0.126000
0 0.401667 0.249667 0.094000 0.116667
0 0.367000 0.164333 0.064667 0.062000
0 0.296667 0.306667 0.138667 0.176000
0 0.265333 0.173333 0.060000 0.050667
0 0.277333 0.125333 0.072000 0.053333
0 0.252333 0.087667 0.067333 0.063333
0 0.206000 0.131333 0.056000 0.061333
0 0.175333 0.185000 0.092000 0.106000
0 0.124667 0.350667 0.141333 0.168000
0 0.100667 0.237000 0.080000 0.092667
0 0.039667 0.178333 0.078000 0.114000
0 0.050333 0.469000 0.098000 0.175333
0 0.100667 0.126333 0.068000 0.068667
0 0.485333 0.099333 0.081333 0.080000
1 0.498333 0.964333 0.099333 0.064667
1 0.036667 0.792000 0.069333 0.213333
2 0.967333 0.863000 0.065333 0.106000
0 0.169667 0.263667 0.083333 0.064667
