3 0.553667 0.789333 0.055333 0.053333
3 0.828000 0.465000 0.073333 0.059333
2 0.587000 0.364667 0.052667 0.032000
2 0.455000 0.353000 0.044667 0.047333
2 0.412667 0.265667 0.060000 0.072667
2 0.489333 0.286333 0.069333 0.080667
3 0.598667 0.309333 0.073333 0.057333
3 0.625000 0.234667 0.071333 0.062667
2 0.696333 0.243000 0.022000 0.018000
2 0.701333 0.265667 0.024000 0.024667
3 0.750000 0.225333 0.024000 0.020000
3 0.793667 0.202333 0.058000 0.054000
3 0.865333 0.200000 0.073333 0.065333
3 0.899667 0.142667 0.083333 0.090667
3 0.935333 0.060000 0.074667 0.058667
3 0.902000 0.085333 0.044000 0.028000
3 0.847333 0.046333 0.093333 0.072667
3 0.832000 0.121333 0.068000 0.072000
3 0.753333 0.087333 0.072000 0.068000
3 0.684000 0.072333 0.066667 0.083333
3 0.591667 0.065000 0.115333 0.104667
3 0.403667 0.095333 0.083333 0.093333
2 0.488333 0.137333 0.019333 0.026667
3 0.471667 0.199000 0.075333 0.083333
3 0.655667 0.157333 0.092667 0.092000
2 0.717667 0.160667 0.019333 0.024000
3 0.566000 0.152333 0.053333 0.046000
3 0.373667 0.173000 0.068667 0.082000
2 0.292333 0.144667 0.027333 0.033333
3 0.329333 0.055667 0.065333 0.083333
2 0.222333 0.079667 0.076667 0.088667
3 0.126333 0.124667 0.048667 0.052000
3 0.267333 0.202000 0.044000 0.038667
0 0.086667 0.843667 0.154667 0.142000
0 0.099333 0.952333 0.126667 0.095333
0 0.212000 0.928667 0.130667 0.110667
0 0.447000 0.887667 0.191333 0.166000
0 0.667333 0.862667 0.100000 0.104000
0 0.723000 0.902333 0.263333 0.195333
0 0.896667 0.726667 0.092000 0.096000
0 0.833667 0.704667 0.104667 0.132000
0 0.687333 0.746667 0.098667 0.121333
0 0.590333 0.717000 0.120667 0.119333
0 0.443667 0.766000 0.143333 0.108000
0 0.233667 0.718667 0.132667 0.134667
0 0.247667 0.607333 0.102000 0.101333
0 0.347667 0.680000 0.106000 0.109333
0 0.390000 0.597000 0.092000 0.103333
0 0.472000 0.653333 0.116000 0.136000
0 0.584000 0.605000 0.101333 0.126000
0 0.924000 0.632667 0.120000 0.137333
0 0.852333 0.374333 0.130000 0.150000
0 0.730667 0.354333 0.146667 0.164667
0 0.261000 0.832333 0.098000 0.122000
0 0.119000 0.732000 0.096667 0.085333
0 0.129667 0.659333 0.112667 0.089333
0 0.178000 0.498333 0.126667 0.135333
0 0.304667 0.422333 0.186667 0.152667
0 0.243000 0.302333 0.223333 0.194000
0 0.450000 0.126333 0.040000 0.043333
0 0.765333 0.140667 0.057333 0.061333
2 0.043000 0.070667 0.079333 0.096000
2 0.051667 0.034000 0.099333 0.064000
3 0.144000 0.039667 0.097333 0.072667
3 0.418333 0.027333 0.082000 0.053333
3 0.517667 0.028333 0.095333 0.055333
3 0.787000 0.034000 0.086000 0.061333
3 0.976667 0.098667 0.046667 0.072000
