2 0.093667 0.038000 0.072667 0.074667
2 0.180667 0.073000 0.093333 0.082000
2 0.180333 0.157333 0.115333 0.110667
2 0.104000 0.166333 0.070667 0.087333
2 0.064667 0.270000 0.120000 0.208000
2 0.162000 0.286333 0.097333 0.111333
2 0.250000 0.289667 0.076000 0.118000
3 0.318000 0.283000 0.073333 0.087333
2 0.305000 0.022667 0.080667 0.044000
2 0.282667 0.069667 0.097333 0.075333
2 0.350667 0.102667 0.064000 0.106667
2 0.291000 0.144000 0.091333 0.106667
2 0.359333 0.202000 0.066667 0.072000
2 0.416000 0.124000 0.074667 0.097333
3 0.414333 0.036667 0.080667 0.072000
2 0.526333 0.115000 0.126000 0.187333
2 0.482667 0.239333 0.105333 0.094667
2 0.639333 0.051667 0.102667 0.083333
2 0.609000 0.124000 0.078000 0.077333
2 0.610333 0.206000 0.075333 0.086667
2 0.694333 0.154667 0.082000 0.105333
2 0.774333 0.049667 0.055333 0.071333
2 0.838000 0.063667 0.069333 0.087333
2 0.955000 0.090667 0.088667 0.086667
2 0.945333 0.177667 0.066667 0.084667
2 0.880667 0.196000 0.065333 0.128000
2 0.784000 0.124667 0.061333 0.052000
1 0.794000 0.181000 0.102667 0.096667
2 0.787667 0.262667 0.095333 0.086667
2 0.525667 0.186333 0.058000 0.044667
2 0.675000 0.268000 0.098000 0.104000
2 0.719000 0.303000 0.052667 0.047333
2 0.799333 0.350333 0.077333 0.094000
2 0.882667 0.356333 0.089333 0.115333
2 0.936333 0.301333 0.127333 0.104000
2 0.716667 0.356000 0.073333 0.061333
2 0.632000 0.371333 0.062667 0.069333
2 0.702333 0.411333 0.083333 0.072000
2 0.724333 0.475333 0.080667 0.074667
2 0.804000 0.497667 0.073333 0.078000
2 0.894000 0.481667 0.097333 0.068667
2 0.910333 0.545333 0.088667 0.070667
2 0.845000 0.570667 0.091333 0.076000
2 0.843667 0.631667 0.094000 0.071333
2 0.947333 0.630333 0.096000 0.092667
2 0.914667 0.702667 0.061333 0.062667
2 0.967667 0.744667 0.064667 0.085333
2 0.902000 0.778667 0.102667 0.096000
2 0.930000 0.863000 0.094667 0.088667
2 0.417333 0.322667 0.061333 0.066667
2 0.508333 0.312000 0.071333 0.070667
2 0.334667 0.362000 0.073333 0.073333
2 0.162000 0.396333 0.058667 0.055333
2 0.036667 0.455333 0.069333 0.076000
2 0.150000 0.476333 0.134667 0.115333
2 0.169667 0.545667 0.048667 0.043333
2 0.254333 0.429667 0.084667 0.116667
2 0.319333 0.452000 0.073333 0.072000
2 0.407667 0.403667 0.091333 0.112667
2 0.481333 0.389000 0.080000 0.119333
2 0.541333 0.358667 0.033333 0.036000
2 0.561000 0.417667 0.090000 0.084667
2 0.456333 0.485000 0.094000 0.075333
2 0.564000 0.496333 0.088000 0.080667
2 0.540333 0.554667 0.084667 0.061333
2 0.549333 0.627000 0.094667 0.088667
2 0.665333 0.522000 0.098667 0.098667
2 0.671000 0.619333 0.079333 0.101333
2 0.669333 0.693333 0.096000 0.077333
2 0.744000 0.712667 0.133333 0.136000
2 0.821667 0.781667 0.083333 0.092667
2 0.806000 0.852333 0.066667 0.079333
2 0.628333 0.805667 0.075333 0.086000
2 0.698667 0.844667 0.160000 0.138667
2 0.744667 0.952333 0.106667 0.092667
2 0.473667 0.604667 0.071333 0.092000
2 0.400333 0.599667 0.084667 0.107333
2 0.428000 0.687667 0.101333 0.080667
2 0.312000 0.549000 0.094667 0.080667
2 0.302667 0.628000 0.101333 0.097333
2 0.212333 0.576000 0.082000 0.073333
2 0.112667 0.577333 0.098667 0.090667
2 0.097333 0.673667 0.088000 0.083333
2 0.075000 0.733000 0.048667 0.054000
2 0.127333 0.763667 0.064000 0.076667
2 0.044333 0.823333 0.082000 0.081333
2 0.152333 0.896000 0.078000 0.097333
2 0.210333 0.734333 0.083333 0.062000
2 0.200000 0.661000 0.109333 0.084667
2 0.293667 0.750333 0.080667 0.124667
2 0.370000 0.749667 0.097333 0.104667
2 0.418667 0.796333 0.108000 0.111333
2 0.535333 0.781000 0.105333 0.130000
2 0.551333 0.862333 0.078667 0.076667
2 0.480000 0.910000 0.128000 0.125333
2 0.367333 0.885333 0.089333 0.100000
2 0.207000 0.797000 0.092667 0.079333
2 0.230000 0.867000 0.100000 0.080667
2 0.275000 0.897000 0.095333 0.107333
2 0.302667 0.963667 0.065333 0.046000
2 0.940333 0.950333 0.119333 0.099333
2 0.565000 0.966333 0.084667 0.067333
2 0.392667 0.966333 0.100000 0.067333
2 0.042667 0.915667 0.084000 0.138000
2 0.043667 0.766667 0.086000 0.065333
2 0.038333 0.563000 0.075333 0.150000
2 0.026333 0.038333 0.048667 0.063333
2 0.962667 0.408000 0.074667 0.096000
