1 0.616000 0.862667 0.125333 0.134667
1 0.471333 0.884333 0.197333 0.191333
1 0.509000 0.775667 0.116667 0.116667
1 0.225000 0.886000 0.148667 0.097333
1 0.086667 0.823667 0.169333 0.182000
1 0.175667 0.787667 0.091333 0.090000
1 0.247000 0.817000 0.082000 0.074000
1 0.437333 0.731667 0.073333 0.078000
1 0.310333 0.793333 0.147333 0.090667
1 0.334667 0.708000 0.134667 0.113333
1 0.213000 0.684333 0.116667 0.108667
2 0.112333 0.714667 0.074000 0.064000
1 0.583333 0.662333 0.137333 0.116667
1 0.468667 0.644667 0.120000 0.132000
1 0.367333 0.622667 0.102667 0.101333
1 0.264667 0.594000 0.100000 0.089333
2 0.152333 0.601667 0.116667 0.120667
1 0.089667 0.565667 0.114000 0.112667
2 0.047667 0.494667 0.095333 0.082667
2 0.735667 0.595333 0.150000 0.144000
2 0.611000 0.546000 0.120667 0.134667
1 0.500000 0.533667 0.134667 0.135333
2 0.383333 0.542333 0.098667 0.083333
2 0.319333 0.513000 0.054667 0.056667
1 0.250667 0.478333 0.092000 0.112667
1 0.180667 0.489333 0.070667 0.104000
1 0.107667 0.442667 0.078000 0.094667
1 0.163333 0.394667 0.066667 0.070667
1 0.057333 0.417000 0.114667 0.146000
1 0.229667 0.354000 0.124667 0.128000
1 0.339000 0.372333 0.118000 0.176667
1 0.455333 0.419667 0.106667 0.095333
1 0.462667 0.340667 0.098667 0.070667
1 0.432667 0.258667 0.169333 0.165333
2 0.469667 0.167000 0.084667 0.068667
2 0.320333 0.212667 0.083333 0.068000
1 0.225667 0.228667 0.206000 0.161333
1 0.107333 0.220333 0.102667 0.106000
1 0.243667 0.133667 0.083333 0.068667
1 0.367333 0.127333 0.117333 0.108000
1 0.417667 0.052667 0.122000 0.105333
2 0.618667 0.226000 0.130667 0.120000
1 0.770000 0.480333 0.166667 0.144667
2 0.628000 0.403333 0.204000 0.196000
1 0.804333 0.396667 0.148667 0.108000
2 0.814000 0.313667 0.106667 0.080667
2 0.749333 0.259333 0.146667 0.141333
2 0.647333 0.124000 0.124000 0.109333
2 0.880000 0.219000 0.138667 0.122000
2 0.930667 0.107333 0.124000 0.129333
2 0.791333 0.128667 0.168000 0.138667
1 0.424333 0.477333 0.082000 0.074667
2 0.144000 0.067667 0.138667 0.135333
2 0.279667 0.061667 0.155333 0.123333
1 0.854000 0.035333 0.152000 0.070667
1 0.205333 0.967333 0.097333 0.064000
2 0.308667 0.958667 0.112000 0.081333
1 0.064333 0.947000 0.128667 0.104667
2 0.054333 0.294333 0.108667 0.126000
1 0.065667 0.121667 0.131333 0.154000
2 0.613333 0.029667 0.093333 0.059333
