3 0.667000 0.167667 0.064667 0.076667
3 0.674000 0.275333 0.101333 0.082667
3 0.590000 0.334667 0.054667 0.056000
3 0.486333 0.799333 0.056667 0.070667
3 0.574333 0.706667 0.050000 0.052000
3 0.544333 0.925333 0.076667 0.065333
3 0.572000 0.843000 0.122667 0.127333
2 0.674667 0.757333 0.129333 0.140000
3 0.695000 0.892333 0.103333 0.119333
3 0.872000 0.954333 0.076000 0.080667
3 0.796333 0.924667 0.095333 0.102667
2 0.921333 0.861667 0.078667 0.070000
2 0.945000 0.777333 0.104667 0.100000
2 0.780000 0.818667 0.114667 0.106667
2 0.797333 0.726000 0.134667 0.117333
2 0.729667 0.607000 0.127333 0.119333
2 0.834333 0.619333 0.100667 0.106667
2 0.928667 0.675333 0.104000 0.114667
2 0.867333 0.524000 0.124000 0.109333
3 0.700333 0.494333 0.111333 0.092667
3 0.747000 0.416000 0.126000 0.122667
2 0.866667 0.335000 0.100000 0.092667
3 0.757000 0.309667 0.058000 0.096667
3 0.804667 0.306000 0.050667 0.084000
3 0.745000 0.192667 0.066000 0.081333
3 0.787333 0.161000 0.068000 0.096667
2 0.867667 0.219000 0.174000 0.143333
2 0.897667 0.096000 0.148667 0.114667
0 0.371667 0.899000 0.283333 0.202000
0 0.084000 0.897333 0.166667 0.205333
0 0.519000 0.734000 0.060667 0.069333
0 0.430667 0.775333 0.057333 0.062667
0 0.313000 0.601333 0.192667 0.225333
0 0.575000 0.590000 0.166000 0.166667
0 0.517333 0.443000 0.286667 0.263333
0 0.549667 0.203667 0.190000 0.212667
0 0.639000 0.063667 0.176667 0.126000
0 0.224333 0.404000 0.223333 0.229333
0 0.152000 0.142333 0.302667 0.283333
0 0.342667 0.207333 0.241333 0.305333
2 0.961000 0.965000 0.070000 0.070000
3 0.651333 0.958333 0.113333 0.083333
2 0.964000 0.154000 0.072000 0.106667
2 0.944000 0.375000 0.112000 0.171333
2 0.960333 0.582667 0.079333 0.128000
