2 0.038667 0.069000 0.034667 0.040667
2 0.056333 0.267000 0.036667 0.024667
2 0.141667 0.347000 0.074000 0.071333
2 0.221667 0.356667 0.052667 0.054667
3 0.129667 0.399000 0.055333 0.039333
2 0.108333 0.437667 0.064667 0.052667
2 0.167667 0.492000 0.080667 0.089333
3 0.080667 0.494667 0.088000 0.064000
2 0.095333 0.559333 0.133333 0.078667
2 0.145667 0.608667 0.112667 0.074667
2 0.163000 0.673333 0.114000 0.070667
2 0.052000 0.666667 0.097333 0.101333
2 0.127000 0.739333 0.139333 0.108000
2 0.193667 0.809667 0.086000 0.084667
2 0.113333 0.831000 0.074667 0.083333
2 0.043667 0.822667 0.086000 0.105333
3 0.087667 0.927000 0.040667 0.044667
2 0.025000 0.901667 0.048667 0.052667
3 0.177333 0.952000 0.088000 0.084000
3 0.274333 0.892000 0.066000 0.064000
2 0.362000 0.805333 0.074667 0.062667
3 0.326333 0.971000 0.038000 0.040667
2 0.418333 0.955333 0.046000 0.057333
2 0.483333 0.969000 0.054667 0.059333
2 0.492000 0.894000 0.068000 0.076000
2 0.583333 0.884000 0.032000 0.036000
3 0.507000 0.813000 0.082000 0.078000
2 0.403000 0.726000 0.115333 0.109333
2 0.328333 0.687000 0.052667 0.054000
2 0.274333 0.586333 0.067333 0.075333
2 0.343000 0.617667 0.092667 0.082000
2 0.295667 0.494000 0.056667 0.057333
2 0.364667 0.549667 0.053333 0.046000
2 0.326333 0.417000 0.048667 0.044667
2 0.209000 0.154667 0.024667 0.028000
2 0.235667 0.068667 0.078000 0.072000
3 0.309000 0.054667 0.044667 0.038667
2 0.405667 0.035667 0.046000 0.046000
3 0.539000 0.122667 0.051333 0.053333
3 0.468000 0.118000 0.057333 0.065333
2 0.380667 0.117000 0.106667 0.122000
2 0.445333 0.191333 0.064000 0.054667
2 0.272000 0.147000 0.062667 0.071333
2 0.326333 0.250333 0.071333 0.083333
2 0.404333 0.384333 0.054000 0.056667
2 0.570333 0.382333 0.042000 0.039333
3 0.654333 0.350333 0.059333 0.060667
3 0.664000 0.392667 0.032000 0.032000
3 0.732000 0.373333 0.045333 0.042667
3 0.758333 0.285333 0.035333 0.038667
3 0.693000 0.305667 0.046000 0.047333
2 0.485000 0.406000 0.054000 0.053333
2 0.500667 0.296000 0.094667 0.102667
2 0.593667 0.295333 0.091333 0.098667
2 0.830000 0.331667 0.074667 0.064667
3 0.914333 0.356667 0.080667 0.057333
2 0.880667 0.218667 0.096000 0.102667
3 0.792000 0.201000 0.068000 0.076667
2 0.705000 0.205333 0.122000 0.090667
3 0.636667 0.088000 0.105333 0.110667
3 0.718333 0.125333 0.082000 0.069333
3 0.771000 0.056000 0.079333 0.097333
3 0.936333 0.108000 0.112667 0.114667
2 0.450667 0.485333 0.110667 0.094667
2 0.612333 0.497000 0.046000 0.046000
2 0.659667 0.535333 0.028667 0.030667
3 0.710000 0.529667 0.037333 0.039333
2 0.700333 0.449000 0.082000 0.088667
3 0.775000 0.548333 0.082000 0.076667
2 0.520667 0.556667 0.032000 0.037333
2 0.442333 0.585667 0.108667 0.115333
2 0.491667 0.671000 0.051333 0.055333
3 0.555667 0.651667 0.062000 0.058000
2 0.654333 0.634333 0.082000 0.062000
3 0.654667 0.731000 0.100000 0.078000
2 0.682000 0.839000 0.081333 0.083333
3 0.659667 0.913667 0.087333 0.074000
3 0.732000 0.959667 0.093333 0.079333
3 0.784667 0.801000 0.060000 0.056667
3 0.817333 0.710000 0.100000 0.089333
3 0.844000 0.636667 0.064000 0.058667
2 0.807000 0.426667 0.087333 0.105333
2 0.925333 0.451667 0.146667 0.142000
2 0.953667 0.590000 0.092667 0.081333
2 0.934667 0.680333 0.096000 0.084667
2 0.911000 0.771333 0.112667 0.094667
2 0.860667 0.882333 0.161333 0.150000
2 0.842000 0.958667 0.105333 0.082667
0 0.617000 0.969333 0.098000 0.061333
0 0.391333 0.903000 0.070667 0.055333
0 0.387000 0.861667 0.048667 0.050000
0 0.319000 0.766667 0.058000 0.066667
0 0.271333 0.773333 0.052000 0.069333
0 0.254333 0.697333 0.066000 0.068000
0 0.661000 0.588333 0.043333 0.038000
0 0.456000 0.341667 0.061333 0.059333
0 0.972667 0.241667 0.053333 0.048667
0 0.064000 0.216667 0.042667 0.041333
0 0.196667 0.199667 0.102667 0.090000
0 0.564667 0.211667 0.066667 0.052667
0 0.330667 0.105667 0.077333 0.084667
0 0.942333 0.280000 0.050000 0.041333
0 0.967333 0.030667 0.046667 0.040000
0 0.087333 0.101667 0.100000 0.094000
0 0.082667 0.177333 0.038667 0.041333
2 0.934667 0.978000 0.060000 0.044000
2 0.022000 0.965000 0.042667 0.070000
2 0.027333 0.170667 0.053333 0.077333
2 0.584000 0.025333 0.080000 0.049333
2 0.722333 0.020333 0.064667 0.039333
2 0.869667 0.046000 0.084667 0.090667
2 0.965667 0.515000 0.068667 0.078000
2 0.970333 0.820000 0.059333 0.105333
2 0.969333 0.924667 0.061333 0.094667
