2 0.275000 0.041333 0.038000 0.040000
2 0.400667 0.104667 0.046667 0.044000
2 0.378333 0.177000 0.078000 0.086000
2 0.358333 0.101667 0.026000 0.024667
2 0.310333 0.158000 0.060667 0.070667
2 0.263667 0.094667 0.112667 0.072000
2 0.152333 0.183000 0.052667 0.082000
2 0.244667 0.182333 0.140000 0.158000
2 0.014667 0.219667 0.028000 0.047333
2 0.060333 0.269667 0.075333 0.075333
2 0.128000 0.276000 0.034667 0.034667
2 0.044667 0.358667 0.088000 0.093333
2 0.177667 0.332333 0.056667 0.052667
2 0.310000 0.305333 0.070667 0.054667
2 0.291000 0.362333 0.047333 0.048667
2 0.061000 0.440000 0.054000 0.045333
2 0.120333 0.467000 0.058000 0.070000
2 0.044333 0.507333 0.084667 0.072000
2 0.103667 0.538000 0.078000 0.061333
2 0.192333 0.514000 0.050000 0.069333
2 0.242000 0.511000 0.068000 0.079333
2 0.074333 0.618667 0.027333 0.030667
2 0.158333 0.619000 0.079333 0.074000
2 0.089000 0.770333 0.082000 0.087333
1 0.075000 0.845667 0.079333 0.056667
2 0.053000 0.905667 0.056667 0.047333
1 0.145000 0.912000 0.086000 0.093333
2 0.243333 0.887333 0.101333 0.132000
2 0.167333 0.793333 0.089333 0.125333
1 0.221333 0.733667 0.072000 0.080667
2 0.309333 0.748333 0.102667 0.115333
2 0.348667 0.656000 0.062667 0.066667
2 0.252000 0.657333 0.105333 0.092000
2 0.299333 0.600333 0.086667 0.070000
2 0.380667 0.579667 0.037333 0.039333
1 0.333333 0.531000 0.104000 0.080667
1 0.357667 0.454333 0.091333 0.078000
2 0.423667 0.508667 0.082000 0.110667
2 0.472000 0.445667 0.101333 0.090000
2 0.395000 0.378667 0.080667 0.098667
1 0.483333 0.360000 0.109333 0.100000
2 0.458333 0.242667 0.140667 0.140000
2 0.537333 0.275000 0.065333 0.084667
2 0.586000 0.197667 0.090667 0.091333
2 0.494000 0.156667 0.097333 0.078667
2 0.514667 0.075667 0.094667 0.083333
2 0.639667 0.034333 0.052667 0.048667
2 0.614667 0.104000 0.102667 0.101333
2 0.823667 0.034333 0.038000 0.048667
2 0.881333 0.063000 0.064000 0.083333
2 0.956333 0.070667 0.072667 0.093333
2 0.861000 0.137000 0.048667 0.056667
2 0.811000 0.104667 0.051333 0.061333
2 0.729333 0.104667 0.106667 0.110667
2 0.699333 0.181333 0.077333 0.065333
2 0.775667 0.192000 0.072667 0.064000
2 0.901333 0.228667 0.090667 0.126667
2 0.916000 0.320000 0.028000 0.028000
2 0.826333 0.286000 0.092667 0.096000
2 0.734667 0.251000 0.096000 0.090000
1 0.656667 0.254667 0.065333 0.074667
2 0.846333 0.379000 0.050000 0.056667
2 0.784000 0.367667 0.077333 0.071333
2 0.718667 0.346667 0.097333 0.101333
2 0.646333 0.349667 0.088667 0.107333
2 0.690333 0.424000 0.048667 0.053333
2 0.627333 0.437000 0.069333 0.076667
2 0.760667 0.431333 0.072000 0.065333
2 0.837667 0.449000 0.090000 0.086000
2 0.807000 0.537333 0.115333 0.090667
2 0.893667 0.556000 0.042000 0.041333
2 0.748667 0.490000 0.085333 0.057333
2 0.578667 0.471667 0.066667 0.084667
2 0.664000 0.490000 0.065333 0.070667
2 0.496667 0.532333 0.069333 0.088667
2 0.451333 0.619667 0.121333 0.119333
1 0.558333 0.548333 0.082000 0.092667
1 0.628667 0.564667 0.064000 0.065333
2 0.721667 0.574667 0.083333 0.078667
2 0.532667 0.640667 0.080000 0.089333
2 0.631333 0.639667 0.138667 0.115333
2 0.699333 0.675667 0.041333 0.052667
2 0.406333 0.748333 0.070000 0.071333
2 0.398000 0.814667 0.069333 0.065333
2 0.361333 0.876333 0.096000 0.082000
2 0.350667 0.955667 0.089333 0.080667
2 0.434667 0.926000 0.073333 0.070667
2 0.528667 0.930333 0.092000 0.104667
2 0.469667 0.874667 0.110000 0.076000
2 0.489667 0.794333 0.111333 0.090000
2 0.512000 0.725333 0.097333 0.092000
2 0.610333 0.752667 0.119333 0.140000
2 0.687333 0.761667 0.070667 0.116667
2 0.772333 0.658000 0.074000 0.073333
2 0.786000 0.597333 0.040000 0.036000
2 0.855000 0.628333 0.075333 0.080667
2 0.942333 0.740667 0.091333 0.100000
2 0.843333 0.740000 0.098667 0.145333
2 0.761667 0.758667 0.078000 0.108000
2 0.795000 0.849667 0.088667 0.082000
2 0.686667 0.911667 0.074667 0.083333
2 0.683000 0.973000 0.070000 0.054000
2 0.764000 0.925000 0.078667 0.084667
2 0.849667 0.947000 0.083333 0.090000
2 0.877000 0.872667 0.060667 0.056000
2 0.936667 0.921667 0.100000 0.120667
0 0.612667 0.951333 0.078667 0.093333
0 0.619333 0.844667 0.072000 0.054667
0 0.918667 0.829333 0.069333 0.073333
0 0.552667 0.847333 0.056000 0.041333
0 0.306333 0.845667 0.047333 0.040667
0 0.026667 0.793667 0.052000 0.044667
0 0.410667 0.695667 0.074667 0.058000
0 0.199667 0.568333 0.060667 0.042000
0 0.528667 0.433333 0.048000 0.037333
0 0.221667 0.356667 0.032667 0.032000
0 0.089333 0.341667 0.045333 0.035333
0 0.248333 0.255000 0.054000 0.044667
0 0.308000 0.231333 0.061333 0.052000
0 0.568667 0.320333 0.064000 0.076667
0 0.968000 0.230000 0.041333 0.056000
0 0.032333 0.172667 0.051333 0.044000
0 0.128333 0.073000 0.043333 0.046000
0 0.372000 0.056000 0.048000 0.044000
2 0.198667 0.969333 0.113333 0.057333
2 0.098333 0.967000 0.095333 0.064667
2 0.549000 0.024333 0.112667 0.047333
2 0.946333 0.619333 0.079333 0.097333
