2 0.042000 0.132000 0.065333 0.057333
2 0.145000 0.048667 0.074000 0.062667
2 0.116333 0.120333 0.070000 0.070000
2 0.189333 0.161333 0.118667 0.108000
2 0.150333 0.252333 0.083333 0.084667
2 0.050667 0.280000 0.041333 0.044000
1 0.076333 0.260667 0.056667 0.046667
2 0.100667 0.200667 0.045333 0.058667
2 0.025000 0.326000 0.048667 0.080000
2 0.102333 0.333667 0.091333 0.098000
2 0.045333 0.411000 0.077333 0.075333
1 0.100667 0.397667 0.038667 0.040667
1 0.046333 0.475000 0.050000 0.051333
2 0.194000 0.452333 0.108000 0.075333
1 0.223000 0.327667 0.048667 0.052667
2 0.273333 0.129333 0.057333 0.069333
1 0.299333 0.058000 0.046667 0.065333
2 0.211000 0.089333 0.068667 0.065333
2 0.233667 0.034000 0.075333 0.065333
2 0.468333 0.065000 0.076667 0.086000
2 0.379333 0.104667 0.094667 0.084000
2 0.351667 0.185667 0.104667 0.099333
2 0.433000 0.220333 0.062000 0.060667
2 0.267667 0.228333 0.134000 0.116667
2 0.316000 0.291667 0.069333 0.051333
2 0.417000 0.278000 0.034000 0.030667
2 0.398333 0.346000 0.123333 0.142667
2 0.478000 0.359000 0.092000 0.086000
2 0.541333 0.335667 0.066667 0.062000
2 0.500667 0.289000 0.022667 0.023333
2 0.540000 0.396333 0.069333 0.059333
1 0.367333 0.454667 0.052000 0.060000
2 0.445333 0.451667 0.049333 0.047333
2 0.422667 0.483333 0.057333 0.044000
2 0.522667 0.457667 0.105333 0.070000
2 0.694667 0.422000 0.073333 0.065333
1 0.771333 0.444333 0.036000 0.035333
2 0.793333 0.360667 0.046667 0.056000
3 0.758000 0.270000 0.078667 0.084000
2 0.666000 0.237667 0.120000 0.119333
2 0.563000 0.229000 0.092667 0.100667
2 0.537000 0.116000 0.083333 0.110667
2 0.609667 0.128000 0.062000 0.088000
3 0.635667 0.036333 0.051333 0.047333
3 0.807667 0.072667 0.086000 0.116000
2 0.701333 0.128667 0.110667 0.125333
2 0.596000 0.496667 0.116000 0.121333
2 0.498000 0.567333 0.085333 0.082667
1 0.411333 0.535000 0.037333 0.040667
2 0.401000 0.566333 0.035333 0.028667
2 0.343333 0.507333 0.077333 0.092000
2 0.336000 0.566667 0.041333 0.034667
2 0.438667 0.630333 0.113333 0.116667
2 0.352333 0.679667 0.084667 0.122000
1 0.340667 0.756667 0.044000 0.032000
2 0.432333 0.742000 0.118000 0.109333
2 0.499000 0.790667 0.032667 0.038667
2 0.105667 0.485000 0.068667 0.063333
2 0.098333 0.552000 0.076667 0.068000
2 0.014000 0.527667 0.026667 0.042000
2 0.072000 0.618667 0.040000 0.042667
1 0.052000 0.698333 0.037333 0.042000
2 0.244000 0.534000 0.042667 0.042667
2 0.209667 0.662333 0.152667 0.135333
2 0.685667 0.517000 0.074000 0.098000
3 0.739667 0.533333 0.036667 0.048000
2 0.792333 0.550333 0.088667 0.078000
2 0.717000 0.616000 0.040667 0.037333
2 0.637000 0.601667 0.087333 0.084667
2 0.567000 0.597000 0.059333 0.078000
2 0.777000 0.727000 0.058000 0.060667
2 0.677667 0.720000 0.130000 0.104000
2 0.589667 0.839000 0.119333 0.146000
2 0.640333 0.925333 0.100667 0.086667
2 0.714667 0.878000 0.018667 0.018667
2 0.474000 0.878667 0.113333 0.129333
2 0.367667 0.885333 0.100667 0.129333
2 0.544667 0.956333 0.086667 0.078000
2 0.286000 0.916667 0.060000 0.068000
2 0.033333 0.940333 0.044000 0.088667
2 0.127333 0.871333 0.054667 0.036000
2 0.129000 0.934333 0.143333 0.119333
2 0.064000 0.870000 0.041333 0.041333
2 0.165667 0.833333 0.064667 0.057333
2 0.089333 0.793667 0.114667 0.111333
1 0.246667 0.815667 0.037333 0.042000
2 0.267333 0.744000 0.078667 0.060000
1 0.176667 0.758667 0.034667 0.038667
2 0.840000 0.465000 0.073333 0.070000
2 0.868333 0.372333 0.032667 0.031333
2 0.712667 0.355000 0.048000 0.028667
3 0.910333 0.044333 0.094000 0.080667
2 0.942333 0.126667 0.020667 0.021333
2 0.862000 0.166000 0.033333 0.030667
0 0.907333 0.928667 0.150667 0.142667
0 0.203000 0.964667 0.060667 0.062667
0 0.204000 0.719000 0.045333 0.039333
0 0.285333 0.786667 0.056000 0.041333
0 0.396000 0.598333 0.050667 0.050000
0 0.251000 0.627000 0.055333 0.054000
0 0.168333 0.548000 0.044667 0.056000
0 0.309667 0.604667 0.050000 0.050667
0 0.299333 0.350000 0.068000 0.078667
0 0.641333 0.318333 0.078667 0.068667
0 0.942667 0.321333 0.114667 0.156000
0 0.046333 0.207667 0.091333 0.099333
0 0.313000 0.113333 0.032667 0.046667
0 0.455333 0.142000 0.072000 0.068000
0 0.379333 0.038333 0.068000 0.056667
2 0.445667 0.973000 0.116667 0.054000
2 0.037333 0.763667 0.073333 0.072667
2 0.041000 0.043667 0.080667 0.086000
2 0.556667 0.036000 0.104000 0.070667
