2 0.053000 0.096333 0.054000 0.052667
3 0.131333 0.114333 0.092000 0.108667
1 0.235333 0.037333 0.077333 0.073333
2 0.314667 0.053000 0.044000 0.042000
2 0.223667 0.118000 0.076667 0.062667
1 0.292667 0.114000 0.030667 0.033333
1 0.346000 0.100333 0.037333 0.050000
2 0.274333 0.163000 0.066000 0.060667
2 0.267333 0.205000 0.056000 0.054000
2 0.249667 0.234667 0.083333 0.062667
2 0.189000 0.204333 0.079333 0.088667
1 0.230000 0.278667 0.036000 0.034667
2 0.350000 0.188667 0.078667 0.073333
2 0.357667 0.251000 0.067333 0.059333
2 0.311000 0.301667 0.110000 0.116667
2 0.223000 0.350333 0.075333 0.078000
2 0.220000 0.409333 0.033333 0.034667
2 0.284000 0.384000 0.056000 0.064000
2 0.156333 0.351000 0.060667 0.059333
2 0.070667 0.276333 0.073333 0.079333
2 0.039667 0.368000 0.070000 0.096000
2 0.337667 0.401000 0.051333 0.062000
2 0.385000 0.400000 0.046000 0.068000
2 0.422333 0.490667 0.062000 0.061333
2 0.341667 0.470333 0.112667 0.082000
2 0.311667 0.554667 0.122000 0.102667
2 0.093667 0.474000 0.086000 0.077333
2 0.170333 0.500333 0.075333 0.078000
2 0.398000 0.554333 0.046667 0.047333
1 0.467667 0.538667 0.050000 0.060000
2 0.496667 0.607333 0.122667 0.120000
2 0.383333 0.623333 0.098667 0.101333
2 0.117667 0.615667 0.083333 0.070000
2 0.146667 0.571000 0.022667 0.022000
2 0.210333 0.611667 0.075333 0.080667
2 0.077000 0.690667 0.078000 0.082667
2 0.161667 0.687000 0.078000 0.090000
2 0.245000 0.698333 0.108667 0.115333
2 0.353667 0.700333 0.055333 0.055333
3 0.326667 0.769333 0.062667 0.065333
2 0.237667 0.799667 0.087333 0.082000
2 0.136667 0.764000 0.072000 0.066667
2 0.138000 0.813667 0.069333 0.043333
2 0.047333 0.789333 0.093333 0.146667
2 0.110333 0.864000 0.072667 0.064000
2 0.197333 0.894000 0.088000 0.093333
2 0.097333 0.938667 0.098667 0.090667
2 0.284000 0.891333 0.064000 0.052000
2 0.258000 0.958000 0.081333 0.084000
3 0.311667 0.831000 0.058000 0.052667
2 0.464000 0.701667 0.126667 0.088667
2 0.411333 0.825000 0.106667 0.115333
2 0.382667 0.897000 0.053333 0.051333
1 0.362667 0.958000 0.068000 0.073333
2 0.585000 0.924000 0.115333 0.141333
2 0.495000 0.879667 0.078000 0.080667
1 0.567333 0.825000 0.053333 0.051333
2 0.485333 0.802667 0.061333 0.073333
3 0.727667 0.809667 0.043333 0.048667
2 0.790333 0.846333 0.040667 0.052667
2 0.954667 0.905667 0.090667 0.079333
2 0.846333 0.941333 0.044667 0.029333
2 0.871667 0.854333 0.050000 0.044667
2 0.926000 0.779667 0.133333 0.139333
3 0.855667 0.710000 0.059333 0.058667
2 0.699333 0.752333 0.136000 0.084667
2 0.677667 0.587667 0.090000 0.083333
2 0.742667 0.658000 0.166667 0.160000
2 0.762667 0.547667 0.032000 0.039333
3 0.837667 0.517000 0.059333 0.044667
2 0.859000 0.476000 0.039333 0.037333
2 0.939000 0.515667 0.084667 0.078000
2 0.909667 0.600333 0.084667 0.083333
2 0.959333 0.661667 0.081333 0.059333
3 0.704333 0.512333 0.048667 0.043333
3 0.648667 0.515667 0.052000 0.044667
3 0.721667 0.449667 0.047333 0.046000
3 0.647333 0.389333 0.029333 0.033333
3 0.670000 0.353000 0.058667 0.047333
2 0.619667 0.447000 0.143333 0.120667
3 0.802667 0.409333 0.057333 0.040000
3 0.776333 0.302333 0.092667 0.082000
2 0.845333 0.344667 0.097333 0.133333
2 0.940000 0.351000 0.101333 0.112667
3 0.939000 0.263667 0.051333 0.038000
2 0.904333 0.169333 0.092667 0.098667
2 0.799333 0.204000 0.128000 0.101333
2 0.585667 0.254667 0.111333 0.108000
2 0.730667 0.147000 0.090667 0.107333
2 0.854333 0.058000 0.082000 0.101333
3 0.820000 0.118667 0.041333 0.038667
2 0.754667 0.056000 0.102667 0.102667
1 0.659000 0.065000 0.091333 0.079333
2 0.549333 0.031667 0.108000 0.048667
3 0.541000 0.079667 0.091333 0.060667
2 0.617333 0.139000 0.144000 0.116667
0 0.901667 0.949000 0.059333 0.064667
0 0.871667 0.896667 0.075333 0.050667
0 0.792333 0.924667 0.076667 0.069333
0 0.826000 0.772667 0.056000 0.061333
0 0.779667 0.801333 0.059333 0.057333
0 0.834333 0.831667 0.060667 0.063333
0 0.378000 0.754000 0.040000 0.037333
0 0.226000 0.497333 0.064000 0.068000
0 0.927000 0.454000 0.036667 0.046667
0 0.431333 0.402667 0.060000 0.049333
0 0.176333 0.421000 0.050000 0.052667
0 0.518667 0.187000 0.030667 0.043333
0 0.420667 0.116000 0.034667 0.044000
0 0.406667 0.072667 0.041333 0.037333
0 0.091667 0.208000 0.036667 0.037333
2 0.536667 0.960000 0.097333 0.080000
2 0.433333 0.953667 0.121333 0.091333
2 0.029667 0.939667 0.056667 0.114000
2 0.034333 0.154667 0.067333 0.078667
3 0.058333 0.034000 0.088667 0.065333
3 0.968333 0.140333 0.063333 0.108667
2 0.975333 0.603333 0.041333 0.053333
