2 0.951333 0.956333 0.078667 0.082000
2 0.871000 0.962667 0.098000 0.074667
2 0.861000 0.885000 0.076667 0.088667
2 0.928333 0.763667 0.078000 0.115333
3 0.925000 0.878000 0.048667 0.069333
2 0.775000 0.891667 0.131333 0.115333
2 0.720333 0.925333 0.088667 0.074667
2 0.836667 0.753333 0.102667 0.092000
2 0.810000 0.810000 0.098667 0.092000
2 0.641667 0.925333 0.068667 0.082667
2 0.706333 0.799000 0.111333 0.075333
2 0.578667 0.980667 0.048000 0.038667
3 0.227333 0.956000 0.028000 0.058667
2 0.274667 0.938667 0.066667 0.093333
2 0.379667 0.873333 0.052667 0.054667
2 0.385667 0.923333 0.078000 0.076000
2 0.423667 0.963333 0.084667 0.068000
2 0.494000 0.974333 0.045333 0.051333
2 0.538333 0.850333 0.072667 0.075333
2 0.494333 0.888000 0.112667 0.097333
2 0.402333 0.826000 0.044667 0.042667
2 0.268667 0.800333 0.038667 0.044667
2 0.413000 0.758000 0.055333 0.057333
2 0.489000 0.778333 0.084667 0.114000
2 0.573667 0.775333 0.104667 0.092000
2 0.665333 0.704667 0.124000 0.144000
2 0.744667 0.651667 0.070667 0.075333
2 0.830667 0.651667 0.106667 0.111333
2 0.568667 0.628000 0.072000 0.069333
2 0.527667 0.685667 0.115333 0.087333
2 0.452000 0.677000 0.056000 0.050000
2 0.443333 0.601000 0.134667 0.095333
2 0.505333 0.528000 0.070667 0.074667
2 0.602000 0.539333 0.122667 0.094667
2 0.414333 0.520000 0.086000 0.100000
2 0.283333 0.648333 0.065333 0.059333
2 0.141000 0.727000 0.146000 0.082000
2 0.164667 0.622000 0.136000 0.132000
2 0.211333 0.538667 0.073333 0.068000
2 0.234000 0.457333 0.113333 0.113333
2 0.308333 0.492000 0.112667 0.110667
2 0.326667 0.581000 0.098667 0.091333
2 0.759667 0.546333 0.120667 0.088667
2 0.893333 0.489000 0.068000 0.052667
2 0.937667 0.568667 0.120667 0.105333
2 0.962000 0.436667 0.064000 0.092000
2 0.888333 0.418333 0.086000 0.075333
2 0.927000 0.345667 0.047333 0.048667
2 0.860333 0.344333 0.078000 0.079333
2 0.791000 0.396000 0.106000 0.105333
2 0.776333 0.473333 0.079333 0.076000
2 0.693000 0.469667 0.115333 0.108667
2 0.380667 0.342667 0.078667 0.068000
2 0.466667 0.370667 0.065333 0.057333
2 0.582000 0.463667 0.085333 0.082000
2 0.570667 0.385000 0.101333 0.078000
2 0.635333 0.329333 0.110667 0.097333
2 0.713667 0.338333 0.051333 0.046000
2 0.698333 0.386000 0.084667 0.062667
2 0.857000 0.266333 0.046000 0.048667
2 0.925000 0.269000 0.087333 0.079333
2 0.885333 0.177333 0.058667 0.060000
2 0.766667 0.256667 0.129333 0.129333
2 0.743667 0.164333 0.086000 0.080667
2 0.802000 0.107333 0.058667 0.086667
2 0.860667 0.112667 0.061333 0.072000
2 0.928667 0.110333 0.069333 0.080667
2 0.868000 0.040000 0.090667 0.073333
2 0.775667 0.035333 0.080667 0.069333
2 0.718000 0.105000 0.070667 0.112667
2 0.646667 0.101333 0.072000 0.098667
2 0.645000 0.227333 0.112667 0.128000
2 0.453000 0.219333 0.056667 0.060000
2 0.538333 0.237000 0.127333 0.138000
2 0.530667 0.150333 0.062667 0.058000
2 0.471333 0.153333 0.072000 0.072000
2 0.393000 0.134333 0.090000 0.126000
2 0.403667 0.043333 0.058000 0.056000
2 0.510333 0.068333 0.142000 0.124667
0 0.641000 0.862000 0.039333 0.041333
0 0.600000 0.887667 0.032000 0.036667
0 0.217333 0.922667 0.052000 0.036000
0 0.099000 0.935000 0.042000 0.036667
0 0.060333 0.883667 0.030000 0.036667
0 0.130333 0.797667 0.074000 0.064667
0 0.196000 0.876000 0.068000 0.056000
0 0.229667 0.836667 0.078000 0.081333
0 0.080667 0.423000 0.070667 0.071333
0 0.154667 0.377000 0.085333 0.074000
0 0.330333 0.388333 0.168667 0.135333
0 0.083667 0.272000 0.123333 0.114667
0 0.204667 0.282333 0.142667 0.140667
0 0.119000 0.149667 0.164667 0.146000
0 0.278333 0.077000 0.170000 0.131333
0 0.175333 0.977333 0.033333 0.036000
0 0.274000 0.171667 0.145333 0.107333
0 0.126333 0.496667 0.067333 0.061333
