1 0.091000 0.094333 0.127333 0.110000
2 0.082667 0.178000 0.164000 0.136000
1 0.221000 0.128667 0.126000 0.129333
2 0.218000 0.270333 0.154667 0.215333
2 0.170000 0.394000 0.064000 0.062667
2 0.361333 0.243333 0.162667 0.202667
1 0.468667 0.119333 0.141333 0.134667
1 0.612667 0.140000 0.134667 0.148000
1 0.507667 0.217000 0.106000 0.078000
1 0.536667 0.275000 0.102667 0.084667
2 0.513333 0.347000 0.077333 0.074000
2 0.745667 0.162000 0.143333 0.134667
1 0.755667 0.061000 0.079333 0.090000
2 0.857000 0.071667 0.123333 0.115333
2 0.911667 0.186000 0.124667 0.132000
1 0.639000 0.264333 0.128667 0.124667
2 0.645000 0.352333 0.108667 0.087333
1 0.722333 0.280333 0.056667 0.087333
1 0.815333 0.300667 0.126667 0.230667
2 0.904667 0.306000 0.061333 0.089333
2 0.932667 0.377333 0.102667 0.106667
2 0.765333 0.424000 0.085333 0.082667
2 0.897333 0.453667 0.096000 0.076667
2 0.793000 0.517667 0.120667 0.104667
2 0.885667 0.547667 0.078000 0.127333
2 0.957000 0.540333 0.071333 0.083333
2 0.957000 0.622000 0.071333 0.076000
2 0.799333 0.615000 0.110667 0.092667
2 0.899333 0.687333 0.110667 0.101333
2 0.957667 0.758000 0.070000 0.073333
2 0.889667 0.777000 0.070000 0.078000
2 0.821333 0.792000 0.097333 0.100000
2 0.787000 0.696000 0.083333 0.105333
2 0.707667 0.677000 0.091333 0.111333
2 0.696333 0.760333 0.083333 0.080667
2 0.707000 0.874667 0.168667 0.185333
2 0.815333 0.919667 0.088000 0.083333
2 0.934333 0.950000 0.075333 0.082667
2 0.602333 0.844667 0.080667 0.108000
2 0.589667 0.943000 0.058000 0.087333
2 0.516000 0.940667 0.100000 0.116000
2 0.427333 0.943333 0.066667 0.069333
2 0.433333 0.830333 0.101333 0.159333
2 0.521000 0.844000 0.082000 0.098667
2 0.335333 0.820667 0.122667 0.126667
2 0.324000 0.941000 0.138667 0.118000
2 0.160667 0.835667 0.194667 0.154000
2 0.272333 0.759000 0.090000 0.083333
2 0.392333 0.396333 0.136667 0.139333
2 0.471000 0.482333 0.112667 0.119333
1 0.599333 0.477333 0.146667 0.170667
2 0.671000 0.431000 0.082000 0.072667
2 0.696000 0.504667 0.062667 0.077333
2 0.604333 0.597000 0.143333 0.118000
2 0.461000 0.592000 0.112667 0.108000
2 0.457667 0.681000 0.114000 0.119333
2 0.573667 0.691333 0.128667 0.132000
2 0.530000 0.764667 0.097333 0.068000
2 0.359000 0.593333 0.106000 0.136000
2 0.202333 0.457333 0.114000 0.125333
2 0.225667 0.569000 0.144667 0.151333
2 0.278667 0.662333 0.128000 0.110000
2 0.084667 0.546667 0.168000 0.168000
2 0.149000 0.653667 0.083333 0.082000
2 0.064667 0.662000 0.089333 0.070667
2 0.062667 0.723333 0.104000 0.070667
2 0.164000 0.727333 0.098667 0.076000
2 0.863667 0.970333 0.103333 0.059333
2 0.051333 0.884667 0.098667 0.154667
2 0.199667 0.958667 0.122000 0.082667
2 0.077667 0.316333 0.151333 0.158000
2 0.278667 0.059000 0.102667 0.116667
2 0.380667 0.071667 0.133333 0.142000
2 0.561000 0.049000 0.127333 0.096667
2 0.670333 0.035333 0.115333 0.069333
2 0.951333 0.062667 0.097333 0.124000
2 0.634333 0.968667 0.087333 0.062667
2 0.976333 0.936333 0.044667 0.127333
0 0.316333 0.454333 0.183333 0.187333
