2 0.131333 0.044333 0.072000 0.064667
2 0.115333 0.118333 0.045333 0.047333
2 0.236333 0.020000 0.035333 0.032000
2 0.376667 0.025333 0.037333 0.044000
3 0.415333 0.124000 0.068000 0.066667
3 0.454000 0.211667 0.070667 0.078000
3 0.359000 0.111667 0.050000 0.055333
2 0.336667 0.187000 0.041333 0.048667
2 0.250667 0.199667 0.072000 0.064667
2 0.166000 0.188000 0.092000 0.092000
2 0.059333 0.255333 0.066667 0.062667
2 0.150000 0.269667 0.096000 0.083333
2 0.093000 0.352333 0.107333 0.090000
2 0.168667 0.431333 0.136000 0.134667
3 0.263000 0.440667 0.050000 0.069333
2 0.330667 0.377667 0.129333 0.118000
2 0.302333 0.269667 0.086000 0.088667
3 0.548000 0.251333 0.094667 0.104000
2 0.569333 0.154000 0.024000 0.029333
3 0.429000 0.311333 0.054000 0.061333
2 0.054333 0.522667 0.059333 0.066667
3 0.127667 0.592000 0.040667 0.044000
3 0.187667 0.609000 0.046000 0.052667
3 0.353333 0.563667 0.074667 0.084667
3 0.266667 0.601000 0.062667 0.056667
3 0.261667 0.681000 0.080667 0.080667
2 0.143000 0.689333 0.126000 0.110667
2 0.202333 0.761000 0.088667 0.084667
3 0.127000 0.772667 0.060667 0.056000
2 0.111667 0.837667 0.055333 0.055333
2 0.186667 0.856333 0.092000 0.084667
2 0.159667 0.929000 0.059333 0.059333
3 0.339667 0.890667 0.094000 0.092000
2 0.412667 0.843333 0.101333 0.094667
2 0.452333 0.881667 0.052667 0.056667
2 0.440333 0.778000 0.087333 0.074667
2 0.525000 0.751667 0.104667 0.091333
2 0.452000 0.702333 0.130667 0.090000
2 0.493333 0.626667 0.137333 0.110667
2 0.541000 0.549667 0.091333 0.071333
2 0.554333 0.473333 0.056667 0.065333
2 0.567333 0.405333 0.086667 0.078667
2 0.616000 0.486000 0.069333 0.093333
2 0.616667 0.663000 0.042667 0.044667
2 0.610000 0.718333 0.070667 0.055333
3 0.637000 0.626333 0.052667 0.051333
2 0.646667 0.572667 0.044000 0.046667
3 0.676333 0.543000 0.043333 0.051333
2 0.705667 0.469667 0.095333 0.108667
3 0.810333 0.455333 0.058000 0.054667
2 0.891667 0.440000 0.079333 0.068000
2 0.884000 0.515667 0.097333 0.080667
2 0.779667 0.534000 0.088667 0.102667
2 0.848000 0.591333 0.113333 0.085333
2 0.952667 0.573333 0.090667 0.098667
3 0.748667 0.618000 0.073333 0.070667
3 0.713333 0.696000 0.066667 0.064000
3 0.687333 0.769000 0.062667 0.056667
3 0.663333 0.852667 0.036000 0.040000
2 0.766667 0.831333 0.062667 0.065333
3 0.771333 0.758000 0.097333 0.076000
2 0.866667 0.777333 0.101333 0.106667
2 0.808667 0.674667 0.101333 0.073333
2 0.922333 0.675333 0.115333 0.105333
2 0.940333 0.821333 0.062000 0.064000
3 0.905667 0.868000 0.071333 0.062667
2 0.882000 0.966333 0.073333 0.062000
2 0.960667 0.935000 0.078667 0.104667
2 0.788333 0.968000 0.027333 0.029333
2 0.939333 0.376333 0.100000 0.151333
2 0.841333 0.363333 0.100000 0.101333
2 0.749333 0.377000 0.089333 0.080667
3 0.604667 0.331667 0.030667 0.040667
2 0.677667 0.295000 0.107333 0.119333
2 0.786667 0.286667 0.108000 0.094667
3 0.644000 0.186667 0.102667 0.094667
2 0.678667 0.103667 0.102667 0.087333
3 0.758333 0.086667 0.046000 0.061333
3 0.852000 0.021333 0.041333 0.038667
2 0.945667 0.055667 0.090000 0.080667
2 0.913333 0.134333 0.072000 0.059333
2 0.905000 0.213000 0.111333 0.122000
2 0.798000 0.188000 0.105333 0.108000
2 0.950333 0.270667 0.099333 0.082667
0 0.806667 0.914333 0.042667 0.052667
0 0.759667 0.924333 0.047333 0.052667
0 0.578000 0.930333 0.060000 0.048667
0 0.649667 0.913000 0.058000 0.054000
0 0.701333 0.870333 0.046667 0.039333
0 0.584667 0.821333 0.041333 0.044000
0 0.267667 0.896333 0.047333 0.048667
0 0.044333 0.788667 0.064667 0.076000
0 0.264667 0.822333 0.050667 0.044667
0 0.329667 0.819667 0.043333 0.040667
0 0.346667 0.766667 0.069333 0.066667
0 0.057667 0.629333 0.054000 0.034667
0 0.046667 0.675000 0.053333 0.034000
0 0.197333 0.542333 0.070667 0.072667
0 0.271667 0.554000 0.064667 0.049333
0 0.266333 0.517667 0.034000 0.034000
0 0.321667 0.465000 0.059333 0.058000
0 0.397333 0.505333 0.049333 0.044000
0 0.453000 0.495333 0.052667 0.069333
0 0.078000 0.194333 0.060000 0.046000
0 0.035333 0.133000 0.056000 0.064667
0 0.508000 0.168333 0.069333 0.070000
0 0.535667 0.126667 0.055333 0.045333
0 0.215333 0.062333 0.056000 0.059333
0 0.264000 0.082333 0.037333 0.032667
0 0.319000 0.021667 0.059333 0.042000
0 0.418333 0.071333 0.059333 0.052000
0 0.461333 0.078000 0.029333 0.030667
0 0.574000 0.078000 0.032000 0.030667
0 0.618667 0.066000 0.026667 0.041333
0 0.589000 0.045000 0.032667 0.039333
0 0.808667 0.121333 0.032000 0.033333
2 0.506667 0.962333 0.089333 0.075333
2 0.363000 0.966333 0.128667 0.067333
2 0.066333 0.963333 0.130000 0.073333
2 0.220000 0.955333 0.109333 0.089333
2 0.024333 0.705000 0.047333 0.099333
2 0.029000 0.424000 0.056667 0.102667
2 0.026667 0.326000 0.052000 0.089333
2 0.047000 0.052667 0.092667 0.104000
2 0.715667 0.026333 0.114000 0.051333
2 0.972000 0.756667 0.056000 0.089333
