3 0.552000 0.149667 0.072000 0.072667
2 0.621667 0.069333 0.122000 0.129333
2 0.726667 0.105333 0.090667 0.102667
2 0.651000 0.189667 0.127333 0.118000
3 0.608000 0.268333 0.052000 0.068667
2 0.688333 0.319000 0.131333 0.131333
3 0.542333 0.346000 0.075333 0.084000
2 0.453000 0.314000 0.107333 0.132000
3 0.255333 0.244667 0.100000 0.093333
2 0.181000 0.242333 0.048667 0.051333
2 0.147333 0.336667 0.092000 0.084000
3 0.114333 0.420333 0.114000 0.103333
2 0.251667 0.362000 0.119333 0.130667
2 0.370333 0.398333 0.106000 0.116667
3 0.318000 0.462000 0.073333 0.065333
2 0.694000 0.431333 0.112000 0.085333
3 0.593667 0.489000 0.095333 0.094000
3 0.562333 0.573000 0.100667 0.100667
2 0.435333 0.524333 0.133333 0.114000
3 0.192667 0.518667 0.113333 0.104000
3 0.282333 0.562667 0.104667 0.089333
2 0.363000 0.616000 0.116667 0.105333
3 0.466000 0.637333 0.077333 0.082667
2 0.215667 0.633000 0.118000 0.098000
3 0.080000 0.649000 0.101333 0.110000
3 0.422000 0.707333 0.029333 0.032000
2 0.210000 0.717000 0.101333 0.071333
2 0.304333 0.738333 0.116667 0.116667
2 0.373333 0.768333 0.046667 0.058000
2 0.430000 0.801000 0.094667 0.094000
3 0.529333 0.747667 0.034667 0.043333
3 0.130667 0.877333 0.074667 0.080000
2 0.046667 0.922333 0.084000 0.090000
3 0.207000 0.897000 0.087333 0.084667
3 0.134000 0.940000 0.041333 0.038667
2 0.193667 0.804000 0.107333 0.105333
3 0.296333 0.842667 0.082000 0.089333
2 0.302667 0.921667 0.113333 0.088667
2 0.952000 0.450000 0.070667 0.096000
2 0.692667 0.512333 0.077333 0.068667
2 0.748667 0.231333 0.116000 0.098667
2 0.789000 0.355333 0.086000 0.120000
2 0.850667 0.275667 0.104000 0.107333
2 0.918667 0.227667 0.098667 0.091333
2 0.909667 0.335333 0.082000 0.080000
0 0.364667 0.851000 0.074667 0.084667
0 0.566000 0.940667 0.093333 0.097333
0 0.622333 0.770333 0.228667 0.282000
0 0.807000 0.614667 0.386000 0.468000
0 0.515667 0.893333 0.099333 0.076000
0 0.356667 0.851000 0.072000 0.076667
0 0.029333 0.811000 0.057333 0.063333
0 0.139000 0.681667 0.075333 0.092667
0 0.225000 0.446667 0.043333 0.046667
0 0.261000 0.476333 0.043333 0.051333
0 0.352333 0.129000 0.398000 0.256667
3 0.028667 0.737333 0.053333 0.081333
2 0.801667 0.043667 0.151333 0.086000
2 0.943000 0.113000 0.114000 0.150000
