3 0.094333 0.772667 0.046000 0.053333
3 0.131000 0.613000 0.050000 0.042000
3 0.046000 0.511333 0.090667 0.077333
3 0.142333 0.521333 0.070000 0.074667
2 0.041333 0.587000 0.081333 0.076667
3 0.218667 0.562000 0.074667 0.060000
2 0.294000 0.612000 0.028000 0.032000
2 0.278333 0.681667 0.058000 0.048667
2 0.462333 0.810333 0.046000 0.044667
2 0.422667 0.735667 0.066667 0.079333
2 0.502667 0.749000 0.090667 0.086000
3 0.596333 0.816667 0.044667 0.032000
3 0.609333 0.762667 0.066667 0.066667
3 0.630000 0.689333 0.061333 0.061333
3 0.470000 0.663000 0.069333 0.088667
2 0.487000 0.592667 0.019333 0.021333
3 0.376333 0.647667 0.048667 0.072667
3 0.394333 0.574000 0.076667 0.061333
3 0.422333 0.494000 0.071333 0.076000
3 0.566000 0.611667 0.050667 0.047333
3 0.344333 0.445000 0.079333 0.083333
3 0.324333 0.540000 0.083333 0.088000
3 0.253667 0.470333 0.091333 0.082000
3 0.267333 0.380333 0.058667 0.056667
3 0.187000 0.431000 0.055333 0.070000
3 0.147667 0.430333 0.052667 0.090000
3 0.038333 0.393333 0.047333 0.074667
3 0.090000 0.398333 0.065333 0.090000
3 0.120333 0.246333 0.091333 0.080667
3 0.047333 0.112333 0.078667 0.090000
3 0.087000 0.046333 0.055333 0.050000
3 0.164000 0.071000 0.045333 0.052667
3 0.239667 0.084333 0.080667 0.076667
3 0.237000 0.172333 0.086000 0.083333
3 0.213000 0.267667 0.088667 0.092667
3 0.190333 0.346000 0.120667 0.102667
3 0.330667 0.121000 0.098667 0.119333
3 0.427333 0.146000 0.096000 0.128000
3 0.496333 0.168667 0.050000 0.061333
3 0.365333 0.375333 0.032000 0.038667
3 0.377333 0.283000 0.102667 0.138000
2 0.464667 0.310667 0.086667 0.096000
2 0.443333 0.406000 0.101333 0.105333
3 0.549333 0.318667 0.084000 0.100000
3 0.539000 0.408667 0.095333 0.086667
3 0.524333 0.495000 0.088667 0.083333
3 0.523000 0.081667 0.063333 0.084667
3 0.604000 0.053667 0.073333 0.087333
3 0.802333 0.032333 0.078000 0.060667
3 0.863333 0.064000 0.056000 0.064000
3 0.944000 0.056000 0.094667 0.110667
3 0.777000 0.102333 0.080667 0.076667
3 0.755333 0.217000 0.032000 0.024667
3 0.743333 0.258000 0.034667 0.037333
3 0.668000 0.158333 0.104000 0.082000
3 0.841000 0.144333 0.094000 0.090000
3 0.920333 0.137333 0.055333 0.065333
2 0.915333 0.217000 0.088000 0.086000
3 0.827333 0.241333 0.100000 0.096000
3 0.648333 0.238333 0.115333 0.084667
3 0.638000 0.313667 0.094667 0.092667
3 0.727333 0.322667 0.066667 0.058667
3 0.886000 0.297667 0.096000 0.060667
3 0.964333 0.335333 0.071333 0.100000
3 0.887333 0.395000 0.096000 0.080667
3 0.794667 0.382333 0.098667 0.088667
3 0.715333 0.402000 0.073333 0.069333
3 0.789667 0.461333 0.063333 0.069333
3 0.852000 0.487000 0.100000 0.079333
2 0.942667 0.451333 0.069333 0.062667
3 0.929333 0.519333 0.076000 0.068000
3 0.898667 0.580667 0.076000 0.066667
3 0.966000 0.607333 0.061333 0.064000
3 0.826000 0.568667 0.066667 0.066667
3 0.869333 0.639667 0.060000 0.048667
3 0.795000 0.649000 0.050000 0.055333
3 0.933667 0.709000 0.132667 0.144667
3 0.779000 0.707333 0.051333 0.038667
2 0.705667 0.683667 0.028667 0.014000
2 0.709667 0.707333 0.028667 0.022667
3 0.659667 0.622000 0.092667 0.078667
3 0.687333 0.546333 0.073333 0.075333
3 0.750667 0.544000 0.058667 0.076000
3 0.700000 0.469667 0.098667 0.088667
3 0.607667 0.453000 0.083333 0.083333
3 0.593667 0.541333 0.119333 0.096000
0 0.735333 0.798333 0.144000 0.152667
0 0.849000 0.852667 0.156667 0.192000
0 0.074000 0.906000 0.146667 0.188000
0 0.324667 0.944667 0.181333 0.110667
0 0.250333 0.854000 0.206000 0.270667
0 0.949333 0.828333 0.068000 0.066000
0 0.772667 0.600333 0.072000 0.059333
0 0.455667 0.579667 0.043333 0.047333
0 0.769000 0.298667 0.043333 0.036000
0 0.547667 0.188000 0.047333 0.064000
0 0.685000 0.106000 0.028667 0.033333
3 0.023000 0.653667 0.043333 0.079333
2 0.023667 0.320333 0.046000 0.071333
2 0.030667 0.238000 0.060000 0.102667
3 0.287333 0.025667 0.117333 0.048667
2 0.538667 0.023333 0.057333 0.042667
2 0.975667 0.235667 0.048667 0.079333
