2 0.112000 0.070667 0.133333 0.134667
1 0.186333 0.051000 0.064667 0.066000
2 0.266667 0.100333 0.157333 0.108667
2 0.290333 0.034000 0.092667 0.066667
2 0.361667 0.074000 0.078000 0.116000
1 0.416667 0.130667 0.096000 0.130667
1 0.515667 0.068333 0.119333 0.094000
2 0.109333 0.224667 0.130667 0.106667
2 0.102000 0.158667 0.066667 0.046667
2 0.182000 0.174000 0.104000 0.116000
2 0.257333 0.219667 0.200000 0.152667
2 0.339667 0.201667 0.063333 0.086000
2 0.420333 0.256667 0.119333 0.109333
2 0.066000 0.308000 0.130667 0.137333
2 0.207667 0.334000 0.147333 0.136000
2 0.044333 0.428333 0.087333 0.108667
2 0.121000 0.413000 0.092667 0.111333
3 0.328333 0.337000 0.042000 0.046000
2 0.275667 0.378000 0.103333 0.102667
2 0.345333 0.439333 0.138667 0.138667
2 0.241667 0.498333 0.174000 0.182000
2 0.112000 0.543667 0.105333 0.111333
2 0.201667 0.598667 0.111333 0.120000
1 0.355000 0.537000 0.088667 0.115333
2 0.425667 0.504000 0.096667 0.142667
2 0.537667 0.542000 0.179333 0.228000
2 0.453333 0.632333 0.182667 0.139333
2 0.412000 0.749667 0.177333 0.154000
1 0.295667 0.658000 0.143333 0.148000
2 0.225000 0.753333 0.143333 0.133333
2 0.317333 0.854667 0.138667 0.144000
1 0.236667 0.921000 0.133333 0.155333
2 0.145000 0.808667 0.080667 0.064000
2 0.100667 0.727333 0.105333 0.104000
2 0.080667 0.623333 0.132000 0.132000
1 0.560333 0.428333 0.108667 0.088667
2 0.528333 0.351000 0.083333 0.095333
2 0.610667 0.349667 0.105333 0.120667
2 0.671333 0.284333 0.136000 0.112667
2 0.677000 0.207333 0.080667 0.089333
2 0.762333 0.147667 0.208667 0.212667
2 0.476000 0.177000 0.090667 0.114000
2 0.575000 0.186000 0.123333 0.160000
0 0.433667 0.373000 0.146000 0.111333
0 0.101000 0.922000 0.148667 0.156000
0 0.778333 0.940667 0.087333 0.093333
0 0.885000 0.845333 0.218000 0.273333
0 0.929667 0.641333 0.140667 0.158667
2 0.045667 0.162667 0.090000 0.156000
2 0.023667 0.037000 0.046000 0.071333
2 0.667000 0.045667 0.104667 0.090000
