2 0.067000 0.077333 0.090000 0.105333
2 0.146000 0.082667 0.097333 0.078667
2 0.138667 0.160667 0.085333 0.078667
2 0.052000 0.177667 0.102667 0.098000
2 0.119000 0.250667 0.150000 0.104000
2 0.124000 0.323667 0.066667 0.051333
2 0.183333 0.299333 0.065333 0.054667
2 0.042333 0.343667 0.063333 0.063333
2 0.031667 0.411333 0.062000 0.074667
2 0.103667 0.397333 0.090000 0.092000
1 0.160667 0.413333 0.040000 0.044000
2 0.177333 0.456667 0.064000 0.044000
2 0.173000 0.489667 0.032667 0.020667
2 0.202000 0.376333 0.090667 0.100667
2 0.247000 0.191000 0.135333 0.159333
3 0.271667 0.080667 0.031333 0.032000
2 0.400667 0.080333 0.113333 0.084667
2 0.381000 0.187667 0.120667 0.160667
2 0.479000 0.183667 0.107333 0.124667
2 0.539000 0.129333 0.090000 0.097333
2 0.610333 0.039333 0.074000 0.062667
2 0.636333 0.142000 0.108667 0.132000
1 0.559000 0.231333 0.108667 0.085333
1 0.441667 0.286333 0.102000 0.088667
2 0.299333 0.345333 0.101333 0.129333
2 0.375333 0.361000 0.053333 0.079333
1 0.448333 0.377333 0.110000 0.106667
2 0.556667 0.313333 0.112000 0.084000
1 0.701333 0.324333 0.158667 0.200667
2 0.689000 0.458333 0.080667 0.071333
2 0.534667 0.397667 0.092000 0.106000
2 0.603000 0.415333 0.100667 0.124000
2 0.351000 0.445000 0.082000 0.052667
2 0.427333 0.466333 0.104000 0.083333
2 0.254667 0.489333 0.077333 0.076000
2 0.078333 0.479333 0.111333 0.082667
2 0.113333 0.522667 0.054667 0.052000
2 0.172000 0.528000 0.069333 0.054667
2 0.204333 0.564000 0.035333 0.033333
2 0.326333 0.527333 0.080667 0.109333
2 0.260000 0.557667 0.078667 0.059333
2 0.529333 0.498667 0.093333 0.092000
2 0.621667 0.550333 0.128667 0.126000
2 0.642000 0.611000 0.106667 0.090000
2 0.686000 0.700667 0.177333 0.133333
2 0.478000 0.551000 0.109333 0.106000
2 0.399000 0.537000 0.059333 0.063333
2 0.036333 0.689333 0.064667 0.070667
2 0.063000 0.777000 0.056667 0.050000
2 0.101333 0.748667 0.049333 0.049333
2 0.089000 0.832667 0.068667 0.060000
2 0.175000 0.870667 0.072667 0.102667
3 0.213333 0.959667 0.125333 0.080667
2 0.245333 0.915000 0.062667 0.074000
2 0.309667 0.848000 0.108667 0.166667
2 0.220000 0.818667 0.090667 0.133333
2 0.165000 0.704333 0.111333 0.126000
2 0.274000 0.671667 0.102667 0.172667
2 0.350333 0.697333 0.056667 0.056000
2 0.388333 0.627000 0.098000 0.107333
2 0.486333 0.632667 0.096667 0.077333
2 0.539667 0.704000 0.102000 0.101333
2 0.468000 0.735667 0.124000 0.119333
2 0.506667 0.830000 0.116000 0.109333
2 0.399333 0.867667 0.106667 0.138000
2 0.674000 0.908667 0.145333 0.145333
2 0.796667 0.885333 0.116000 0.116000
2 0.897000 0.943333 0.090000 0.113333
2 0.673000 0.796667 0.131333 0.076000
2 0.756000 0.572000 0.136000 0.141333
2 0.846333 0.612667 0.067333 0.086667
2 0.810333 0.691333 0.112667 0.097333
2 0.815333 0.777667 0.121333 0.079333
2 0.935667 0.648333 0.128667 0.166000
2 0.862333 0.498000 0.176667 0.148000
1 0.878333 0.329333 0.150000 0.137333
1 0.718000 0.177000 0.082667 0.082000
2 0.818333 0.121000 0.076667 0.063333
1 0.816333 0.212333 0.127333 0.136667
0 0.477000 0.916667 0.080667 0.065333
0 0.574667 0.853000 0.076000 0.078000
0 0.101333 0.938000 0.084000 0.085333
0 0.140000 0.786000 0.038667 0.034667
0 0.355333 0.742667 0.045333 0.040000
0 0.389333 0.695000 0.046667 0.043333
0 0.051333 0.557667 0.070667 0.074000
0 0.094333 0.595333 0.027333 0.041333
0 0.177333 0.605333 0.088000 0.086667
0 0.843000 0.419000 0.090000 0.059333
0 0.800000 0.348667 0.080000 0.070667
0 0.290667 0.051333 0.045333 0.041333
0 0.321667 0.100333 0.044667 0.068667
0 0.876667 0.179333 0.034667 0.042667
2 0.966333 0.954000 0.059333 0.092000
2 0.475667 0.979333 0.068667 0.041333
2 0.387000 0.961000 0.099333 0.078000
2 0.044667 0.946000 0.088000 0.108000
2 0.523333 0.030667 0.088000 0.060000
2 0.911000 0.056667 0.080667 0.112000
2 0.924333 0.263333 0.151333 0.130667
2 0.949333 0.412333 0.101333 0.151333
2 0.944333 0.769667 0.110000 0.151333
