2 0.053667 0.210000 0.102000 0.102667
2 0.149667 0.138000 0.130000 0.122667
2 0.239667 0.096667 0.140667 0.144000
1 0.328333 0.129667 0.062000 0.082000
2 0.511000 0.092333 0.102000 0.120667
2 0.432667 0.138000 0.117333 0.113333
2 0.478667 0.217000 0.126667 0.127333
2 0.650000 0.063000 0.158667 0.116667
2 0.645667 0.166333 0.154000 0.116667
2 0.379000 0.282000 0.116667 0.124000
2 0.177667 0.239000 0.099333 0.100667
2 0.275667 0.243667 0.128667 0.136667
2 0.147000 0.308333 0.076667 0.070000
2 0.223667 0.335333 0.090000 0.084000
2 0.180333 0.392000 0.104667 0.100000
2 0.064000 0.295667 0.057333 0.070000
2 0.354000 0.379667 0.110667 0.084667
3 0.277333 0.407000 0.032000 0.031333
2 0.383667 0.471000 0.079333 0.086000
2 0.462333 0.406000 0.106000 0.106667
2 0.645333 0.272667 0.145333 0.114667
2 0.602333 0.376667 0.124667 0.121333
2 0.687667 0.419667 0.095333 0.090000
2 0.629000 0.490000 0.108667 0.098667
3 0.719000 0.533667 0.071333 0.094000
3 0.619000 0.591333 0.110000 0.102667
2 0.520667 0.527333 0.100000 0.104000
2 0.264000 0.490000 0.098667 0.096000
3 0.186333 0.545667 0.098000 0.091333
3 0.269000 0.590667 0.071333 0.082667
3 0.169000 0.633667 0.126000 0.084667
3 0.060667 0.670667 0.092000 0.073333
3 0.214333 0.739000 0.071333 0.072667
2 0.520000 0.639333 0.093333 0.104000
2 0.476333 0.698667 0.052667 0.058667
2 0.582667 0.760667 0.104000 0.108000
2 0.512000 0.829000 0.046667 0.050000
3 0.312000 0.674667 0.074667 0.072000
3 0.337000 0.606667 0.070000 0.061333
3 0.790000 0.561667 0.082667 0.078000
3 0.807000 0.506667 0.056667 0.044000
3 0.764333 0.458000 0.035333 0.040000
2 0.898333 0.498333 0.134000 0.136667
3 0.947667 0.630333 0.104667 0.090000
3 0.883000 0.407667 0.056667 0.048667
2 0.927000 0.422667 0.056667 0.053333
2 0.966667 0.445000 0.042667 0.039333
2 0.735333 0.342333 0.108000 0.111333
2 0.820667 0.379000 0.092000 0.095333
2 0.853667 0.295667 0.108667 0.126000
3 0.941667 0.313667 0.083333 0.092667
3 0.957000 0.362667 0.051333 0.038667
2 0.770000 0.248000 0.112000 0.089333
2 0.945000 0.222333 0.094000 0.071333
2 0.790667 0.144000 0.130667 0.110667
2 0.777333 0.058000 0.112000 0.105333
2 0.931333 0.116667 0.133333 0.128000
0 0.767000 0.906000 0.267333 0.188000
0 0.816000 0.717333 0.368000 0.308000
0 0.496333 0.905667 0.079333 0.070000
0 0.372667 0.938667 0.089333 0.086667
0 0.311333 0.901667 0.106667 0.087333
0 0.120000 0.880000 0.238667 0.240000
0 0.391000 0.787333 0.202000 0.248000
0 0.044000 0.593667 0.081333 0.124667
0 0.448333 0.487000 0.075333 0.067333
0 0.797333 0.456333 0.049333 0.052667
0 0.073667 0.471000 0.082000 0.080667
0 0.079333 0.385667 0.068000 0.076667
0 0.442333 0.319333 0.063333 0.057333
0 0.538667 0.285667 0.074667 0.074000
0 0.127000 0.208667 0.042000 0.044000
0 0.323333 0.182000 0.048000 0.036000
0 0.364333 0.204333 0.034000 0.030000
0 0.026000 0.028000 0.049333 0.054667
0 0.137333 0.049667 0.093333 0.071333
0 0.362333 0.099667 0.058000 0.063333
2 0.025333 0.386333 0.049333 0.096667
2 0.358667 0.038333 0.108000 0.074000
1 0.457333 0.029000 0.090667 0.056667
2 0.901667 0.049000 0.139333 0.096667
