1 0.909333 0.088333 0.066667 0.086000
1 0.842667 0.153667 0.141333 0.158000
2 0.808000 0.294667 0.122667 0.126667
2 0.712000 0.256667 0.108000 0.132000
1 0.813000 0.040333 0.104667 0.079333
1 0.732000 0.111333 0.162667 0.170667
1 0.607000 0.063333 0.154000 0.125333
2 0.602333 0.174333 0.127333 0.139333
2 0.586000 0.288667 0.102667 0.104000
1 0.576000 0.392333 0.082667 0.075333
2 0.426667 0.091000 0.165333 0.180667
2 0.496000 0.154000 0.096000 0.101333
2 0.483667 0.244333 0.110000 0.079333
2 0.483000 0.333333 0.147333 0.142667
1 0.229333 0.058333 0.170667 0.115333
1 0.281333 0.156333 0.161333 0.160667
1 0.233667 0.230000 0.131333 0.133333
1 0.151000 0.233333 0.044667 0.070667
2 0.182667 0.326667 0.066667 0.062667
2 0.328333 0.314000 0.146000 0.104000
2 0.377333 0.220333 0.110667 0.108667
1 0.471667 0.447667 0.083333 0.086000
1 0.389333 0.441667 0.093333 0.098000
1 0.324000 0.399333 0.093333 0.082667
1 0.069333 0.281667 0.128000 0.143333
1 0.917667 0.442333 0.080667 0.075333
1 0.928000 0.568667 0.134667 0.110667
1 0.931667 0.675000 0.108667 0.135333
1 0.876667 0.895000 0.162667 0.183333
1 0.835000 0.482000 0.171333 0.170667
1 0.736667 0.445333 0.065333 0.074667
1 0.792000 0.588333 0.062667 0.080667
1 0.819000 0.676000 0.150000 0.197333
1 0.735000 0.641000 0.074000 0.114000
1 0.802333 0.794667 0.119333 0.098667
1 0.721000 0.867333 0.148667 0.146667
1 0.648333 0.767333 0.155333 0.136000
1 0.620333 0.634667 0.160667 0.168000
1 0.701667 0.546333 0.087333 0.111333
1 0.571000 0.575667 0.084667 0.096667
1 0.624667 0.490333 0.094667 0.107333
1 0.544000 0.485000 0.108000 0.115333
1 0.538667 0.682000 0.100000 0.104000
1 0.512667 0.795333 0.157333 0.130667
1 0.618333 0.919667 0.135333 0.156667
1 0.529667 0.898000 0.120667 0.105333
1 0.448333 0.570000 0.172667 0.194667
1 0.431000 0.702000 0.140667 0.158667
1 0.322667 0.560000 0.093333 0.104000
1 0.321333 0.668667 0.132000 0.133333
1 0.381667 0.853667 0.172667 0.186000
1 0.337333 0.967000 0.094667 0.066000
1 0.251667 0.738333 0.146000 0.172667
1 0.225333 0.895000 0.154667 0.150000
2 0.192000 0.487333 0.170667 0.162667
2 0.119667 0.415000 0.079333 0.084667
2 0.053333 0.384667 0.104000 0.109333
2 0.051667 0.491000 0.082000 0.078000
2 0.058000 0.574333 0.072000 0.083333
2 0.181667 0.613333 0.183333 0.110667
2 0.146000 0.816000 0.098667 0.113333
1 0.153667 0.710333 0.114000 0.124667
1 0.069000 0.724333 0.111333 0.180667
2 0.064667 0.854000 0.105333 0.098667
2 0.072667 0.943333 0.112000 0.113333
2 0.447000 0.957667 0.107333 0.084667
