2 0.124333 0.072000 0.078000 0.073333
2 0.109333 0.135000 0.069333 0.072667
2 0.204333 0.141333 0.115333 0.112000
2 0.298667 0.056667 0.106667 0.106667
2 0.341667 0.124667 0.118000 0.109333
2 0.448000 0.079667 0.069333 0.088667
2 0.564000 0.061667 0.126667 0.122000
1 0.677000 0.114333 0.127333 0.122000
1 0.683333 0.202333 0.121333 0.076667
1 0.661333 0.304667 0.169333 0.173333
2 0.510333 0.247000 0.172667 0.162000
2 0.554333 0.347000 0.146000 0.140667
2 0.655000 0.447333 0.175333 0.166667
2 0.166333 0.219000 0.100667 0.112667
2 0.084667 0.193667 0.057333 0.055333
2 0.097333 0.252333 0.088000 0.082000
2 0.241333 0.249000 0.056000 0.078000
2 0.332667 0.220000 0.102667 0.094667
2 0.314000 0.280333 0.101333 0.090000
2 0.195000 0.343667 0.124667 0.119333
2 0.223667 0.450333 0.120667 0.104667
2 0.423667 0.380333 0.090000 0.076667
2 0.395333 0.442000 0.058667 0.061333
2 0.505667 0.466333 0.128667 0.104667
2 0.585333 0.537000 0.094667 0.090000
2 0.455667 0.550000 0.154000 0.150667
1 0.657667 0.649000 0.160667 0.172667
2 0.543000 0.659667 0.115333 0.148667
2 0.445667 0.654667 0.087333 0.094667
2 0.351333 0.618333 0.101333 0.144667
2 0.262333 0.610333 0.142000 0.147333
2 0.170333 0.604667 0.050000 0.072000
2 0.056333 0.474333 0.072667 0.083333
2 0.173667 0.501667 0.066000 0.078000
2 0.114667 0.502333 0.064000 0.087333
2 0.082000 0.598333 0.106667 0.104667
2 0.132000 0.751000 0.090667 0.154000
2 0.041667 0.913333 0.080667 0.056000
2 0.071000 0.820333 0.135333 0.172667
2 0.226667 0.763000 0.104000 0.150000
2 0.311000 0.756000 0.074000 0.105333
2 0.268333 0.878000 0.082000 0.108000
2 0.183333 0.920667 0.116000 0.144000
2 0.400667 0.804333 0.120000 0.178000
2 0.344333 0.869333 0.087333 0.096000
2 0.495000 0.782333 0.086000 0.108667
2 0.612333 0.802667 0.151333 0.132000
2 0.641667 0.919000 0.154000 0.123333
2 0.519000 0.914333 0.122000 0.132667
2 0.439667 0.943000 0.096667 0.114000
0 0.090000 0.366333 0.089333 0.102000
0 0.239667 0.512000 0.058000 0.045333
0 0.324000 0.496333 0.104000 0.084667
0 0.328333 0.412000 0.095333 0.092000
0 0.550667 0.163333 0.120000 0.094667
0 0.965000 0.916333 0.070000 0.139333
0 0.191000 0.068333 0.060667 0.068667
2 0.041333 0.079000 0.081333 0.108667
2 0.692667 0.027000 0.120000 0.052667
0 0.307667 0.356667 0.088667 0.073333
0 0.127000 0.414667 0.092667 0.082667
