1 0.930000 0.950000 0.108000 0.098667
1 0.937667 0.911333 0.120667 0.104000
1 0.785333 0.886333 0.180000 0.148667
1 0.897333 0.800333 0.137333 0.128667
1 0.830667 0.727000 0.176000 0.151333
1 0.723333 0.781000 0.137333 0.112667
1 0.698667 0.684667 0.124000 0.100000
2 0.870333 0.580333 0.088667 0.086000
2 0.753667 0.605000 0.152667 0.142000
1 0.938333 0.627667 0.122000 0.159333
1 0.621667 0.549000 0.178000 0.182000
1 0.744333 0.502667 0.087333 0.097333
1 0.614667 0.408667 0.225333 0.134667
1 0.564667 0.328667 0.194667 0.116000
2 0.836667 0.442667 0.194667 0.189333
2 0.854000 0.328000 0.157333 0.124000
2 0.960000 0.287000 0.065333 0.072667
2 0.901667 0.251000 0.115333 0.083333
1 0.683000 0.254333 0.210000 0.179333
2 0.827000 0.189667 0.108667 0.119333
2 0.937667 0.119000 0.118000 0.180667
2 0.846667 0.084333 0.058667 0.063333
2 0.734667 0.093000 0.148000 0.160667
1 0.659667 0.139000 0.056667 0.056667
1 0.653667 0.068000 0.052667 0.066667
2 0.542000 0.179667 0.210667 0.156667
2 0.526333 0.079333 0.243333 0.124000
0 0.186000 0.373667 0.181333 0.140667
0 0.079667 0.293333 0.071333 0.074667
0 0.062000 0.429333 0.073333 0.088000
0 0.203000 0.500000 0.142000 0.121333
0 0.063000 0.633000 0.126000 0.138000
0 0.249667 0.598333 0.116667 0.094000
0 0.164333 0.633000 0.062000 0.064667
0 0.306667 0.703333 0.176000 0.138667
0 0.173333 0.734667 0.050667 0.060000
0 0.125333 0.722667 0.053333 0.072000
0 0.087667 0.747667 0.063333 0.067333
0 0.131333 0.794000 0.061333 0.056000
0 0.185000 0.824667 0.106000 0.092000
0 0.350667 0.875333 0.168000 0.141333
0 0.237000 0.899333 0.092667 0.080000
0 0.178333 0.960333 0.114000 0.078000
0 0.469000 0.949667 0.175333 0.098000
0 0.126333 0.899333 0.068667 0.068000
0 0.099333 0.514667 0.080000 0.081333
1 0.964333 0.501667 0.064667 0.099333
1 0.792000 0.963333 0.213333 0.069333
2 0.863000 0.032667 0.106000 0.065333
0 0.263667 0.830333 0.064667 0.083333
