2 0.118000 0.073000 0.126667 0.115333
2 0.045000 0.124667 0.075333 0.068000
2 0.110333 0.187333 0.127333 0.108000
2 0.133333 0.276000 0.114667 0.078667
2 0.050667 0.350333 0.092000 0.094000
2 0.164667 0.384333 0.138667 0.143333
2 0.050000 0.433000 0.090667 0.071333
2 0.117333 0.507333 0.130667 0.092000
2 0.133333 0.654000 0.157333 0.160000
2 0.098667 0.795000 0.152000 0.119333
2 0.167667 0.860000 0.047333 0.038667
2 0.093000 0.886667 0.056667 0.038667
2 0.235000 0.587000 0.084667 0.084667
3 0.309000 0.606667 0.050000 0.081333
2 0.260000 0.752000 0.101333 0.138667
2 0.212333 0.940000 0.043333 0.062667
2 0.242667 0.874667 0.066667 0.088000
2 0.325667 0.876000 0.091333 0.121333
2 0.288000 0.950333 0.064000 0.052667
2 0.382667 0.933667 0.105333 0.111333
2 0.461000 0.912333 0.051333 0.051333
2 0.417333 0.840667 0.074667 0.069333
2 0.352667 0.727000 0.093333 0.114000
2 0.375000 0.608667 0.095333 0.130667
2 0.430667 0.551333 0.070667 0.062667
2 0.427333 0.726000 0.064000 0.088000
2 0.469667 0.626667 0.110000 0.130667
2 0.484333 0.751667 0.114000 0.108667
2 0.565333 0.649000 0.093333 0.100667
2 0.569667 0.731000 0.087333 0.080667
2 0.656667 0.636333 0.101333 0.144667
2 0.657333 0.742000 0.100000 0.094667
2 0.639000 0.851000 0.058000 0.090000
2 0.700000 0.840667 0.065333 0.092000
2 0.530667 0.945333 0.096000 0.104000
2 0.605333 0.938667 0.070667 0.088000
2 0.687000 0.934667 0.111333 0.098667
2 0.766000 0.863333 0.066667 0.068000
2 0.866000 0.783667 0.102667 0.091333
2 0.853667 0.869667 0.086000 0.080667
2 0.932000 0.878667 0.070667 0.073333
2 0.898667 0.649000 0.137333 0.088667
2 0.799333 0.697667 0.128000 0.103333
2 0.759000 0.612667 0.063333 0.061333
2 0.788333 0.540667 0.058000 0.049333
2 0.880667 0.524667 0.060000 0.057333
2 0.952333 0.560667 0.095333 0.101333
2 0.904000 0.469000 0.060000 0.051333
2 0.910333 0.397000 0.094000 0.084667
2 0.910333 0.329667 0.114000 0.050000
2 0.909333 0.285667 0.102667 0.054000
2 0.839000 0.453667 0.062000 0.082000
2 0.782667 0.458000 0.097333 0.124000
2 0.780667 0.381333 0.065333 0.068000
2 0.693000 0.451000 0.087333 0.090000
2 0.642333 0.508667 0.070000 0.064000
2 0.604333 0.374000 0.126000 0.120000
2 0.390667 0.483000 0.066667 0.062000
2 0.482667 0.499667 0.092000 0.076667
2 0.459667 0.416333 0.092667 0.082000
2 0.460333 0.329667 0.052667 0.047333
2 0.309000 0.410667 0.096667 0.126667
2 0.380000 0.408000 0.074667 0.065333
2 0.896667 0.217667 0.110667 0.095333
2 0.925667 0.153667 0.091333 0.056667
2 0.937667 0.097000 0.056667 0.048667
2 0.870000 0.085333 0.130667 0.133333
2 0.813000 0.141667 0.088667 0.082000
2 0.722667 0.165000 0.102667 0.092667
2 0.687667 0.251667 0.090000 0.124667
2 0.778667 0.250333 0.100000 0.075333
2 0.757667 0.306333 0.083333 0.082000
2 0.627333 0.231333 0.061333 0.101333
2 0.572333 0.235667 0.056667 0.090000
2 0.511000 0.217333 0.079333 0.102667
2 0.501333 0.141333 0.076000 0.078667
2 0.556333 0.135000 0.047333 0.075333
2 0.576000 0.071333 0.069333 0.056000
2 0.662667 0.074667 0.096000 0.093333
2 0.657000 0.152333 0.038000 0.054000
2 0.607000 0.139333 0.068667 0.092000
2 0.369000 0.112333 0.116667 0.107333
2 0.413667 0.192000 0.087333 0.080000
2 0.457000 0.255333 0.082000 0.096000
2 0.327000 0.176000 0.072667 0.073333
2 0.316667 0.250333 0.060000 0.047333
2 0.265000 0.090000 0.084667 0.085333
2 0.220333 0.172667 0.122000 0.158667
0 0.031000 0.260667 0.054000 0.072000
0 0.802667 0.932667 0.108000 0.065333
0 0.091667 0.952333 0.122000 0.094000
0 0.505667 0.853333 0.128667 0.120000
0 0.781000 0.772333 0.052667 0.064667
2 0.936667 0.953000 0.126667 0.092667
2 0.031667 0.665000 0.062000 0.135333
2 0.363333 0.043667 0.186667 0.086000
2 0.734333 0.046333 0.111333 0.091333
2 0.951333 0.736667 0.097333 0.110667
