1 0.020667 0.848000 0.041333 0.061333
1 0.085667 0.832667 0.088667 0.122667
1 0.136333 0.948667 0.146000 0.088000
1 0.175333 0.891000 0.057333 0.039333
1 0.183333 0.852667 0.068000 0.040000
1 0.173333 0.812000 0.077333 0.058667
1 0.220667 0.782667 0.100000 0.058667
1 0.235000 0.713333 0.138000 0.092000
1 0.254667 0.647333 0.065333 0.057333
1 0.184333 0.652000 0.078000 0.064000
1 0.096000 0.729333 0.062667 0.057333
1 0.044000 0.771000 0.072000 0.076667
1 0.114667 0.650000 0.072000 0.088000
1 0.064333 0.525667 0.120667 0.150000
1 0.139667 0.529000 0.080667 0.076667
1 0.188333 0.582000 0.086000 0.085333
1 0.287667 0.570000 0.120667 0.102667
1 0.303667 0.492333 0.094000 0.088667
1 0.232333 0.499000 0.054000 0.050000
1 0.166333 0.448667 0.119333 0.093333
1 0.047000 0.300667 0.083333 0.094667
1 0.179667 0.332000 0.187333 0.160000
1 0.094000 0.186000 0.108000 0.126667
2 0.138000 0.082000 0.132000 0.121333
1 0.187667 0.202667 0.084667 0.101333
1 0.239000 0.255667 0.087333 0.084667
1 0.281667 0.311667 0.080667 0.091333
1 0.324000 0.386667 0.068000 0.058667
1 0.356000 0.308333 0.070667 0.076667
2 0.378000 0.241000 0.090667 0.066000
1 0.234333 0.092333 0.066000 0.086000
1 0.242667 0.160667 0.066667 0.066667
1 0.279000 0.212667 0.070000 0.070667
1 0.297667 0.116333 0.059333 0.083333
1 0.349000 0.077000 0.051333 0.058000
1 0.402000 0.143000 0.098667 0.084667
2 0.405667 0.076333 0.054000 0.043333
0 0.799667 0.259333 0.178000 0.144000
0 0.761333 0.332000 0.134667 0.081333
0 0.646000 0.425000 0.153333 0.166000
0 0.582333 0.549000 0.168667 0.120667
0 0.668667 0.577000 0.064000 0.052667
0 0.549333 0.676333 0.072000 0.088667
0 0.497667 0.760000 0.108667 0.129333
0 0.488333 0.941333 0.130000 0.096000
0 0.619667 0.835000 0.104667 0.098000
0 0.654667 0.761667 0.082667 0.075333
0 0.693667 0.689667 0.108667 0.096667
0 0.827000 0.405000 0.083333 0.130000
0 0.894333 0.411667 0.090000 0.112667
0 0.930000 0.445333 0.097333 0.108000
0 0.977000 0.259333 0.039333 0.045333
0 0.912000 0.520000 0.038667 0.046667
0 0.861333 0.594667 0.076000 0.053333
0 0.756667 0.558667 0.108000 0.110667
0 0.810333 0.655000 0.099333 0.120667
0 0.816333 0.749667 0.119333 0.122000
0 0.630000 0.925667 0.110667 0.094000
0 0.766000 0.917667 0.082667 0.094000
0 0.929667 0.677667 0.139333 0.134000
0 0.876667 0.787333 0.092000 0.120000
0 0.888333 0.941000 0.103333 0.118000
0 0.941000 0.098333 0.038000 0.039333
2 0.026000 0.923667 0.052000 0.079333
2 0.027333 0.060333 0.054667 0.070000
2 0.042333 0.396000 0.084667 0.101333
2 0.042333 0.622333 0.084667 0.087333
2 0.038333 0.713667 0.075333 0.100667
2 0.258333 0.031667 0.126000 0.059333
