1 0.117000 0.907000 0.098000 0.084667
1 0.127667 0.829667 0.114000 0.083333
1 0.147333 0.760000 0.101333 0.068000
1 0.144000 0.705000 0.058667 0.039333
1 0.164000 0.650667 0.098667 0.074667
2 0.176000 0.559000 0.086667 0.091333
1 0.087333 0.537000 0.102667 0.114000
1 0.069000 0.635000 0.096667 0.087333
1 0.079333 0.698667 0.073333 0.054667
2 0.062000 0.763000 0.077333 0.086000
2 0.030000 0.887333 0.058667 0.065333
1 0.339000 0.105333 0.112667 0.101333
2 0.311333 0.200000 0.106667 0.106667
2 0.288667 0.292333 0.102667 0.108667
1 0.246333 0.075333 0.090000 0.098667
2 0.172667 0.056333 0.073333 0.080667
1 0.152333 0.137000 0.075333 0.086000
1 0.141333 0.218333 0.077333 0.082000
2 0.213333 0.230333 0.097333 0.087333
1 0.229333 0.159667 0.076000 0.074000
1 0.210333 0.316000 0.084667 0.089333
2 0.118667 0.313000 0.101333 0.114000
1 0.061667 0.212667 0.087333 0.093333
1 0.081333 0.137000 0.072000 0.078000
2 0.077333 0.051333 0.102667 0.098667
0 0.605333 0.933333 0.044000 0.036000
0 0.965000 0.976333 0.044667 0.046000
0 0.926000 0.930667 0.040000 0.041333
2 0.033000 0.945333 0.064667 0.061333
1 0.022000 0.117333 0.044000 0.082667
