2 0.173000 0.058667 0.119333 0.102667
2 0.301333 0.069667 0.112000 0.119333
2 0.379333 0.056667 0.065333 0.096000
2 0.468333 0.045667 0.051333 0.048667
2 0.439000 0.118667 0.087333 0.130667
2 0.559667 0.052667 0.087333 0.096000
2 0.623667 0.088000 0.079333 0.094667
2 0.669000 0.041667 0.080667 0.082000
2 0.747000 0.102333 0.151333 0.120667
2 0.896000 0.112000 0.068000 0.065333
2 0.836333 0.146000 0.056667 0.066667
2 0.912000 0.220000 0.176000 0.141333
2 0.894667 0.290000 0.093333 0.068000
2 0.754333 0.203667 0.120667 0.082000
2 0.521000 0.131000 0.082000 0.070000
2 0.593333 0.177333 0.134667 0.104000
2 0.667333 0.214667 0.066667 0.065333
2 0.486000 0.188667 0.070667 0.054667
2 0.354000 0.186000 0.062667 0.062667
2 0.273000 0.170333 0.096667 0.087333
2 0.193667 0.146000 0.075333 0.102667
3 0.123333 0.131667 0.065333 0.084667
3 0.086667 0.214333 0.074667 0.088667
2 0.171667 0.220333 0.094000 0.090000
2 0.264667 0.242667 0.080000 0.054667
2 0.134667 0.337333 0.145333 0.124000
2 0.261333 0.323333 0.106667 0.096000
2 0.165333 0.417667 0.076000 0.071333
3 0.246000 0.413667 0.101333 0.079333
2 0.121000 0.518000 0.084667 0.068000
2 0.080667 0.722000 0.042667 0.029333
2 0.089667 0.938000 0.039333 0.036000
2 0.104000 0.868000 0.026667 0.032000
2 0.376333 0.243333 0.104667 0.105333
2 0.461000 0.261000 0.074000 0.090000
2 0.551667 0.265667 0.112667 0.124667
2 0.514333 0.362333 0.086000 0.107333
2 0.439333 0.345333 0.069333 0.093333
2 0.364000 0.332333 0.093333 0.078000
2 0.366667 0.417333 0.114667 0.100000
2 0.444333 0.430333 0.046000 0.059333
2 0.309000 0.476333 0.075333 0.087333
2 0.243000 0.522667 0.092667 0.080000
2 0.434000 0.502000 0.064000 0.069333
2 0.349333 0.519000 0.108000 0.090000
2 0.411000 0.581000 0.092667 0.094000
2 0.323000 0.586333 0.088667 0.080667
2 0.302333 0.657333 0.052667 0.061333
3 0.266000 0.578333 0.049333 0.042000
3 0.213667 0.651333 0.115333 0.096000
2 0.186000 0.734333 0.068000 0.076667
3 0.127000 0.735000 0.042000 0.060667
2 0.263333 0.737000 0.089333 0.082000
2 0.128333 0.814333 0.091333 0.094000
2 0.219333 0.824667 0.098667 0.106667
2 0.279667 0.892000 0.080667 0.089333
2 0.215000 0.946000 0.098000 0.108000
2 0.308667 0.962333 0.065333 0.059333
2 0.356667 0.894667 0.068000 0.058667
2 0.311667 0.813667 0.050000 0.062000
2 0.364000 0.824667 0.073333 0.088000
2 0.439000 0.833000 0.074000 0.102000
2 0.496333 0.821667 0.044667 0.054000
2 0.548667 0.757333 0.126667 0.100000
2 0.455667 0.741333 0.051333 0.070667
2 0.374333 0.727667 0.122000 0.120667
2 0.434000 0.667000 0.064000 0.072667
2 0.918000 0.377667 0.073333 0.082000
2 0.848667 0.353000 0.090667 0.108667
2 0.759667 0.302333 0.087333 0.054000
2 0.672333 0.275667 0.110000 0.083333
2 0.636333 0.364667 0.156667 0.132000
3 0.597333 0.440667 0.057333 0.056000
2 0.753333 0.435667 0.064000 0.059333
2 0.836000 0.450667 0.129333 0.102667
2 0.912333 0.452333 0.051333 0.056667
2 0.829000 0.515000 0.115333 0.074000
2 0.934667 0.568333 0.104000 0.094000
2 0.853333 0.599667 0.061333 0.095333
2 0.790333 0.582333 0.071333 0.103333
2 0.719000 0.495333 0.088667 0.096000
2 0.726333 0.591333 0.074000 0.096000
2 0.643000 0.497000 0.076667 0.104667
2 0.491000 0.503333 0.050000 0.064000
2 0.553000 0.486333 0.110000 0.114000
2 0.544667 0.577667 0.101333 0.079333
2 0.642333 0.588333 0.094000 0.084667
2 0.504667 0.663000 0.072000 0.086000
2 0.579333 0.664333 0.090667 0.096667
2 0.664667 0.687000 0.089333 0.110000
2 0.757000 0.669667 0.092667 0.086000
3 0.970333 0.757667 0.059333 0.095333
2 0.906333 0.759000 0.072667 0.119333
2 0.831000 0.742667 0.080667 0.101333
2 0.738333 0.749000 0.114000 0.088667
2 0.850667 0.831667 0.080000 0.068667
2 0.873667 0.894667 0.059333 0.041333
2 0.782000 0.832333 0.070667 0.096667
2 0.693000 0.837333 0.123333 0.101333
2 0.750667 0.922667 0.102667 0.086667
2 0.654000 0.914333 0.101333 0.106000
2 0.574333 0.891000 0.063333 0.116667
2 0.494667 0.894333 0.101333 0.087333
0 0.067667 0.365333 0.034000 0.040000
0 0.072667 0.413333 0.048000 0.053333
0 0.381667 0.944000 0.122000 0.112000
2 0.966000 0.488000 0.068000 0.137333
