2 0.072667 0.913667 0.097333 0.154000
1 0.154667 0.922667 0.105333 0.141333
1 0.242333 0.913667 0.075333 0.128667
1 0.335000 0.937667 0.102000 0.124667
1 0.417000 0.918333 0.051333 0.042000
1 0.422000 0.961667 0.065333 0.047333
2 0.484667 0.965000 0.045333 0.054000
1 0.188667 0.792667 0.096000 0.124000
1 0.134667 0.720667 0.068000 0.068000
2 0.074333 0.676333 0.106000 0.082000
2 0.289000 0.751667 0.090000 0.072667
2 0.389667 0.750333 0.075333 0.086000
2 0.358000 0.838667 0.066667 0.060000
2 0.279333 0.828000 0.090667 0.092000
2 0.466667 0.765667 0.062667 0.058000
2 0.534667 0.802667 0.068000 0.062667
2 0.439667 0.857333 0.094000 0.105333
2 0.517333 0.878000 0.072000 0.097333
2 0.606333 0.826000 0.070000 0.065333
2 0.589333 0.903333 0.100000 0.094667
2 0.722000 0.960333 0.096000 0.078000
2 0.823667 0.869667 0.092667 0.091333
2 0.924333 0.864000 0.116667 0.130667
2 0.879667 0.947667 0.050000 0.039333
2 0.848000 0.781000 0.064000 0.072667
1 0.659000 0.891333 0.050000 0.057333
2 0.726333 0.885333 0.074000 0.064000
2 0.695333 0.801000 0.130667 0.126000
2 0.707667 0.720000 0.108667 0.092000
2 0.782667 0.758667 0.064000 0.069333
2 0.950000 0.770333 0.052000 0.046000
2 0.323000 0.680333 0.083333 0.062000
1 0.164000 0.638000 0.068000 0.058667
1 0.250000 0.641333 0.104000 0.137333
1 0.069000 0.597000 0.116667 0.084667
1 0.057667 0.522000 0.083333 0.068000
2 0.093000 0.476333 0.092667 0.082000
2 0.040333 0.410333 0.076667 0.080667
2 0.157000 0.477667 0.076667 0.087333
1 0.134333 0.554333 0.080667 0.083333
2 0.202000 0.554667 0.089333 0.074667
2 0.225667 0.481667 0.083333 0.087333
2 0.311667 0.476000 0.116667 0.096000
2 0.351333 0.583000 0.093333 0.123333
2 0.430667 0.584667 0.068000 0.096000
3 0.418000 0.657333 0.029333 0.030667
2 0.491667 0.689333 0.146000 0.130667
2 0.586333 0.645667 0.110000 0.115333
2 0.666000 0.643667 0.049333 0.050000
2 0.630000 0.556000 0.144000 0.128000
2 0.506333 0.580000 0.096667 0.101333
2 0.532000 0.488667 0.088000 0.096000
2 0.441667 0.485000 0.092667 0.094000
2 0.069667 0.305000 0.112667 0.112667
2 0.127667 0.367000 0.087333 0.096667
2 0.201000 0.383667 0.083333 0.091333
2 0.049000 0.075333 0.083333 0.092000
2 0.044667 0.173333 0.070667 0.062667
2 0.032000 0.230333 0.048000 0.043333
2 0.145000 0.038667 0.111333 0.076000
2 0.131667 0.127333 0.082000 0.073333
2 0.103000 0.203667 0.087333 0.084667
2 0.177000 0.275333 0.106000 0.105333
2 0.199333 0.198333 0.072000 0.059333
2 0.227333 0.101667 0.072000 0.058000
2 0.294333 0.086667 0.059333 0.064000
2 0.240333 0.162000 0.071333 0.068000
1 0.320667 0.154667 0.097333 0.102667
2 0.360333 0.099667 0.058000 0.048667
1 0.290333 0.237333 0.107333 0.093333
2 0.242333 0.286000 0.039333 0.037333
2 0.267333 0.349000 0.100000 0.132667
2 0.343667 0.362333 0.094000 0.110000
2 0.360333 0.274000 0.042000 0.028000
2 0.358333 0.300333 0.035333 0.030000
2 0.430000 0.306000 0.072000 0.066667
2 0.419667 0.401000 0.056667 0.076667
2 0.486000 0.393000 0.073333 0.087333
2 0.561000 0.399333 0.087333 0.100000
2 0.654667 0.443333 0.136000 0.105333
2 0.504333 0.322667 0.043333 0.046667
2 0.409667 0.222000 0.104667 0.098667
2 0.416667 0.130333 0.088000 0.076667
2 0.435333 0.062000 0.038667 0.040000
2 0.507000 0.123333 0.098000 0.109333
3 0.576333 0.097000 0.026000 0.040667
2 0.546667 0.234333 0.094667 0.115333
3 0.477000 0.215000 0.019333 0.026000
3 0.577000 0.160667 0.027333 0.029333
3 0.705000 0.062667 0.050000 0.061333
2 0.741667 0.126667 0.079333 0.061333
2 0.863000 0.085000 0.052667 0.055333
2 0.918667 0.079667 0.044000 0.044667
2 0.827000 0.161000 0.078000 0.079333
2 0.658333 0.145667 0.054000 0.046000
2 0.643667 0.228667 0.106000 0.137333
2 0.602000 0.315667 0.064000 0.052667
3 0.693667 0.280333 0.050000 0.048667
2 0.756333 0.293333 0.075333 0.072000
2 0.782000 0.243000 0.057333 0.048667
2 0.878000 0.251000 0.101333 0.092667
2 0.963000 0.251333 0.074000 0.062667
2 0.656667 0.363667 0.065333 0.054000
2 0.737667 0.367000 0.082000 0.058000
2 0.860667 0.347000 0.094667 0.095333
2 0.821333 0.419000 0.072000 0.051333
2 0.903333 0.433000 0.094667 0.092667
2 0.969333 0.495333 0.057333 0.040000
2 0.961667 0.547667 0.047333 0.055333
2 0.864667 0.537333 0.113333 0.098667
2 0.772667 0.531667 0.066667 0.062000
2 0.824000 0.613000 0.100000 0.072667
2 0.894333 0.681333 0.074000 0.068000
2 0.738000 0.618667 0.064000 0.069333
2 0.800667 0.686333 0.122667 0.111333
0 0.879667 0.733667 0.058000 0.054000
0 0.778667 0.936667 0.057333 0.080000
0 0.112000 0.776333 0.056000 0.051333
0 0.609000 0.752000 0.046000 0.056000
0 0.917333 0.512000 0.046667 0.041333
0 0.807000 0.471667 0.090000 0.079333
0 0.944333 0.326667 0.090000 0.081333
0 0.808000 0.342000 0.045333 0.053333
0 0.512667 0.269000 0.052000 0.052667
0 0.471000 0.261667 0.040667 0.034000
0 0.291000 0.034333 0.031333 0.032667
0 0.330000 0.058667 0.048000 0.048000
0 0.486333 0.056333 0.046000 0.048667
0 0.623333 0.093333 0.041333 0.044000
0 0.897000 0.154000 0.068667 0.077333
0 0.975667 0.054667 0.044667 0.069333
0 0.382333 0.660000 0.038000 0.034667
2 0.955000 0.956667 0.087333 0.086667
2 0.633333 0.970000 0.078667 0.060000
2 0.030667 0.808000 0.057333 0.085333
1 0.042667 0.736000 0.084000 0.145333
2 0.243333 0.027333 0.081333 0.053333
2 0.967000 0.171333 0.066000 0.102667
2 0.972000 0.448667 0.056000 0.049333
2 0.979333 0.597667 0.041333 0.050000
