2 0.112000 0.178667 0.133333 0.121333
2 0.317333 0.100000 0.096000 0.109333
2 0.397333 0.117333 0.064000 0.074667
2 0.255667 0.183667 0.088667 0.115333
2 0.335667 0.205667 0.080667 0.103333
2 0.440333 0.215333 0.139333 0.121333
2 0.468000 0.123000 0.065333 0.071333
2 0.729667 0.252667 0.103333 0.094667
2 0.675000 0.330000 0.096667 0.082667
2 0.708333 0.438667 0.092667 0.108000
2 0.619667 0.437000 0.091333 0.123333
2 0.496667 0.413333 0.157333 0.190667
2 0.371667 0.412667 0.150000 0.173333
2 0.332000 0.312333 0.113333 0.096667
2 0.229667 0.301667 0.099333 0.104667
2 0.121000 0.314000 0.135333 0.162667
3 0.062000 0.388333 0.086667 0.083333
2 0.037667 0.460667 0.074000 0.073333
2 0.111333 0.465000 0.086667 0.079333
2 0.190000 0.552333 0.038667 0.040667
2 0.564667 0.512333 0.081333 0.076667
2 0.729667 0.532333 0.095333 0.088667
3 0.620667 0.615000 0.048000 0.047333
3 0.563667 0.613000 0.036667 0.040667
3 0.498667 0.587667 0.081333 0.090000
3 0.378333 0.579667 0.079333 0.091333
3 0.281000 0.571000 0.124667 0.132667
3 0.318333 0.657000 0.036667 0.032667
2 0.105333 0.645000 0.129333 0.131333
3 0.032000 0.701000 0.037333 0.034000
2 0.214667 0.633667 0.101333 0.098000
2 0.205333 0.732667 0.094667 0.104000
3 0.293000 0.729000 0.084667 0.104667
2 0.368667 0.749333 0.070667 0.098667
2 0.392000 0.668333 0.054667 0.062000
3 0.467333 0.675333 0.093333 0.096000
2 0.430333 0.759667 0.056667 0.066000
2 0.525667 0.757667 0.130000 0.154000
3 0.456333 0.845000 0.048667 0.072667
3 0.371667 0.845667 0.120667 0.110000
2 0.137667 0.820000 0.134000 0.132000
2 0.524333 0.868000 0.064667 0.061333
2 0.618667 0.700667 0.068000 0.078667
3 0.704333 0.734333 0.096667 0.119333
3 0.604333 0.852000 0.092667 0.146667
3 0.663667 0.924000 0.087333 0.138667
2 0.304000 0.909000 0.053333 0.058000
2 0.224333 0.917333 0.118000 0.125333
3 0.045333 0.956000 0.089333 0.088000
3 0.754333 0.878000 0.079333 0.093333
3 0.847000 0.898667 0.111333 0.110667
3 0.931333 0.887667 0.057333 0.055333
2 0.909333 0.819667 0.045333 0.048667
3 0.832333 0.811000 0.075333 0.079333
3 0.785667 0.744333 0.072667 0.080667
2 0.869000 0.756333 0.086000 0.076667
3 0.888333 0.673000 0.112667 0.107333
2 0.960000 0.675333 0.057333 0.090667
3 0.776000 0.353000 0.122667 0.115333
3 0.869667 0.448667 0.127333 0.132000
2 0.749000 0.072333 0.122000 0.132667
3 0.926000 0.062667 0.121333 0.118667
0 0.554000 0.167000 0.113333 0.099333
0 0.301000 0.499333 0.082000 0.065333
0 0.439667 0.562333 0.062000 0.075333
0 0.219667 0.801000 0.054000 0.044667
0 0.091667 0.785333 0.047333 0.061333
0 0.566000 0.934667 0.104000 0.077333
0 0.421667 0.929000 0.071333 0.095333
0 0.145000 0.886000 0.052667 0.052000
0 0.722667 0.653000 0.080000 0.078000
0 0.733333 0.593000 0.042667 0.047333
0 0.883000 0.563333 0.172667 0.117333
0 0.803333 0.638667 0.104000 0.100000
0 0.930000 0.735333 0.040000 0.040000
0 0.794667 0.134667 0.118667 0.092000
0 0.692000 0.202000 0.072000 0.072000
0 0.481000 0.184000 0.050000 0.057333
0 0.632333 0.520333 0.068667 0.075333
2 0.491000 0.067667 0.150000 0.134000
2 0.071333 0.088333 0.141333 0.167333
2 0.038667 0.546667 0.076000 0.084000
3 0.775000 0.958333 0.088667 0.083333
3 0.960333 0.455333 0.079333 0.166667
2 0.922667 0.182333 0.154667 0.191333
