2 0.106667 0.137333 0.180000 0.232000
2 0.250667 0.144667 0.129333 0.136000
2 0.303000 0.269333 0.172667 0.180000
2 0.396333 0.323333 0.151333 0.162667
2 0.524000 0.288000 0.144000 0.162667
2 0.453667 0.105667 0.202000 0.210000
1 0.591333 0.104667 0.192000 0.208000
2 0.617667 0.189000 0.139333 0.120667
2 0.728667 0.089000 0.112000 0.116667
2 0.667000 0.293000 0.151333 0.111333
2 0.619333 0.375000 0.160000 0.127333
2 0.076667 0.365333 0.150667 0.150667
2 0.285000 0.428000 0.127333 0.129333
2 0.375667 0.462000 0.096667 0.093333
2 0.460333 0.464667 0.082000 0.097333
2 0.553000 0.481000 0.167333 0.160667
2 0.517000 0.596333 0.095333 0.108667
2 0.426333 0.577667 0.122000 0.123333
2 0.228667 0.551333 0.141333 0.116000
2 0.114000 0.520667 0.129333 0.162667
2 0.140667 0.650667 0.170667 0.126667
2 0.197333 0.748333 0.116000 0.110000
2 0.380667 0.700667 0.186667 0.126667
2 0.276333 0.705000 0.051333 0.056667
2 0.336667 0.780333 0.169333 0.138000
3 0.456667 0.839333 0.062667 0.081333
2 0.281667 0.856000 0.138000 0.146667
2 0.182333 0.843333 0.096667 0.116000
2 0.094000 0.824333 0.112000 0.180667
2 0.798000 0.892333 0.173333 0.142000
2 0.691000 0.925333 0.108667 0.085333
3 0.813667 0.651000 0.138000 0.139333
2 0.915000 0.676000 0.107333 0.101333
2 0.954667 0.879333 0.090667 0.092000
2 0.921000 0.570000 0.158000 0.161333
2 0.826333 0.350667 0.078000 0.085333
2 0.743333 0.387333 0.112000 0.109333
2 0.746000 0.213000 0.132000 0.154000
2 0.819333 0.217333 0.085333 0.094667
2 0.862000 0.251333 0.086667 0.116000
2 0.939000 0.269333 0.122000 0.162667
2 0.856667 0.109667 0.146667 0.143333
2 0.896667 0.929667 0.088000 0.095333
0 0.274000 0.049667 0.137333 0.098000
0 0.625333 0.582000 0.129333 0.125333
0 0.733667 0.510333 0.143333 0.143333
0 0.578333 0.770667 0.155333 0.122667
0 0.760000 0.776000 0.164000 0.121333
0 0.544667 0.859667 0.141333 0.107333
0 0.659000 0.882667 0.119333 0.141333
0 0.235667 0.237333 0.068667 0.090667
0 0.389333 0.887667 0.097333 0.131333
2 0.950333 0.771667 0.099333 0.166000
