2 0.303000 0.062000 0.116667 0.122667
2 0.215333 0.108333 0.166667 0.182000
2 0.125667 0.138667 0.147333 0.148000
2 0.094333 0.239333 0.151333 0.141333
2 0.158000 0.307333 0.162667 0.162667
3 0.247333 0.330667 0.081333 0.084000
2 0.278333 0.241667 0.076667 0.103333
2 0.373000 0.263333 0.116667 0.146667
2 0.325000 0.370667 0.100667 0.121333
3 0.454667 0.285333 0.108000 0.154667
2 0.224000 0.435000 0.156000 0.130000
3 0.432667 0.420667 0.117333 0.120000
2 0.545333 0.344333 0.126667 0.130000
2 0.485333 0.091667 0.105333 0.116667
2 0.592333 0.139333 0.147333 0.130667
2 0.620333 0.048333 0.171333 0.095333
2 0.569000 0.233000 0.144667 0.118000
3 0.741000 0.254667 0.087333 0.106667
2 0.657000 0.282000 0.152667 0.149333
2 0.633333 0.391667 0.148000 0.090000
3 0.108333 0.475667 0.132667 0.174000
2 0.298333 0.566333 0.088667 0.080667
2 0.522000 0.514333 0.133333 0.167333
2 0.632000 0.488667 0.097333 0.114667
2 0.730333 0.509333 0.108667 0.157333
2 0.632000 0.594000 0.165333 0.108000
2 0.429667 0.582667 0.184667 0.200000
3 0.057667 0.686333 0.096667 0.096667
2 0.154000 0.654333 0.136000 0.186000
2 0.274333 0.665667 0.120667 0.148667
2 0.392667 0.732000 0.136000 0.144000
2 0.490667 0.718000 0.073333 0.090667
2 0.359000 0.801333 0.135333 0.129333
2 0.474333 0.819333 0.067333 0.081333
2 0.609667 0.708333 0.199333 0.195333
2 0.582667 0.811333 0.121333 0.092000
2 0.448333 0.904333 0.102000 0.102000
2 0.334333 0.888000 0.090000 0.084000
2 0.123667 0.918000 0.147333 0.164000
2 0.571000 0.916000 0.154000 0.158667
2 0.695333 0.872333 0.126667 0.139333
2 0.801000 0.891000 0.114000 0.179333
2 0.921333 0.930000 0.125333 0.140000
2 0.741000 0.759333 0.103333 0.106667
3 0.830000 0.757333 0.058667 0.061333
2 0.924333 0.810667 0.099333 0.086667
2 0.965000 0.732333 0.070000 0.116667
2 0.904667 0.668333 0.120000 0.134000
2 0.780333 0.645333 0.146000 0.168000
2 0.874000 0.488000 0.170667 0.141333
3 0.928000 0.557667 0.128000 0.115333
2 0.889667 0.393333 0.084667 0.077333
2 0.933667 0.325000 0.064667 0.070000
3 0.974667 0.274000 0.037333 0.041333
2 0.874000 0.261000 0.165333 0.168667
2 0.790000 0.138667 0.182667 0.164000
2 0.857333 0.072000 0.064000 0.065333
2 0.937667 0.109333 0.122000 0.136000
0 0.345667 0.498667 0.079333 0.070667
0 0.249333 0.516667 0.132000 0.113333
0 0.248333 0.771333 0.106000 0.116000
0 0.145000 0.783000 0.106000 0.092667
0 0.721667 0.364000 0.103333 0.100000
0 0.688667 0.135667 0.080000 0.084667
2 0.050000 0.087000 0.098667 0.138000
2 0.048667 0.792333 0.096000 0.138000
2 0.220667 0.935333 0.134667 0.129333
