2 0.397667 0.106333 0.055333 0.063333
2 0.234000 0.104333 0.134667 0.108667
2 0.131000 0.078333 0.092667 0.083333
2 0.098333 0.140000 0.119333 0.085333
2 0.089000 0.228000 0.130000 0.120000
2 0.206000 0.195000 0.117333 0.099333
2 0.300000 0.224333 0.074667 0.068667
2 0.278333 0.312333 0.103333 0.126000
2 0.186000 0.297333 0.082667 0.104000
2 0.078333 0.337333 0.140667 0.128000
2 0.284333 0.401667 0.084667 0.063333
2 0.176667 0.398000 0.128000 0.113333
2 0.062667 0.435667 0.121333 0.106000
2 0.040000 0.513667 0.065333 0.058000
2 0.243333 0.488000 0.120000 0.094667
0 0.426667 0.326333 0.204000 0.179333
0 0.451000 0.448667 0.119333 0.133333
0 0.669000 0.699000 0.244667 0.178000
0 0.912667 0.724667 0.174667 0.214667
0 0.914667 0.439000 0.170667 0.196667
0 0.807333 0.439667 0.153333 0.139333
0 0.646000 0.306000 0.153333 0.168000
0 0.547667 0.478667 0.119333 0.137333
0 0.334667 0.544333 0.117333 0.123333
0 0.443667 0.689000 0.096667 0.088667
0 0.537667 0.612000 0.111333 0.117333
0 0.579000 0.793000 0.174000 0.175333
0 0.820000 0.905000 0.202667 0.190000
0 0.636667 0.939333 0.148000 0.121333
0 0.375000 0.843667 0.158000 0.123333
0 0.528667 0.205000 0.173333 0.151333
0 0.528667 0.092667 0.125333 0.121333
0 0.664667 0.090333 0.174667 0.179333
0 0.818000 0.092333 0.210667 0.183333
0 0.889667 0.242000 0.220667 0.189333
0 0.633667 0.470667 0.096667 0.113333
0 0.865000 0.584000 0.127333 0.117333
0 0.173333 0.903000 0.125333 0.146000
0 0.359000 0.665667 0.104667 0.127333
2 0.064667 0.606333 0.128000 0.146000
2 0.053667 0.858667 0.106000 0.117333
2 0.047667 0.749333 0.094000 0.101333
