2 0.084000 0.096333 0.116000 0.120667
3 0.258333 0.181667 0.042000 0.042000
2 0.202000 0.231000 0.118667 0.108667
2 0.134667 0.305000 0.118667 0.131333
2 0.297000 0.260667 0.075333 0.064000
3 0.474000 0.078000 0.061333 0.076000
2 0.545333 0.062667 0.044000 0.042667
2 0.623333 0.149667 0.138667 0.144667
2 0.578333 0.211667 0.096667 0.114000
2 0.715000 0.234667 0.078000 0.080000
2 0.639667 0.293667 0.092667 0.107333
2 0.475667 0.176667 0.108667 0.126667
2 0.423333 0.250667 0.068000 0.066667
3 0.528667 0.291667 0.093333 0.103333
2 0.357000 0.347000 0.126000 0.156667
3 0.480333 0.385667 0.046000 0.052667
2 0.574667 0.393333 0.109333 0.101333
2 0.651667 0.425667 0.119333 0.103333
2 0.723000 0.364000 0.127333 0.142667
2 0.730000 0.469000 0.076000 0.078000
2 0.513000 0.481667 0.134000 0.131333
3 0.547000 0.552333 0.051333 0.051333
2 0.366333 0.492000 0.135333 0.126667
3 0.029000 0.482333 0.052667 0.055333
3 0.158667 0.477333 0.149333 0.112000
3 0.091667 0.535667 0.072667 0.066000
2 0.659667 0.535000 0.107333 0.088667
2 0.616667 0.585667 0.098667 0.126000
2 0.637000 0.697000 0.138000 0.142000
2 0.698333 0.620000 0.036667 0.038667
2 0.546667 0.649667 0.064000 0.063333
2 0.468667 0.618333 0.125333 0.111333
2 0.165333 0.586333 0.142667 0.138000
2 0.049000 0.594667 0.092667 0.092000
2 0.046000 0.716667 0.090667 0.121333
2 0.123333 0.739333 0.072000 0.080000
2 0.279000 0.712000 0.083333 0.086667
3 0.234333 0.656333 0.067333 0.080667
2 0.316667 0.639333 0.108000 0.097333
2 0.351667 0.737667 0.150000 0.140667
2 0.292000 0.802000 0.064000 0.073333
2 0.203667 0.773333 0.106000 0.145333
2 0.186333 0.903000 0.088667 0.091333
3 0.371000 0.850000 0.080667 0.082667
3 0.474333 0.736000 0.084667 0.094667
3 0.534000 0.818333 0.077333 0.079333
2 0.473667 0.871000 0.071333 0.096667
2 0.416667 0.935333 0.100000 0.113333
3 0.119667 0.963333 0.075333 0.073333
2 0.681667 0.944000 0.111333 0.112000
2 0.747000 0.865667 0.152667 0.170000
2 0.794667 0.808333 0.113333 0.124667
2 0.860667 0.850667 0.054667 0.060000
2 0.902667 0.938000 0.136000 0.124000
2 0.854667 0.733000 0.109333 0.098000
2 0.918333 0.798000 0.122000 0.102667
2 0.940333 0.631000 0.110000 0.090000
2 0.903333 0.558000 0.108000 0.089333
2 0.837667 0.489000 0.087333 0.083333
2 0.885667 0.432333 0.046000 0.036667
2 0.778667 0.583667 0.137333 0.167333
2 0.799333 0.420000 0.072000 0.066667
2 0.790000 0.283667 0.082667 0.091333
2 0.854333 0.359667 0.122000 0.135333
2 0.923333 0.295000 0.066667 0.079333
2 0.964667 0.370667 0.070667 0.116000
2 0.857333 0.248667 0.108000 0.085333
2 0.744000 0.098667 0.106667 0.148000
2 0.840667 0.110667 0.085333 0.116000
2 0.895000 0.192000 0.102000 0.096000
0 0.282000 0.337667 0.113333 0.103333
0 0.064667 0.341000 0.104000 0.110000
0 0.446000 0.336667 0.102667 0.118667
0 0.193667 0.412000 0.118000 0.092000
0 0.482333 0.551333 0.095333 0.090667
0 0.336000 0.577333 0.113333 0.102667
0 0.398333 0.615667 0.072667 0.115333
0 0.439333 0.677333 0.061333 0.053333
0 0.578333 0.741667 0.136667 0.120667
0 0.290000 0.883000 0.078667 0.075333
0 0.060000 0.883667 0.118667 0.120667
0 0.638000 0.818000 0.114667 0.118667
0 0.942333 0.878333 0.068667 0.074000
2 0.343333 0.072000 0.142667 0.142667
3 0.044333 0.171333 0.087333 0.098667
3 0.254667 0.952667 0.106667 0.094667
2 0.961667 0.730000 0.071333 0.114667
3 0.962333 0.223667 0.075333 0.168667
