2 0.104000 0.168667 0.113333 0.118667
2 0.277333 0.072333 0.126667 0.122000
3 0.334000 0.134333 0.082667 0.099333
2 0.434333 0.147333 0.114000 0.121333
3 0.188333 0.223000 0.118000 0.083333
2 0.085000 0.295333 0.104667 0.134667
2 0.189000 0.309667 0.116667 0.112667
2 0.299667 0.308667 0.130000 0.137333
2 0.428000 0.301667 0.125333 0.155333
2 0.528333 0.270333 0.102000 0.114000
2 0.564333 0.142667 0.154000 0.141333
2 0.526667 0.042333 0.130667 0.083333
2 0.649667 0.088333 0.111333 0.167333
2 0.645333 0.305000 0.129333 0.186000
2 0.526000 0.397000 0.128000 0.138000
2 0.298667 0.438000 0.156000 0.138667
3 0.424667 0.444000 0.096000 0.098667
2 0.599000 0.517000 0.104667 0.143333
3 0.513000 0.543333 0.082000 0.137333
2 0.403667 0.549667 0.155333 0.128667
2 0.262667 0.569667 0.146667 0.122000
2 0.151333 0.503000 0.156000 0.143333
2 0.250000 0.687000 0.112000 0.098000
2 0.373667 0.664333 0.166000 0.131333
1 0.498000 0.646333 0.072000 0.060667
2 0.152000 0.706333 0.066667 0.060667
2 0.058667 0.653000 0.114667 0.095333
2 0.144000 0.804000 0.140000 0.128000
2 0.093000 0.932667 0.148667 0.124000
2 0.237333 0.883667 0.126667 0.190000
2 0.341000 0.850667 0.111333 0.177333
2 0.339333 0.756667 0.061333 0.058667
2 0.471667 0.835333 0.144667 0.204000
3 0.551333 0.922000 0.088000 0.108000
2 0.550000 0.718000 0.166667 0.185333
2 0.671667 0.844333 0.139333 0.115333
2 0.670667 0.939000 0.133333 0.114000
3 0.694000 0.746667 0.117333 0.098667
2 0.697333 0.643667 0.168000 0.136667
2 0.829333 0.846000 0.174667 0.205333
3 0.871333 0.968667 0.104000 0.062667
2 0.922333 0.694000 0.155333 0.217333
2 0.813000 0.621333 0.096667 0.117333
2 0.727667 0.550333 0.150000 0.094000
2 0.722667 0.436667 0.160000 0.140000
2 0.849000 0.453333 0.119333 0.181333
2 0.780667 0.293667 0.157333 0.151333
2 0.750333 0.173000 0.136667 0.091333
2 0.764000 0.064333 0.118667 0.124667
2 0.895667 0.094000 0.142000 0.181333
0 0.242000 0.182667 0.098667 0.100000
0 0.954333 0.881000 0.087333 0.098000
0 0.905000 0.248333 0.072667 0.075333
3 0.149333 0.073333 0.184000 0.145333
2 0.060667 0.793333 0.120000 0.196000
2 0.418333 0.947667 0.162000 0.104667
2 0.949667 0.469667 0.100667 0.160667
2 0.937000 0.338333 0.123333 0.131333
