2 0.199000 0.163667 0.120667 0.131333
3 0.218667 0.052333 0.096000 0.095333
3 0.309333 0.115000 0.126667 0.158000
3 0.197000 0.275667 0.068667 0.066000
2 0.170667 0.378667 0.164000 0.153333
2 0.447667 0.184667 0.138000 0.121333
2 0.549000 0.205000 0.122000 0.144667
3 0.652667 0.166000 0.109333 0.100000
2 0.504333 0.316667 0.108667 0.136000
3 0.279333 0.307667 0.041333 0.048667
3 0.411000 0.414000 0.086000 0.080000
2 0.380333 0.282667 0.134000 0.142667
3 0.599000 0.368333 0.076667 0.076667
3 0.630000 0.291333 0.069333 0.057333
3 0.725000 0.296333 0.114000 0.099333
3 0.682000 0.489333 0.121333 0.124000
3 0.556667 0.575000 0.142667 0.139333
3 0.085000 0.742333 0.096667 0.094000
3 0.288333 0.644667 0.063333 0.049333
2 0.274000 0.763000 0.144000 0.158000
2 0.417000 0.670667 0.188667 0.196000
3 0.388000 0.791000 0.068000 0.058000
3 0.337667 0.867000 0.096667 0.080667
2 0.479667 0.793667 0.116667 0.143333
3 0.596667 0.783333 0.092000 0.138667
2 0.727000 0.808333 0.163333 0.163333
3 0.816333 0.795333 0.052667 0.064000
3 0.724333 0.705333 0.023333 0.026667
2 0.752333 0.610000 0.151333 0.118667
3 0.868667 0.575333 0.077333 0.069333
2 0.870000 0.690667 0.154667 0.148000
2 0.922000 0.865000 0.154667 0.138000
3 0.810667 0.392333 0.098667 0.088667
2 0.921333 0.395333 0.153333 0.133333
2 0.946333 0.284000 0.107333 0.082667
2 0.881333 0.175000 0.186667 0.176667
2 0.830333 0.066667 0.156667 0.130667
3 0.451333 0.909333 0.073333 0.066667
2 0.563667 0.930000 0.151333 0.140000
2 0.712667 0.942000 0.098667 0.093333
0 0.509333 0.078667 0.088000 0.089333
0 0.312000 0.458333 0.125333 0.122000
0 0.655333 0.390667 0.068000 0.114667
0 0.512667 0.423000 0.094667 0.102000
0 0.586000 0.463667 0.090667 0.104667
0 0.335000 0.580333 0.102000 0.082000
0 0.257000 0.532000 0.096667 0.105333
0 0.144000 0.513333 0.140000 0.136000
0 0.047000 0.561667 0.092667 0.090000
0 0.107667 0.420333 0.051333 0.052667
0 0.558667 0.679333 0.090667 0.090667
0 0.226333 0.643333 0.080667 0.097333
0 0.159667 0.656667 0.080667 0.093333
0 0.174333 0.731667 0.079333 0.054000
0 0.050667 0.869667 0.100000 0.111333
0 0.673333 0.722333 0.069333 0.078000
0 0.203333 0.866667 0.114667 0.088000
0 0.725000 0.391000 0.079333 0.100667
0 0.643000 0.574000 0.068667 0.066667
0 0.644000 0.640667 0.070667 0.060000
0 0.804667 0.494000 0.102667 0.093333
0 0.858667 0.312667 0.066667 0.066667
0 0.918667 0.071000 0.097333 0.084667
2 0.076000 0.208667 0.150667 0.210667
3 0.390667 0.054333 0.192000 0.107333
2 0.708333 0.053333 0.143333 0.104000
2 0.956667 0.672000 0.086667 0.142667
3 0.910667 0.952667 0.128000 0.094667
2 0.319000 0.970333 0.079333 0.059333
3 0.049333 0.426333 0.097333 0.171333
