3 0.398000 0.097333 0.090667 0.108000
2 0.641333 0.145333 0.073333 0.078667
2 0.701000 0.193667 0.062000 0.078000
2 0.749667 0.264000 0.050000 0.046667
2 0.682000 0.285333 0.062667 0.066667
2 0.621000 0.248667 0.055333 0.068000
3 0.730667 0.088667 0.056000 0.077333
3 0.685333 0.055000 0.080000 0.099333
3 0.907667 0.418000 0.076667 0.088000
3 0.828667 0.379000 0.086667 0.088667
2 0.854333 0.307000 0.106000 0.074000
3 0.941000 0.340000 0.094000 0.069333
3 0.882000 0.238667 0.030667 0.033333
3 0.849000 0.171000 0.087333 0.075333
3 0.795333 0.126667 0.085333 0.106667
2 0.931667 0.098667 0.084667 0.093333
2 0.856000 0.029000 0.062667 0.043333
3 0.496667 0.069333 0.084000 0.098667
0 0.246333 0.292667 0.378000 0.392000
0 0.206000 0.701000 0.341333 0.367333
0 0.437000 0.735333 0.210000 0.238667
0 0.526000 0.475667 0.282667 0.284667
0 0.792000 0.548333 0.270667 0.248667
0 0.679333 0.747333 0.266667 0.225333
0 0.884000 0.811333 0.232000 0.312000
0 0.580667 0.172000 0.052000 0.074667
0 0.543333 0.291667 0.060000 0.050000
3 0.959000 0.488000 0.082000 0.102667
