2 0.162000 0.096000 0.114667 0.113333
2 0.292000 0.125000 0.146667 0.147333
2 0.440000 0.060000 0.102667 0.093333
2 0.417333 0.133667 0.125333 0.102000
2 0.296333 0.228000 0.074000 0.080000
2 0.419667 0.255667 0.178000 0.155333
2 0.178667 0.222333 0.153333 0.143333
2 0.268000 0.310333 0.193333 0.135333
2 0.296667 0.414667 0.157333 0.104000
2 0.203333 0.497333 0.154667 0.164000
2 0.333333 0.535333 0.133333 0.173333
2 0.432667 0.559000 0.126667 0.171333
2 0.534000 0.580667 0.089333 0.125333
2 0.503000 0.689667 0.056667 0.092667
2 0.416333 0.700000 0.108667 0.148000
2 0.454000 0.785000 0.058667 0.071333
2 0.299667 0.673000 0.140667 0.183333
3 0.241667 0.745667 0.075333 0.087333
2 0.155667 0.599667 0.156667 0.160667
2 0.118333 0.743000 0.171333 0.147333
2 0.104333 0.857000 0.110000 0.115333
2 0.052667 0.567000 0.104000 0.160667
2 0.239333 0.843333 0.061333 0.076000
2 0.344333 0.879333 0.170000 0.194667
2 0.439333 0.898667 0.065333 0.058667
2 0.052667 0.949667 0.094667 0.100667
0 0.745000 0.232333 0.186000 0.174000
0 0.537667 0.361667 0.087333 0.150000
0 0.690333 0.109000 0.226000 0.202000
0 0.871000 0.107000 0.127333 0.116667
0 0.908667 0.449333 0.182667 0.196000
0 0.820667 0.701000 0.244000 0.198000
0 0.918667 0.872667 0.153333 0.254667
0 0.599333 0.722333 0.169333 0.143333
0 0.635000 0.486667 0.131333 0.137333
0 0.720667 0.394000 0.145333 0.185333
0 0.480000 0.465667 0.125333 0.123333
0 0.553000 0.845333 0.198000 0.168000
0 0.734667 0.854667 0.173333 0.165333
0 0.728333 0.518000 0.064667 0.066667
0 0.613333 0.252667 0.105333 0.141333
0 0.526667 0.095000 0.077333 0.072667
0 0.079333 0.244333 0.058667 0.060667
2 0.192333 0.926333 0.183333 0.147333
2 0.239333 0.041667 0.136000 0.082000
