2 0.117333 0.124000 0.116000 0.165333
2 0.214000 0.156667 0.097333 0.110667
2 0.297333 0.189333 0.133333 0.156000
2 0.179667 0.272000 0.103333 0.112000
2 0.069667 0.304000 0.130000 0.170667
2 0.288667 0.299000 0.057333 0.050000
2 0.455000 0.053667 0.132667 0.099333
2 0.679667 0.104000 0.158000 0.153333
2 0.646667 0.195667 0.104000 0.091333
2 0.543000 0.158000 0.132667 0.166667
2 0.412333 0.197000 0.130000 0.135333
2 0.398333 0.310667 0.144667 0.113333
2 0.521667 0.281667 0.088667 0.099333
2 0.621000 0.303000 0.119333 0.119333
1 0.246333 0.362000 0.172667 0.192000
2 0.119333 0.485333 0.137333 0.161333
3 0.104667 0.587333 0.053333 0.053333
2 0.219667 0.589333 0.188667 0.209333
2 0.351333 0.502333 0.104000 0.090000
2 0.467333 0.467333 0.109333 0.108000
2 0.366333 0.410333 0.108667 0.111333
2 0.500333 0.364333 0.106000 0.102000
2 0.694333 0.403333 0.140667 0.145333
2 0.568333 0.476000 0.096667 0.120000
1 0.346667 0.629667 0.093333 0.108667
2 0.447333 0.581333 0.165333 0.176000
3 0.517667 0.566333 0.040667 0.050000
2 0.083000 0.693000 0.132667 0.122000
2 0.427000 0.706667 0.111333 0.104000
2 0.510333 0.704667 0.082000 0.085333
2 0.598667 0.703000 0.130667 0.132667
2 0.679000 0.769667 0.091333 0.100667
2 0.551667 0.793333 0.068667 0.081333
2 0.480667 0.779333 0.089333 0.097333
2 0.295333 0.727333 0.149333 0.106667
2 0.158333 0.771667 0.138000 0.154000
2 0.039667 0.906000 0.076667 0.124000
2 0.145333 0.909000 0.129333 0.144667
2 0.285000 0.845333 0.123333 0.158667
2 0.247667 0.953333 0.098000 0.093333
3 0.402000 0.847000 0.112000 0.132667
2 0.515333 0.934333 0.117333 0.131333
2 0.652000 0.875333 0.177333 0.153333
3 0.778000 0.896000 0.074667 0.073333
2 0.808333 0.822667 0.158000 0.141333
2 0.722000 0.655333 0.168000 0.149333
2 0.851000 0.696333 0.147333 0.162000
2 0.928333 0.652000 0.143333 0.168000
2 0.746667 0.521667 0.152000 0.122000
2 0.810333 0.419000 0.112667 0.116667
2 0.911667 0.391667 0.119333 0.119333
2 0.811333 0.313000 0.142667 0.122000
2 0.926000 0.275667 0.068000 0.080667
2 0.814000 0.200333 0.197333 0.142000
2 0.936667 0.188000 0.126667 0.142667
2 0.947000 0.063667 0.099333 0.114000
0 0.589667 0.591000 0.119333 0.107333
0 0.852333 0.536333 0.091333 0.099333
0 0.700667 0.287000 0.090667 0.092667
0 0.757000 0.044667 0.136667 0.088000
3 0.371000 0.949000 0.175333 0.102000
3 0.757000 0.958000 0.146000 0.084000
2 0.628333 0.954667 0.127333 0.090667
2 0.932000 0.471000 0.136000 0.155333
2 0.853333 0.064333 0.129333 0.127333
