2 0.084333 0.135000 0.103333 0.098000
2 0.197000 0.164000 0.112667 0.154667
2 0.227333 0.257667 0.038667 0.040667
2 0.126333 0.229333 0.099333 0.086667
2 0.266000 0.080667 0.146667 0.160000
2 0.345000 0.119667 0.100667 0.138000
1 0.280333 0.198667 0.094000 0.089333
2 0.466333 0.078667 0.150000 0.132000
3 0.411333 0.181667 0.060000 0.060667
2 0.349333 0.254000 0.141333 0.146667
2 0.292000 0.323667 0.129333 0.132667
1 0.226333 0.400333 0.162000 0.160667
1 0.044000 0.310667 0.085333 0.086667
2 0.131000 0.335000 0.146000 0.135333
1 0.088333 0.411333 0.107333 0.086667
1 0.136667 0.458667 0.097333 0.110667
1 0.564000 0.116667 0.090667 0.100000
1 0.678333 0.069333 0.116667 0.120000
1 0.623000 0.152667 0.144667 0.121333
1 0.690000 0.267667 0.132000 0.112667
1 0.587000 0.256667 0.116667 0.141333
2 0.483000 0.212333 0.142000 0.150000
2 0.460333 0.318000 0.134000 0.129333
1 0.605000 0.366000 0.147333 0.144000
2 0.700000 0.400000 0.149333 0.158667
1 0.564333 0.441333 0.108667 0.105333
1 0.457667 0.426667 0.150000 0.134667
1 0.508333 0.536000 0.136667 0.113333
1 0.634000 0.486333 0.113333 0.106000
2 0.708333 0.538000 0.090000 0.102667
1 0.648333 0.621667 0.127333 0.152667
2 0.571667 0.589667 0.104667 0.091333
2 0.372667 0.540333 0.140000 0.140667
2 0.265667 0.508333 0.116667 0.127333
2 0.157333 0.555000 0.097333 0.102000
2 0.378000 0.383000 0.109333 0.102000
2 0.085333 0.530000 0.082667 0.088000
1 0.122667 0.636333 0.106667 0.126000
2 0.243000 0.612000 0.135333 0.130667
1 0.481000 0.638667 0.144667 0.150667
2 0.717333 0.672667 0.093333 0.101333
1 0.652333 0.742667 0.088667 0.104000
2 0.568667 0.712667 0.108000 0.114667
2 0.583667 0.789667 0.098000 0.103333
1 0.352333 0.811333 0.119333 0.126667
1 0.397333 0.718667 0.096000 0.100000
2 0.352000 0.665667 0.105333 0.139333
2 0.271000 0.733000 0.128667 0.108667
2 0.277333 0.796333 0.042667 0.052667
2 0.082000 0.761667 0.117333 0.108667
1 0.048000 0.681667 0.094667 0.192667
1 0.082000 0.873667 0.124000 0.111333
2 0.113000 0.948667 0.143333 0.102667
2 0.213000 0.871667 0.142000 0.136667
2 0.311333 0.881333 0.072000 0.070667
2 0.277667 0.945667 0.059333 0.068667
2 0.404667 0.899667 0.085333 0.088667
1 0.167333 0.795000 0.092000 0.087333
1 0.178000 0.705333 0.094667 0.102667
2 0.457000 0.778000 0.136667 0.125333
2 0.510000 0.839667 0.094667 0.094000
2 0.545000 0.894333 0.136667 0.100667
2 0.544667 0.970333 0.092000 0.059333
2 0.640667 0.856667 0.104000 0.110667
2 0.696667 0.870333 0.056000 0.056667
1 0.709000 0.813333 0.096667 0.072000
2 0.780333 0.592333 0.140667 0.138000
1 0.870000 0.657667 0.093333 0.107333
2 0.734333 0.761667 0.091333 0.094000
2 0.810000 0.731000 0.124000 0.126000
2 0.850667 0.791333 0.162667 0.118667
2 0.911000 0.879000 0.154000 0.116667
2 0.942000 0.690667 0.076000 0.084000
2 0.931667 0.556333 0.124667 0.170000
2 0.844667 0.491000 0.137333 0.104667
2 0.894333 0.412667 0.126000 0.098667
2 0.821667 0.363333 0.091333 0.076000
2 0.748333 0.166333 0.130000 0.164667
1 0.856667 0.283333 0.133333 0.104000
2 0.925333 0.316333 0.146667 0.114000
1 0.930667 0.204000 0.136000 0.097333
2 0.886333 0.145000 0.140667 0.118000
2 0.811667 0.094000 0.107333 0.128000
2 0.952000 0.063667 0.065333 0.075333
0 0.784667 0.882000 0.093333 0.078667
0 0.744333 0.957667 0.108667 0.076667
2 0.599667 0.043000 0.112667 0.084667
2 0.092000 0.052000 0.160000 0.102667
2 0.053667 0.190333 0.106000 0.135333
2 0.048000 0.461000 0.094667 0.124667
2 0.441333 0.953333 0.117333 0.093333
2 0.337667 0.954000 0.116667 0.092000
2 0.622000 0.966000 0.072000 0.068000
2 0.858333 0.936000 0.170000 0.128000
1 0.955333 0.774667 0.089333 0.121333
2 0.903000 0.045000 0.106000 0.088667
2 0.746667 0.031667 0.084000 0.062000
