2 0.057333 0.061333 0.096000 0.120000
2 0.041333 0.162000 0.058667 0.040000
2 0.156333 0.070333 0.112667 0.111333
2 0.241333 0.095333 0.052000 0.064000
2 0.318667 0.095333 0.078667 0.113333
3 0.381000 0.020667 0.068667 0.040000
2 0.404667 0.092667 0.106667 0.105333
2 0.621667 0.047333 0.076667 0.080000
2 0.595333 0.132000 0.076000 0.078667
2 0.678000 0.137667 0.077333 0.075333
3 0.753667 0.143333 0.050000 0.046667
2 0.667667 0.219667 0.054000 0.044667
2 0.568667 0.238333 0.054667 0.047333
2 0.281000 0.174333 0.132667 0.094000
2 0.419667 0.209333 0.130000 0.090667
3 0.566333 0.295000 0.088667 0.074000
3 0.715333 0.302333 0.076000 0.075333
2 0.484000 0.305333 0.088000 0.117333
2 0.391333 0.310000 0.114667 0.124000
2 0.086000 0.362667 0.089333 0.150667
2 0.125000 0.460667 0.055333 0.052000
2 0.167333 0.346667 0.073333 0.125333
3 0.237000 0.360333 0.082000 0.112667
3 0.305000 0.367333 0.058000 0.068000
3 0.377333 0.375667 0.084000 0.080667
3 0.516000 0.387000 0.110667 0.107333
2 0.609000 0.372333 0.083333 0.139333
2 0.690000 0.379667 0.080000 0.126000
3 0.751000 0.397667 0.046000 0.055333
2 0.248667 0.459333 0.161333 0.125333
2 0.378667 0.467667 0.104000 0.107333
2 0.495667 0.472000 0.083333 0.073333
3 0.574667 0.474000 0.078667 0.090667
3 0.649667 0.488667 0.100667 0.110667
2 0.548667 0.581667 0.113333 0.131333
2 0.400000 0.561333 0.189333 0.161333
3 0.272000 0.546333 0.024000 0.023333
2 0.085333 0.588000 0.136000 0.141333
2 0.148667 0.643667 0.089333 0.140667
2 0.246333 0.631667 0.123333 0.139333
2 0.337000 0.641667 0.080667 0.099333
2 0.419000 0.657000 0.070000 0.080667
2 0.502333 0.676000 0.106000 0.129333
2 0.585000 0.669667 0.059333 0.075333
2 0.672333 0.655333 0.099333 0.118667
3 0.778000 0.660333 0.112000 0.099333
3 0.869667 0.671000 0.083333 0.079333
3 0.948667 0.663667 0.069333 0.063333
2 0.752667 0.580000 0.109333 0.090667
2 0.839000 0.586000 0.086000 0.102667
2 0.921667 0.577333 0.074000 0.086667
2 0.779333 0.487667 0.146667 0.114000
3 0.875000 0.495000 0.072667 0.083333
3 0.804667 0.399000 0.065333 0.079333
3 0.876667 0.394333 0.084000 0.123333
3 0.948333 0.379667 0.080667 0.107333
3 0.950333 0.483000 0.064667 0.102000
3 0.807333 0.294667 0.096000 0.106667
2 0.886667 0.291000 0.078667 0.080667
3 0.962667 0.285333 0.069333 0.086667
3 0.906333 0.215333 0.094000 0.084000
3 0.075333 0.729000 0.110667 0.126000
2 0.088333 0.846333 0.106000 0.136667
3 0.171667 0.757667 0.092667 0.118000
2 0.189000 0.831000 0.060667 0.056667
2 0.290333 0.737667 0.162000 0.130000
2 0.300333 0.838333 0.128667 0.108667
3 0.391333 0.722000 0.032000 0.034667
2 0.179333 0.921333 0.116000 0.128000
2 0.333333 0.917667 0.129333 0.152667
2 0.423667 0.905000 0.067333 0.092667
2 0.424667 0.970667 0.092000 0.058667
2 0.504333 0.932333 0.098000 0.075333
2 0.487333 0.838333 0.124000 0.107333
2 0.592333 0.756333 0.108667 0.123333
2 0.610333 0.856000 0.120667 0.094667
3 0.687000 0.844000 0.048667 0.064000
2 0.743333 0.841667 0.080000 0.072667
2 0.635667 0.931000 0.096667 0.088667
3 0.672667 0.764333 0.065333 0.090000
2 0.946667 0.765333 0.104000 0.112000
2 0.855000 0.766667 0.082000 0.094667
3 0.758000 0.764000 0.109333 0.112000
2 0.823000 0.851333 0.086000 0.097333
3 0.918333 0.869667 0.114000 0.123333
3 0.744333 0.931333 0.080667 0.086667
0 0.656333 0.573667 0.111333 0.068667
0 0.819000 0.937333 0.088667 0.089333
0 0.579333 0.929000 0.066667 0.068667
0 0.304667 0.563667 0.062667 0.088667
0 0.444000 0.401333 0.062667 0.061333
0 0.174000 0.155667 0.076000 0.058000
0 0.434333 0.769333 0.104667 0.066667
0 0.321667 0.273333 0.067333 0.069333
0 0.253000 0.243333 0.112667 0.061333
0 0.190000 0.218333 0.058667 0.092667
0 0.097333 0.152667 0.056000 0.064000
0 0.641333 0.270333 0.093333 0.107333
0 0.722000 0.243333 0.062667 0.081333
0 0.531000 0.140667 0.074000 0.074667
0 0.593000 0.188333 0.094000 0.056667
0 0.518333 0.205000 0.070000 0.060667
0 0.498667 0.072333 0.070667 0.062000
0 0.706000 0.884333 0.048000 0.055333
0 0.122667 0.510667 0.081333 0.058667
0 0.185667 0.540000 0.074000 0.077333
2 0.030000 0.371000 0.058667 0.175333
3 0.976667 0.468000 0.044000 0.102667
