2 0.669667 0.700667 0.079333 0.089333
3 0.368333 0.682667 0.104667 0.086667
3 0.322667 0.603000 0.161333 0.138000
2 0.265333 0.681667 0.048000 0.026000
2 0.268333 0.717000 0.074000 0.055333
2 0.168000 0.703333 0.088000 0.072000
2 0.160000 0.588000 0.144000 0.141333
2 0.063667 0.662000 0.126000 0.181333
2 0.121000 0.788333 0.044667 0.044667
2 0.077333 0.860333 0.084000 0.078000
2 0.210667 0.804667 0.122667 0.133333
2 0.255333 0.890667 0.130667 0.142667
2 0.473000 0.835667 0.139333 0.156667
2 0.581333 0.824667 0.078667 0.118667
2 0.673333 0.817000 0.113333 0.150000
2 0.654333 0.945000 0.126000 0.110000
2 0.445000 0.951000 0.127333 0.098000
2 0.778667 0.904333 0.132000 0.123333
2 0.897667 0.918667 0.114000 0.100000
2 0.781333 0.771667 0.125333 0.139333
2 0.900667 0.794667 0.121333 0.137333
0 0.954333 0.502333 0.091333 0.115333
0 0.584333 0.553667 0.042000 0.048667
0 0.709333 0.581667 0.070667 0.060667
0 0.771333 0.444333 0.121333 0.108667
0 0.725667 0.347333 0.099333 0.109333
0 0.722667 0.092667 0.145333 0.133333
0 0.633000 0.035667 0.099333 0.070000
0 0.638667 0.472000 0.070667 0.066667
0 0.492667 0.656667 0.141333 0.157333
0 0.318667 0.379000 0.165333 0.119333
0 0.516000 0.358667 0.062667 0.066667
0 0.156333 0.262667 0.127333 0.117333
0 0.180333 0.337333 0.062000 0.052000
0 0.827000 0.146333 0.140667 0.136667
0 0.543000 0.147000 0.078000 0.067333
0 0.534667 0.246667 0.081333 0.097333
0 0.375000 0.769667 0.079333 0.064667
0 0.042000 0.147667 0.082667 0.087333
0 0.039333 0.383000 0.077333 0.082000
0 0.220333 0.428667 0.048667 0.053333
0 0.346667 0.255000 0.052000 0.063333
0 0.430667 0.210667 0.086667 0.057333
0 0.081333 0.064667 0.093333 0.072000
0 0.307333 0.183333 0.120000 0.102667
0 0.385667 0.040333 0.140667 0.078000
0 0.329667 0.083000 0.047333 0.060667
0 0.634333 0.171333 0.086000 0.053333
0 0.826000 0.625000 0.052000 0.043333
0 0.770333 0.668667 0.099333 0.082667
0 0.675000 0.531333 0.066000 0.050667
0 0.851333 0.511667 0.070667 0.064667
0 0.866667 0.365000 0.097333 0.102000
0 0.265667 0.089333 0.038000 0.041333
0 0.075667 0.441333 0.072667 0.064000
0 0.274333 0.463667 0.054000 0.044667
0 0.547333 0.743333 0.046667 0.052000
3 0.108000 0.944000 0.128000 0.112000
