2 0.128000 0.088333 0.097333 0.115333
2 0.278333 0.136333 0.074000 0.074000
2 0.204000 0.346000 0.098667 0.097333
2 0.373000 0.247000 0.096667 0.075333
2 0.514333 0.123667 0.136667 0.126000
2 0.622667 0.060000 0.084000 0.118667
2 0.559667 0.240333 0.102000 0.154000
2 0.661333 0.256000 0.128000 0.202667
2 0.469333 0.254333 0.089333 0.144667
2 0.398000 0.351667 0.181333 0.166000
3 0.535667 0.366000 0.092667 0.081333
2 0.144000 0.531333 0.128000 0.148000
2 0.297333 0.536333 0.174667 0.160667
2 0.395000 0.555333 0.090000 0.093333
1 0.482333 0.557333 0.072667 0.076000
2 0.603333 0.477000 0.048000 0.054000
2 0.602333 0.562667 0.074000 0.068000
3 0.706667 0.704333 0.081333 0.098000
2 0.573667 0.667000 0.207333 0.246000
2 0.617000 0.817000 0.136667 0.128667
2 0.062000 0.661667 0.121333 0.139333
2 0.178333 0.669333 0.146000 0.132000
2 0.283000 0.686333 0.126000 0.144667
2 0.405333 0.674333 0.146667 0.152667
2 0.460333 0.812667 0.106000 0.098667
2 0.347000 0.806667 0.142000 0.133333
2 0.107000 0.774333 0.175333 0.107333
3 0.097000 0.833333 0.038000 0.030667
2 0.404000 0.929667 0.117333 0.136667
2 0.513333 0.963667 0.038667 0.044667
3 0.653333 0.925000 0.066667 0.074000
2 0.864333 0.844000 0.082000 0.104000
2 0.883333 0.709667 0.226667 0.207333
2 0.722333 0.552000 0.186000 0.220000
2 0.851667 0.568000 0.082000 0.109333
2 0.774000 0.242333 0.104000 0.116667
2 0.757000 0.367333 0.160667 0.154667
2 0.883000 0.375000 0.112667 0.151333
2 0.880667 0.257333 0.122667 0.112000
2 0.944333 0.178333 0.070000 0.067333
2 0.853333 0.156000 0.085333 0.100000
2 0.749333 0.139000 0.198667 0.172667
2 0.856000 0.056000 0.117333 0.110667
0 0.381667 0.146333 0.143333 0.131333
0 0.523667 0.056000 0.156667 0.110667
0 0.951000 0.259333 0.098000 0.110667
0 0.895000 0.502000 0.127333 0.118667
0 0.764667 0.810000 0.157333 0.137333
0 0.770667 0.927333 0.137333 0.121333
0 0.125000 0.905333 0.131333 0.129333
0 0.270333 0.264667 0.127333 0.125333
0 0.158667 0.241667 0.125333 0.123333
0 0.203667 0.122000 0.092667 0.116000
0 0.193667 0.822000 0.083333 0.092000
0 0.505667 0.738000 0.080667 0.112000
0 0.563667 0.900667 0.143333 0.150667
2 0.064000 0.505000 0.126667 0.190000
2 0.297667 0.944667 0.115333 0.110667
2 0.947333 0.874667 0.105333 0.200000
2 0.968000 0.358333 0.064000 0.118000
2 0.730000 0.044333 0.144000 0.087333
