1 0.045000 0.722000 0.086000 0.080000
1 0.122000 0.792667 0.120000 0.126667
1 0.070000 0.895333 0.138667 0.144000
1 0.192000 0.884000 0.077333 0.081333
1 0.302000 0.901333 0.144000 0.126667
1 0.217667 0.823000 0.111333 0.095333
1 0.170333 0.741667 0.059333 0.080667
1 0.106333 0.680667 0.122000 0.093333
1 0.092333 0.610333 0.090000 0.098000
1 0.065333 0.514333 0.128000 0.138000
1 0.157667 0.490667 0.080667 0.090667
1 0.105333 0.404667 0.126667 0.126667
1 0.051333 0.314000 0.089333 0.096000
1 0.142333 0.281333 0.148667 0.122667
2 0.177333 0.370000 0.100000 0.105333
2 0.226667 0.438000 0.068000 0.058667
1 0.292667 0.357667 0.148000 0.140667
2 0.170333 0.606000 0.118000 0.112000
2 0.235000 0.671333 0.102000 0.117333
2 0.313000 0.773333 0.131333 0.121333
2 0.409000 0.841333 0.047333 0.053333
2 0.454667 0.758333 0.116000 0.130000
2 0.370333 0.668667 0.123333 0.118667
1 0.243667 0.533667 0.084667 0.118000
1 0.317667 0.561333 0.142000 0.174667
2 0.419000 0.521000 0.150000 0.148667
1 0.332000 0.440333 0.121333 0.107333
2 0.431333 0.358000 0.157333 0.136000
1 0.258000 0.262000 0.102667 0.078667
2 0.484333 0.282667 0.062000 0.076000
1 0.469333 0.911333 0.165333 0.174667
1 0.488333 0.648333 0.107333 0.111333
1 0.586333 0.916333 0.106000 0.164667
1 0.668000 0.899000 0.129333 0.127333
1 0.584333 0.789333 0.142000 0.128000
2 0.604333 0.624333 0.211333 0.147333
2 0.638000 0.478667 0.184000 0.144000
2 0.691333 0.717000 0.150667 0.156667
1 0.754667 0.846667 0.130667 0.133333
2 0.830333 0.772667 0.106000 0.116000
2 0.879333 0.285667 0.094667 0.086000
2 0.941333 0.346000 0.114667 0.117333
1 0.857333 0.933333 0.116000 0.130667
1 0.901000 0.855000 0.114000 0.116667
1 0.955333 0.940667 0.089333 0.117333
2 0.834000 0.190000 0.220000 0.168000
2 0.789667 0.114000 0.142000 0.132000
2 0.897333 0.069667 0.154667 0.127333
2 0.719333 0.068667 0.150667 0.137333
2 0.455000 0.188333 0.092667 0.082000
2 0.396333 0.093000 0.056667 0.062000
2 0.341333 0.217000 0.108000 0.119333
2 0.313000 0.098000 0.080667 0.081333
1 0.215667 0.144333 0.146000 0.144667
2 0.103333 0.173667 0.114667 0.099333
2 0.155000 0.056667 0.130000 0.113333
1 0.066000 0.079333 0.130667 0.116000
0 0.223333 0.748667 0.078667 0.062667
1 0.119667 0.949333 0.148667 0.100000
1 0.034333 0.233000 0.067333 0.098000
