2 0.071667 0.084667 0.140667 0.166667
2 0.206667 0.106667 0.196000 0.205333
2 0.340000 0.115333 0.101333 0.122667
2 0.193000 0.251000 0.086000 0.110000
2 0.281333 0.253000 0.134667 0.134000
2 0.403667 0.283000 0.131333 0.187333
2 0.453333 0.134000 0.162667 0.186667
2 0.573333 0.143667 0.100000 0.166000
2 0.700667 0.144667 0.181333 0.198667
2 0.622333 0.292667 0.120667 0.126667
2 0.516333 0.274667 0.111333 0.149333
2 0.158000 0.354000 0.140000 0.104000
2 0.288667 0.371667 0.122667 0.119333
2 0.275333 0.464000 0.078667 0.073333
2 0.540667 0.376000 0.097333 0.064000
2 0.682000 0.400000 0.124000 0.118667
2 0.733000 0.314667 0.092667 0.104000
2 0.144000 0.465333 0.190667 0.154667
2 0.394667 0.467667 0.142667 0.195333
2 0.508333 0.491667 0.183333 0.236667
2 0.655333 0.502000 0.152000 0.190667
2 0.342667 0.605667 0.094667 0.090000
2 0.207667 0.597667 0.143333 0.136667
2 0.076333 0.684333 0.140667 0.115333
2 0.089667 0.780333 0.096667 0.091333
2 0.290667 0.689333 0.157333 0.166667
2 0.222333 0.766000 0.168667 0.150667
2 0.257000 0.888333 0.167333 0.156667
2 0.391667 0.905667 0.119333 0.134000
2 0.423667 0.814333 0.151333 0.174000
2 0.459667 0.698667 0.158000 0.174667
2 0.589333 0.713333 0.160000 0.157333
2 0.694667 0.743333 0.096000 0.094667
2 0.588667 0.862000 0.228000 0.172000
2 0.620667 0.941667 0.152000 0.116667
2 0.803333 0.857667 0.158667 0.182000
2 0.925333 0.905000 0.149333 0.130000
2 0.913000 0.798667 0.162000 0.129333
2 0.748333 0.644000 0.158000 0.154667
2 0.892667 0.663000 0.173333 0.154000
2 0.759000 0.522333 0.071333 0.090000
2 0.872667 0.514333 0.176000 0.187333
2 0.920667 0.432667 0.125333 0.118667
2 0.959000 0.267667 0.082000 0.138000
2 0.853000 0.291667 0.172667 0.226000
2 0.837667 0.074333 0.154000 0.146000
0 0.127667 0.282667 0.111333 0.101333
0 0.696333 0.868667 0.100667 0.133333
2 0.071667 0.571333 0.142000 0.169333
2 0.109667 0.930333 0.191333 0.139333
2 0.685333 0.040667 0.144000 0.080000
