2 0.050000 0.055667 0.098667 0.110000
2 0.130333 0.052000 0.090000 0.102667
2 0.238333 0.098333 0.159333 0.171333
3 0.069333 0.135333 0.068000 0.057333
2 0.167333 0.171000 0.145333 0.156667
2 0.369667 0.060000 0.106000 0.116000
3 0.343667 0.194333 0.058000 0.063333
3 0.132000 0.240333 0.117333 0.088667
2 0.039000 0.229000 0.076667 0.120667
3 0.333333 0.287667 0.130667 0.131333
2 0.037667 0.327333 0.074000 0.085333
3 0.137333 0.348667 0.144000 0.126667
2 0.090667 0.427000 0.144000 0.108667
2 0.207667 0.415000 0.090000 0.102000
2 0.290667 0.361333 0.080000 0.084000
2 0.547000 0.080000 0.099333 0.094667
2 0.717333 0.125333 0.128000 0.102667
3 0.627667 0.193667 0.080667 0.091333
3 0.554667 0.191333 0.065333 0.102667
2 0.710333 0.236333 0.122000 0.138000
2 0.596667 0.282333 0.114667 0.127333
3 0.283667 0.454667 0.064667 0.086667
2 0.394667 0.396333 0.169333 0.184667
2 0.576000 0.385333 0.088000 0.084000
3 0.593000 0.462000 0.067333 0.060000
2 0.508333 0.431667 0.139333 0.162000
2 0.669333 0.492333 0.073333 0.080667
2 0.379000 0.513000 0.091333 0.088667
3 0.109667 0.527000 0.147333 0.130000
2 0.240000 0.558333 0.140000 0.172667
3 0.334000 0.596000 0.136000 0.161333
2 0.464000 0.542667 0.109333 0.102667
2 0.446000 0.631333 0.132000 0.124000
3 0.562333 0.573333 0.110000 0.137333
3 0.657667 0.611333 0.120667 0.168000
3 0.043333 0.605667 0.085333 0.115333
2 0.138000 0.632000 0.104000 0.094667
2 0.056000 0.728667 0.109333 0.130667
3 0.177333 0.740000 0.162667 0.114667
3 0.157000 0.861667 0.131333 0.144667
3 0.082000 0.907000 0.086667 0.108667
3 0.277667 0.864000 0.166000 0.201333
3 0.359667 0.908667 0.074000 0.105333
3 0.444667 0.934000 0.105333 0.122667
3 0.445000 0.832000 0.119333 0.109333
3 0.544000 0.855667 0.098667 0.120667
3 0.454333 0.733333 0.063333 0.070667
3 0.533667 0.748667 0.088667 0.073333
3 0.625667 0.767667 0.086000 0.103333
3 0.706333 0.731000 0.106000 0.116667
3 0.717333 0.811333 0.066667 0.065333
3 0.641333 0.885667 0.108000 0.123333
3 0.760667 0.911667 0.136000 0.168667
3 0.831667 0.756667 0.103333 0.096000
3 0.946000 0.780667 0.058667 0.056000
2 0.935667 0.697333 0.100667 0.109333
2 0.858000 0.652667 0.136000 0.128000
3 0.756667 0.630333 0.102667 0.135333
2 0.762000 0.532333 0.078667 0.076667
2 0.860333 0.550000 0.127333 0.108000
3 0.932333 0.499000 0.054000 0.052667
2 0.882333 0.433333 0.146000 0.128000
2 0.741667 0.400333 0.159333 0.144667
3 0.822333 0.145333 0.099333 0.114667
2 0.806000 0.245667 0.084000 0.103333
3 0.877000 0.078667 0.091333 0.093333
2 0.901333 0.170667 0.110667 0.108000
2 0.902333 0.268667 0.099333 0.108000
0 0.681667 0.333333 0.108667 0.093333
0 0.618000 0.125000 0.086667 0.068667
0 0.457667 0.046667 0.082000 0.092000
0 0.465333 0.144333 0.121333 0.127333
0 0.432333 0.250667 0.155333 0.113333
0 0.271667 0.215000 0.084667 0.107333
0 0.236000 0.309000 0.078667 0.092667
0 0.276667 0.689000 0.062667 0.060667
0 0.949000 0.383333 0.102000 0.106667
0 0.203667 0.667333 0.071333 0.062667
0 0.846667 0.835333 0.072000 0.070667
0 0.516667 0.694667 0.066667 0.069333
0 0.804667 0.323333 0.098667 0.062667
3 0.550000 0.959667 0.098667 0.080667
2 0.869667 0.941333 0.102000 0.117333
3 0.641667 0.966000 0.090000 0.068000
3 0.955333 0.953000 0.089333 0.090000
2 0.971000 0.212000 0.058000 0.106667
3 0.961000 0.098333 0.078000 0.120667
2 0.727667 0.041333 0.142000 0.081333
3 0.966667 0.298333 0.066667 0.078000
