2 0.105667 0.153333 0.122000 0.152000
2 0.129000 0.290667 0.128667 0.124000
3 0.259333 0.292000 0.106667 0.108000
2 0.270333 0.403333 0.194000 0.205333
2 0.360000 0.297667 0.033333 0.046000
2 0.333333 0.171000 0.126667 0.130000
2 0.513000 0.084333 0.163333 0.166000
2 0.561667 0.181000 0.184667 0.223333
2 0.479000 0.301000 0.055333 0.062000
2 0.611000 0.443333 0.119333 0.148000
2 0.482000 0.438667 0.164000 0.205333
2 0.454333 0.550667 0.094000 0.101333
3 0.335333 0.528000 0.061333 0.065333
2 0.674000 0.528667 0.036000 0.040000
2 0.661667 0.645667 0.092667 0.091333
2 0.566000 0.587667 0.029333 0.031333
2 0.556000 0.634000 0.085333 0.080000
2 0.347000 0.639000 0.110000 0.100667
2 0.239667 0.729333 0.130000 0.185333
2 0.390000 0.742667 0.177333 0.220000
2 0.271667 0.843667 0.062000 0.067333
2 0.128000 0.810667 0.113333 0.117333
3 0.356667 0.937333 0.066667 0.064000
2 0.505000 0.842333 0.136667 0.139333
2 0.742667 0.871667 0.193333 0.166000
2 0.615667 0.758667 0.080667 0.122667
2 0.723000 0.757333 0.152667 0.132000
2 0.843333 0.757667 0.129333 0.123333
2 0.848000 0.856667 0.080000 0.088000
2 0.933000 0.846333 0.087333 0.122000
2 0.766333 0.645667 0.134000 0.142000
2 0.849000 0.641333 0.040667 0.037333
2 0.802333 0.564333 0.106000 0.103333
2 0.926333 0.568333 0.147333 0.138000
2 0.810667 0.447667 0.124000 0.131333
2 0.929667 0.452000 0.119333 0.128000
2 0.922000 0.518667 0.049333 0.045333
2 0.717333 0.350333 0.193333 0.230000
2 0.856000 0.321000 0.109333 0.120667
2 0.768333 0.156000 0.155333 0.185333
2 0.885667 0.164333 0.107333 0.131333
2 0.759333 0.078000 0.088000 0.072000
3 0.919667 0.075667 0.150000 0.111333
0 0.220000 0.101000 0.114667 0.138000
0 0.407667 0.060000 0.127333 0.118667
0 0.582667 0.305000 0.113333 0.112667
0 0.520000 0.740333 0.141333 0.123333
0 0.448333 0.352333 0.115333 0.147333
0 0.225000 0.547333 0.158000 0.149333
0 0.379667 0.863667 0.135333 0.119333
0 0.675667 0.066667 0.104667 0.097333
0 0.150333 0.366667 0.100667 0.106667
0 0.420000 0.219000 0.082667 0.111333
0 0.483667 0.610000 0.094000 0.110667
0 0.193000 0.847667 0.076667 0.118000
2 0.054333 0.043000 0.107333 0.084667
2 0.062667 0.711333 0.124000 0.149333
2 0.554000 0.949667 0.086667 0.100667
2 0.468000 0.957333 0.102667 0.085333
2 0.657667 0.958333 0.108667 0.083333
2 0.760000 0.955333 0.104000 0.089333
2 0.859667 0.944667 0.136667 0.110667
2 0.952333 0.678333 0.095333 0.143333
2 0.945333 0.326000 0.109333 0.158667
3 0.949000 0.184333 0.102000 0.131333
