2 0.060000 0.854667 0.041333 0.052000
2 0.427000 0.877000 0.047333 0.052667
2 0.518333 0.862333 0.066000 0.090000
2 0.107000 0.955000 0.083333 0.088667
2 0.180333 0.968333 0.047333 0.062000
2 0.565000 0.936000 0.131333 0.128000
2 0.748000 0.929333 0.033333 0.029333
2 0.834667 0.931667 0.094667 0.092667
2 0.933667 0.854333 0.082000 0.079333
3 0.929000 0.923333 0.026000 0.028000
0 0.556333 0.126000 0.214000 0.200000
0 0.692000 0.296000 0.121333 0.144000
0 0.650333 0.487000 0.155333 0.162000
0 0.639333 0.602000 0.101333 0.085333
0 0.414000 0.605000 0.110667 0.095333
0 0.123000 0.711000 0.119333 0.100667
0 0.176667 0.629333 0.101333 0.078667
0 0.242333 0.733333 0.091333 0.085333
0 0.318000 0.640333 0.089333 0.076667
0 0.244333 0.900000 0.123333 0.136000
0 0.801667 0.139333 0.119333 0.105333
0 0.860333 0.671667 0.087333 0.115333
0 0.843333 0.363667 0.137333 0.150000
0 0.144333 0.465667 0.088667 0.071333
0 0.140333 0.390000 0.104667 0.101333
0 0.266667 0.332333 0.090667 0.087333
0 0.381667 0.340333 0.099333 0.099333
0 0.559333 0.247333 0.110667 0.094667
0 0.560333 0.351333 0.178000 0.137333
0 0.087667 0.120333 0.108667 0.123333
0 0.450333 0.754333 0.107333 0.115333
0 0.954000 0.608000 0.092000 0.097333
0 0.711333 0.079333 0.089333 0.096000
