1 0.955000 0.278000 0.086000 0.080000
1 0.878000 0.207333 0.120000 0.126667
1 0.930000 0.104667 0.138667 0.144000
1 0.808000 0.116000 0.077333 0.081333
1 0.698000 0.098667 0.144000 0.126667
1 0.782333 0.177000 0.111333 0.095333
1 0.829667 0.258333 0.059333 0.080667
1 0.893667 0.319333 0.122000 0.093333
1 0.907667 0.389667 0.090000 0.098000
1 0.934667 0.485667 0.128000 0.138000
1 0.842333 0.509333 0.080667 0.090667
1 0.894667 0.595333 0.126667 0.126667
1 0.948667 0.686000 0.089333 0.096000
1 0.857667 0.718667 0.148667 0.122667
2 0.822667 0.630000 0.100000 0.105333
2 0.773333 0.562000 0.068000 0.058667
1 0.707333 0.642333 0.148000 0.140667
2 0.829667 0.394000 0.118000 0.112000
2 0.765000 0.328667 0.102000 0.117333
2 0.687000 0.226667 0.131333 0.121333
2 0.591000 0.158667 0.047333 0.053333
2 0.545333 0.241667 0.116000 0.130000
2 0.629667 0.331333 0.123333 0.118667
1 0.756333 0.466333 0.084667 0.118000
1 0.682333 0.438667 0.142000 0.174667
2 0.581000 0.479000 0.150000 0.148667
1 0.668000 0.559667 0.121333 0.107333
2 0.568667 0.642000 0.157333 0.136000
1 0.742000 0.738000 0.102667 0.078667
2 0.515667 0.717333 0.062000 0.076000
1 0.530667 0.088667 0.165333 0.174667
1 0.511667 0.351667 0.107333 0.111333
1 0.413667 0.083667 0.106000 0.164667
1 0.332000 0.101000 0.129333 0.127333
1 0.415667 0.210667 0.142000 0.128000
2 0.395667 0.375667 0.211333 0.147333
2 0.362000 0.521333 0.184000 0.144000
2 0.308667 0.283000 0.150667 0.156667
1 0.245333 0.153333 0.130667 0.133333
2 0.169667 0.227333 0.106000 0.116000
2 0.120667 0.714333 0.094667 0.086000
2 0.058667 0.654000 0.114667 0.117333
1 0.142667 0.066667 0.116000 0.130667
1 0.099000 0.145000 0.114000 0.116667
1 0.044667 0.059333 0.089333 0.117333
2 0.166000 0.810000 0.220000 0.168000
2 0.210333 0.886000 0.142000 0.132000
2 0.102667 0.930333 0.154667 0.127333
2 0.280667 0.931333 0.150667 0.137333
2 0.545000 0.811667 0.092667 0.082000
2 0.603667 0.907000 0.056667 0.062000
2 0.658667 0.783000 0.108000 0.119333
2 0.687000 0.902000 0.080667 0.081333
1 0.784333 0.855667 0.146000 0.144667
2 0.896667 0.826333 0.114667 0.099333
2 0.845000 0.943333 0.130000 0.113333
1 0.934000 0.920667 0.130667 0.116000
0 0.776667 0.251333 0.078667 0.062667
1 0.880333 0.050667 0.148667 0.100000
1 0.965667 0.767000 0.067333 0.098000
