2 0.097333 0.106667 0.190667 0.165333
2 0.211000 0.127667 0.067333 0.047333
2 0.299333 0.132333 0.108000 0.140667
2 0.396333 0.114333 0.086000 0.102000
2 0.497667 0.066000 0.134000 0.100000
2 0.489000 0.163000 0.167333 0.140667
2 0.455000 0.267333 0.114000 0.116000
2 0.596333 0.212000 0.106000 0.138667
2 0.060667 0.237667 0.109333 0.111333
3 0.056333 0.345667 0.104667 0.124667
2 0.154000 0.324333 0.096000 0.094000
2 0.172333 0.415333 0.108667 0.100000
2 0.271333 0.390333 0.072000 0.084667
2 0.700000 0.132000 0.098667 0.081333
2 0.528333 0.361333 0.155333 0.132000
3 0.627333 0.501667 0.046667 0.066000
2 0.143000 0.519667 0.111333 0.123333
3 0.199333 0.570667 0.094667 0.072000
3 0.228333 0.465667 0.080667 0.088667
2 0.300667 0.529667 0.120000 0.170000
2 0.407000 0.521333 0.100667 0.109333
2 0.376333 0.649667 0.111333 0.119333
2 0.479667 0.695000 0.154000 0.106000
2 0.478667 0.571000 0.201333 0.198000
1 0.597000 0.627333 0.047333 0.060000
2 0.720667 0.475667 0.130667 0.126000
3 0.699333 0.571000 0.048000 0.051333
2 0.184333 0.662000 0.167333 0.128000
3 0.279333 0.728000 0.142667 0.122667
2 0.685667 0.754667 0.070000 0.089333
2 0.156667 0.892333 0.161333 0.187333
2 0.330000 0.927000 0.126667 0.139333
2 0.463667 0.875000 0.139333 0.162000
2 0.353000 0.817000 0.162000 0.143333
2 0.627000 0.912667 0.083333 0.093333
2 0.726667 0.927333 0.133333 0.140000
2 0.740333 0.824333 0.104667 0.088667
2 0.770667 0.726000 0.133333 0.137333
2 0.881667 0.714333 0.112667 0.122000
2 0.921667 0.525333 0.156667 0.176000
2 0.852333 0.398333 0.192667 0.166000
2 0.827667 0.267333 0.138000 0.109333
2 0.914333 0.166667 0.115333 0.113333
2 0.807000 0.133333 0.142000 0.126667
2 0.915000 0.066000 0.144667 0.125333
3 0.092000 0.751667 0.046667 0.042000
0 0.212667 0.300000 0.072000 0.105333
0 0.604000 0.124333 0.102667 0.072667
0 0.690667 0.057000 0.106667 0.095333
0 0.621333 0.285667 0.072000 0.055333
0 0.641667 0.344000 0.054000 0.086667
0 0.559667 0.532333 0.106000 0.116667
0 0.545667 0.434667 0.115333 0.082667
0 0.649000 0.623333 0.100667 0.108000
0 0.776667 0.546333 0.078667 0.104667
0 0.808333 0.593000 0.066000 0.072667
0 0.629333 0.744667 0.092000 0.106667
0 0.554000 0.788000 0.088000 0.106667
0 0.473000 0.772000 0.088667 0.085333
0 0.890333 0.937667 0.086000 0.088667
0 0.808333 0.927667 0.070000 0.108667
0 0.230000 0.848000 0.092000 0.106667
0 0.052000 0.759333 0.046667 0.058667
0 0.240667 0.202667 0.070667 0.069333
0 0.368000 0.206667 0.041333 0.045333
0 0.083333 0.426000 0.072000 0.088000
0 0.377667 0.403667 0.052667 0.054000
0 0.445667 0.361333 0.048667 0.060000
0 0.938000 0.256000 0.062667 0.072000
0 0.840333 0.861667 0.070000 0.064667
0 0.313000 0.309333 0.054000 0.072000
3 0.049333 0.503000 0.097333 0.148667
2 0.329000 0.044333 0.119333 0.087333
2 0.418667 0.038000 0.100000 0.074667
