0 0.391333 0.740333 0.234667 0.179333
0 0.378000 0.643333 0.066667 0.066667
0 0.454667 0.715000 0.066667 0.072667
0 0.324333 0.882667 0.076667 0.101333
0 0.222667 0.640333 0.066667 0.088667
0 0.118333 0.695000 0.206000 0.194000
0 0.107333 0.855333 0.212000 0.188000
0 0.246667 0.911000 0.082667 0.108667
0 0.667000 0.803000 0.232667 0.256667
0 0.799333 0.742333 0.141333 0.107333
0 0.875000 0.828333 0.163333 0.158000
0 0.879000 0.669667 0.123333 0.171333
0 0.759000 0.570667 0.190000 0.192000
0 0.681333 0.506000 0.054667 0.066667
0 0.627667 0.527333 0.104667 0.145333
0 0.500333 0.456333 0.214000 0.186000
0 0.251000 0.459667 0.244667 0.236667
0 0.188333 0.294667 0.139333 0.137333
0 0.313333 0.196667 0.172000 0.196000
0 0.338667 0.318333 0.133333 0.119333
0 0.463000 0.108000 0.127333 0.192000
0 0.311667 0.069667 0.111333 0.123333
0 0.134667 0.075000 0.214667 0.148667
0 0.083000 0.423000 0.139333 0.127333
0 0.552667 0.277000 0.125333 0.194000
0 0.664000 0.310333 0.125333 0.147333
0 0.752000 0.387667 0.078667 0.072667
0 0.851000 0.477667 0.171333 0.151333
0 0.680333 0.160000 0.148667 0.156000
0 0.752667 0.115667 0.172000 0.138000
0 0.818333 0.245333 0.150000 0.136000
0 0.920667 0.290000 0.130667 0.149333
0 0.914000 0.129333 0.172000 0.130667
0 0.807000 0.324667 0.122000 0.085333
