3 0.111333 0.072667 0.092000 0.096000
3 0.155667 0.165667 0.122000 0.130000
3 0.216000 0.083000 0.094667 0.106000
2 0.318333 0.121000 0.098000 0.120667
2 0.401333 0.063333 0.114667 0.112000
3 0.535000 0.110667 0.131333 0.124000
2 0.606333 0.078333 0.055333 0.066000
3 0.658333 0.040333 0.030000 0.046000
2 0.686667 0.140000 0.104000 0.148000
3 0.398000 0.164667 0.065333 0.076000
3 0.333333 0.239667 0.100000 0.115333
2 0.244667 0.195333 0.073333 0.101333
3 0.077000 0.284667 0.086000 0.093333
3 0.149667 0.288667 0.075333 0.113333
3 0.228667 0.316333 0.104000 0.130000
3 0.291667 0.374667 0.064667 0.069333
2 0.382667 0.356667 0.073333 0.094667
3 0.358667 0.420000 0.085333 0.084000
3 0.489333 0.319667 0.078667 0.080667
3 0.469000 0.400667 0.092667 0.098667
2 0.480000 0.217333 0.106667 0.097333
3 0.409667 0.267000 0.055333 0.056667
2 0.569667 0.258667 0.112667 0.109333
2 0.682667 0.295667 0.106667 0.103333
3 0.573667 0.355000 0.086000 0.079333
2 0.677000 0.390333 0.116667 0.080667
3 0.554000 0.425333 0.061333 0.058667
3 0.054667 0.362333 0.102667 0.103333
2 0.047333 0.454667 0.068000 0.078667
3 0.138000 0.407000 0.084000 0.099333
2 0.148000 0.514000 0.097333 0.101333
2 0.221333 0.452000 0.108000 0.092000
3 0.283333 0.490333 0.080000 0.088667
3 0.337000 0.530333 0.099333 0.099333
3 0.287333 0.607667 0.094667 0.098000
3 0.401000 0.589333 0.126000 0.121333
3 0.418000 0.455333 0.066667 0.070667
3 0.470000 0.496000 0.094667 0.090667
3 0.516333 0.547667 0.100667 0.130000
2 0.602667 0.530667 0.082667 0.072000
2 0.677333 0.552667 0.090667 0.072000
2 0.578667 0.600667 0.082667 0.076000
2 0.622667 0.621667 0.064000 0.070000
2 0.524667 0.668333 0.074667 0.067333
2 0.750667 0.563333 0.053333 0.044000
2 0.673333 0.658667 0.089333 0.086667
2 0.589667 0.714333 0.064667 0.064667
2 0.729333 0.708333 0.074667 0.067333
2 0.631667 0.785333 0.046000 0.038667
2 0.505667 0.753333 0.060667 0.077333
2 0.564000 0.792333 0.062667 0.086000
3 0.765333 0.764000 0.030667 0.038667
2 0.745667 0.844000 0.071333 0.084000
2 0.703667 0.909333 0.082000 0.093333
3 0.819667 0.891667 0.079333 0.096667
2 0.882333 0.827333 0.127333 0.110667
3 0.887000 0.951667 0.112667 0.095333
2 0.820333 0.616667 0.068667 0.062667
3 0.901333 0.544333 0.136000 0.143333
2 0.841667 0.433000 0.131333 0.120667
2 0.751000 0.146000 0.042000 0.054667
2 0.837333 0.164333 0.130667 0.119333
2 0.786000 0.058667 0.140000 0.093333
3 0.625333 0.455333 0.109333 0.090667
3 0.712333 0.480000 0.024667 0.024000
0 0.325667 0.328667 0.055333 0.053333
0 0.889667 0.671667 0.088667 0.074000
0 0.816333 0.264333 0.106000 0.078000
0 0.892000 0.261333 0.064000 0.078667
0 0.716333 0.242333 0.064667 0.055333
0 0.808333 0.527000 0.062000 0.106000
0 0.736667 0.450333 0.057333 0.060667
0 0.921000 0.441000 0.059333 0.067333
0 0.944667 0.358000 0.041333 0.053333
3 0.047000 0.183667 0.092667 0.128667
3 0.965000 0.297000 0.070000 0.102000
3 0.938667 0.043333 0.118667 0.085333
3 0.517000 0.033667 0.104667 0.066000
