0 0.706333 0.361667 0.088667 0.096667
0 0.920000 0.354333 0.160000 0.244667
0 0.935000 0.656667 0.130000 0.222667
0 0.887333 0.870667 0.086667 0.117333
0 0.787000 0.856333 0.076667 0.084667
0 0.477000 0.522333 0.103333 0.099333
0 0.633667 0.553333 0.150000 0.125333
0 0.626667 0.657667 0.192000 0.167333
0 0.730667 0.748333 0.121333 0.155333
0 0.586333 0.750333 0.167333 0.131333
0 0.443000 0.686000 0.139333 0.192000
0 0.409333 0.800000 0.097333 0.101333
0 0.506333 0.862667 0.092667 0.121333
0 0.452000 0.909333 0.133333 0.133333
0 0.182000 0.535333 0.216000 0.242667
0 0.383000 0.480667 0.068667 0.101333
0 0.277000 0.761667 0.167333 0.174000
0 0.315667 0.895000 0.123333 0.116667
0 0.228667 0.922333 0.098667 0.103333
0 0.106667 0.740333 0.121333 0.115333
0 0.552000 0.325000 0.204000 0.202000
0 0.420333 0.210000 0.252667 0.298667
0 0.787000 0.146667 0.210000 0.200000
0 0.076000 0.208000 0.149333 0.113333
