2 0.034000 0.043333 0.066667 0.073333
2 0.125000 0.053667 0.091333 0.090000
2 0.250333 0.070667 0.075333 0.080000
2 0.295667 0.171333 0.167333 0.134667
2 0.428000 0.086000 0.109333 0.144000
2 0.116000 0.158667 0.174667 0.172000
2 0.064000 0.265667 0.112000 0.119333
2 0.064333 0.383000 0.123333 0.112667
2 0.171667 0.322667 0.130000 0.153333
2 0.273000 0.309000 0.132667 0.171333
2 0.392000 0.311000 0.102667 0.116667
2 0.409000 0.210667 0.076667 0.084000
2 0.536667 0.141333 0.145333 0.180000
2 0.511000 0.272333 0.130000 0.144667
3 0.490333 0.356333 0.034000 0.032667
2 0.631333 0.153333 0.028000 0.033333
2 0.684667 0.325333 0.101333 0.109333
2 0.378333 0.415667 0.083333 0.075333
2 0.470000 0.412667 0.112000 0.152000
2 0.585000 0.397000 0.116667 0.114000
2 0.681333 0.431000 0.106667 0.107333
2 0.660000 0.540667 0.078667 0.100000
2 0.569000 0.487000 0.079333 0.064667
2 0.535000 0.569000 0.170000 0.115333
2 0.373667 0.507333 0.108667 0.101333
2 0.255000 0.462667 0.155333 0.132000
2 0.140667 0.545667 0.084000 0.092667
2 0.231000 0.562333 0.094000 0.087333
2 0.331000 0.623000 0.124667 0.146000
2 0.213000 0.697000 0.110000 0.114000
2 0.111000 0.669000 0.088667 0.112667
2 0.505000 0.668667 0.142000 0.128000
2 0.637000 0.655667 0.102000 0.115333
2 0.615000 0.774667 0.104667 0.120000
2 0.488000 0.782333 0.134667 0.126000
2 0.388333 0.823333 0.075333 0.100000
2 0.252667 0.915333 0.068000 0.057333
2 0.352667 0.898333 0.064000 0.063333
2 0.303667 0.808333 0.203333 0.191333
2 0.175000 0.876667 0.095333 0.110667
2 0.086000 0.789667 0.104000 0.091333
2 0.069667 0.935000 0.107333 0.079333
2 0.067333 0.869000 0.132000 0.088667
2 0.453333 0.935333 0.126667 0.129333
2 0.569000 0.921667 0.106000 0.156667
2 0.681000 0.912667 0.123333 0.165333
2 0.879667 0.919000 0.180667 0.148667
2 0.913000 0.815000 0.102000 0.099333
2 0.799333 0.742000 0.160000 0.140000
2 0.930000 0.700667 0.110667 0.094667
2 0.773000 0.617667 0.138000 0.147333
2 0.845333 0.577667 0.068000 0.067333
2 0.942000 0.563000 0.116000 0.130000
2 0.878333 0.466333 0.107333 0.108667
2 0.867000 0.362333 0.106000 0.096667
2 0.932667 0.244333 0.110667 0.148667
2 0.813000 0.266667 0.150000 0.152000
2 0.748000 0.206333 0.170667 0.167333
2 0.774667 0.099000 0.141333 0.119333
2 0.915333 0.140333 0.094667 0.095333
0 0.791667 0.432333 0.052667 0.060667
0 0.778333 0.837000 0.064667 0.078000
2 0.558333 0.052667 0.146000 0.104000
2 0.082000 0.488000 0.162667 0.125333
2 0.048000 0.608667 0.094667 0.121333
3 0.905667 0.064000 0.143333 0.126667
