2 0.070000 0.208000 0.105333 0.108000
2 0.078667 0.104000 0.113333 0.124000
2 0.252333 0.073333 0.178000 0.145333
2 0.167333 0.181333 0.129333 0.149333
2 0.386000 0.129000 0.093333 0.126000
2 0.460000 0.171667 0.098667 0.100667
2 0.473333 0.070667 0.152000 0.140000
2 0.320333 0.201000 0.151333 0.140667
2 0.225667 0.278000 0.132667 0.144000
2 0.158000 0.344333 0.142667 0.162000
2 0.284000 0.396667 0.122667 0.144000
2 0.215333 0.469667 0.098667 0.083333
2 0.594000 0.176667 0.160000 0.157333
2 0.500667 0.274333 0.141333 0.148667
2 0.453333 0.315000 0.134667 0.163333
3 0.388000 0.425667 0.073333 0.091333
3 0.356000 0.324333 0.086667 0.112667
2 0.714333 0.231333 0.122000 0.180000
2 0.613333 0.322667 0.117333 0.140000
2 0.676000 0.395000 0.134667 0.131333
2 0.499000 0.438000 0.163333 0.141333
3 0.308000 0.502667 0.076000 0.065333
2 0.259000 0.570000 0.106000 0.106667
2 0.405333 0.543000 0.156000 0.138000
2 0.557000 0.535333 0.115333 0.153333
2 0.660667 0.538333 0.116000 0.163333
2 0.724000 0.487333 0.126667 0.152000
2 0.185333 0.615667 0.138667 0.146000
2 0.123333 0.673667 0.152000 0.107333
2 0.306667 0.704667 0.106667 0.114667
2 0.329667 0.605667 0.138000 0.142000
3 0.432333 0.683667 0.120667 0.147333
3 0.548333 0.702333 0.119333 0.136667
2 0.500000 0.598667 0.128000 0.096000
3 0.677333 0.672333 0.120000 0.111333
3 0.736333 0.747667 0.098000 0.092667
2 0.675333 0.806333 0.157333 0.148667
2 0.601000 0.898000 0.139333 0.162667
2 0.522667 0.922000 0.105333 0.118667
2 0.389667 0.947333 0.111333 0.105333
3 0.430333 0.823667 0.094000 0.084667
2 0.323333 0.829333 0.140000 0.158667
2 0.256333 0.880667 0.122000 0.108000
2 0.303333 0.942000 0.058667 0.058667
2 0.209000 0.932000 0.114000 0.088000
2 0.077333 0.896667 0.130667 0.133333
2 0.142667 0.849333 0.082667 0.081333
2 0.196333 0.779000 0.158000 0.151333
2 0.056000 0.743333 0.109333 0.136000
3 0.722333 0.928333 0.110000 0.120667
2 0.805667 0.856667 0.155333 0.161333
3 0.803667 0.699667 0.100667 0.091333
3 0.770000 0.611667 0.117333 0.098000
3 0.817667 0.573667 0.086000 0.099333
3 0.879667 0.766000 0.156667 0.194667
3 0.947667 0.721000 0.104667 0.135333
2 0.922000 0.899333 0.101333 0.100000
2 0.884333 0.487667 0.134000 0.123333
2 0.816000 0.380667 0.168000 0.153333
2 0.839667 0.274000 0.058000 0.053333
2 0.901333 0.346667 0.125333 0.146667
2 0.763000 0.184667 0.112667 0.122667
2 0.939667 0.158333 0.120667 0.126000
3 0.834000 0.112333 0.162667 0.154000
2 0.960667 0.046333 0.078667 0.090000
0 0.700000 0.109333 0.137333 0.121333
0 0.608000 0.650333 0.086667 0.080667
0 0.143333 0.548667 0.086667 0.086667
2 0.050667 0.318333 0.100000 0.211333
3 0.056333 0.517000 0.111333 0.168667
2 0.922667 0.570667 0.154667 0.180000
2 0.950333 0.285000 0.099333 0.144667
