2 0.445000 0.740333 0.111333 0.104667
2 0.541000 0.766667 0.063333 0.069333
2 0.043000 0.611333 0.056667 0.057333
2 0.087000 0.642000 0.091333 0.076000
2 0.127000 0.742333 0.080667 0.068667
2 0.058667 0.819000 0.081333 0.086000
2 0.367000 0.883333 0.050000 0.049333
2 0.448000 0.843333 0.088000 0.106667
2 0.528333 0.898333 0.118000 0.118000
2 0.328333 0.823000 0.068667 0.078000
2 0.241000 0.868667 0.150000 0.166667
2 0.053667 0.942333 0.096667 0.107333
2 0.143333 0.957000 0.073333 0.066000
2 0.393333 0.960333 0.064000 0.079333
0 0.110667 0.087000 0.078667 0.080667
0 0.035000 0.068333 0.068667 0.084667
0 0.038000 0.153667 0.066667 0.068667
0 0.058333 0.271667 0.111333 0.095333
0 0.179667 0.389667 0.083333 0.060667
0 0.101667 0.386667 0.068667 0.066667
0 0.115000 0.173667 0.087333 0.084667
0 0.206000 0.471000 0.066667 0.064667
0 0.122000 0.496000 0.117333 0.114667
0 0.208000 0.224333 0.090667 0.100667
0 0.275667 0.164667 0.044667 0.050667
0 0.279667 0.253333 0.080667 0.074667
0 0.334333 0.296000 0.052667 0.054667
0 0.362333 0.204000 0.096667 0.101333
0 0.325000 0.089000 0.083333 0.068667
0 0.251333 0.055333 0.069333 0.070667
0 0.204000 0.118333 0.070667 0.103333
0 0.420000 0.116000 0.094667 0.090667
0 0.417667 0.041667 0.079333 0.082000
0 0.481667 0.059333 0.076667 0.078667
0 0.582667 0.103000 0.093333 0.080667
0 0.506667 0.165667 0.074667 0.084667
0 0.573667 0.184667 0.091333 0.090667
0 0.658333 0.140333 0.050000 0.050000
0 0.621000 0.052333 0.052667 0.056667
0 0.442333 0.237333 0.095333 0.090667
0 0.519000 0.268667 0.075333 0.077333
0 0.656333 0.232333 0.079333 0.084667
0 0.730333 0.178667 0.080667 0.070667
0 0.762333 0.095000 0.084667 0.104667
0 0.694667 0.079000 0.058667 0.064667
0 0.944333 0.103000 0.056667 0.064667
0 0.940000 0.030667 0.100000 0.060000
0 0.896667 0.188667 0.078667 0.078667
0 0.820000 0.217333 0.074667 0.074667
0 0.840333 0.135333 0.107333 0.060000
0 0.974000 0.187000 0.052000 0.067333
0 0.950333 0.276667 0.080667 0.097333
0 0.860667 0.283000 0.070667 0.064667
0 0.812000 0.301000 0.066667 0.060667
0 0.748333 0.300000 0.072667 0.074667
0 0.656333 0.328333 0.115333 0.079333
0 0.419000 0.324333 0.100667 0.099333
0 0.487667 0.349667 0.068667 0.084667
0 0.599000 0.397000 0.072667 0.054000
0 0.740333 0.441333 0.068667 0.054667
0 0.785667 0.394667 0.046000 0.062667
0 0.829000 0.376667 0.052667 0.062667
0 0.933333 0.406000 0.090667 0.097333
0 0.872667 0.492000 0.102667 0.090667
0 0.758333 0.510000 0.064667 0.066667
0 0.641000 0.501000 0.080667 0.092667
0 0.577667 0.472000 0.046000 0.062667
0 0.430000 0.425333 0.050667 0.062667
0 0.346333 0.389667 0.064667 0.060667
0 0.303667 0.471667 0.056667 0.079333
0 0.390667 0.511000 0.121333 0.100667
0 0.681667 0.579667 0.076667 0.076667
0 0.547333 0.682000 0.086667 0.074667
0 0.531333 0.605333 0.050667 0.062667
0 0.474667 0.615333 0.062667 0.046667
0 0.254667 0.753667 0.062667 0.080667
0 0.331333 0.758667 0.086667 0.062667
0 0.817000 0.650333 0.080667 0.080667
0 0.945333 0.586667 0.070667 0.078667
0 0.878667 0.572667 0.082667 0.078667
0 0.876667 0.759667 0.098667 0.072667
0 0.900667 0.691000 0.066667 0.068667
0 0.724000 0.702000 0.145333 0.098667
0 0.328333 0.600000 0.052667 0.056000
0 0.969000 0.763000 0.062000 0.155333
0 0.934000 0.913333 0.113333 0.141333
0 0.820000 0.863667 0.098667 0.155333
0 0.676333 0.808000 0.131333 0.109333
0 0.176667 0.576667 0.089333 0.098667
0 0.657667 0.975667 0.108667 0.048667
0 0.716000 0.909667 0.092000 0.086000
2 0.492333 0.968667 0.092667 0.062667
