0 0.655333 0.830333 0.121333 0.142000
0 0.056000 0.207333 0.090667 0.098667
0 0.087000 0.150000 0.054000 0.054667
0 0.211667 0.249333 0.062000 0.093333
0 0.153000 0.177333 0.090000 0.078667
0 0.112333 0.442333 0.051333 0.059333
0 0.189000 0.463333 0.087333 0.077333
0 0.117000 0.549667 0.120667 0.111333
0 0.110000 0.636333 0.105333 0.082000
0 0.324333 0.451667 0.096667 0.084667
0 0.250667 0.488000 0.050667 0.041333
0 0.431000 0.807333 0.176667 0.168000
0 0.262000 0.864333 0.193333 0.271333
0 0.558000 0.770333 0.054667 0.055333
0 0.615333 0.721000 0.060000 0.068667
0 0.567000 0.672333 0.115333 0.108667
0 0.748333 0.859333 0.098000 0.102667
0 0.662000 0.954667 0.053333 0.057333
0 0.801667 0.958667 0.086000 0.076000
0 0.822667 0.889000 0.064000 0.070000
0 0.777333 0.694000 0.093333 0.089333
0 0.952000 0.823333 0.096000 0.125333
0 0.865333 0.723000 0.088000 0.084667
0 0.599667 0.581667 0.078000 0.090000
0 0.631000 0.424000 0.090000 0.101333
0 0.758000 0.496000 0.084000 0.094667
0 0.946667 0.508000 0.106667 0.096000
0 0.789000 0.594000 0.086000 0.085333
0 0.889333 0.581333 0.078667 0.086667
0 0.944000 0.268667 0.112000 0.126667
0 0.795000 0.256667 0.119333 0.100000
0 0.894000 0.356333 0.100000 0.082000
0 0.691000 0.184000 0.079333 0.088000
0 0.791333 0.193667 0.110667 0.086000
0 0.740333 0.108667 0.091333 0.082667
0 0.321000 0.284667 0.055333 0.064000
0 0.326333 0.205000 0.039333 0.052667
0 0.463000 0.175333 0.115333 0.112000
