2 0.333667 0.082000 0.118000 0.133333
3 0.316000 0.265333 0.121333 0.102667
2 0.180667 0.339333 0.132000 0.102667
2 0.166333 0.424000 0.088667 0.060000
2 0.502667 0.148667 0.133333 0.142667
2 0.614000 0.114000 0.105333 0.112000
2 0.631000 0.041667 0.112667 0.071333
2 0.703333 0.101667 0.093333 0.096667
2 0.655667 0.287667 0.132667 0.122000
2 0.633333 0.376667 0.050667 0.052000
2 0.742333 0.355667 0.058000 0.058000
2 0.051667 0.557333 0.094000 0.102667
2 0.151667 0.514000 0.140667 0.125333
2 0.260333 0.534333 0.091333 0.111333
2 0.357333 0.458667 0.116000 0.106667
3 0.449000 0.442333 0.071333 0.083333
2 0.544000 0.478333 0.112000 0.119333
2 0.657667 0.460000 0.143333 0.138667
3 0.738000 0.487667 0.060000 0.058000
2 0.722667 0.561667 0.092000 0.102000
3 0.702000 0.630667 0.057333 0.049333
2 0.618333 0.563333 0.108667 0.104000
3 0.534000 0.566000 0.066667 0.065333
2 0.439000 0.525000 0.102000 0.091333
2 0.351000 0.558000 0.114000 0.112000
2 0.235333 0.632000 0.118667 0.113333
2 0.345667 0.659000 0.119333 0.092667
2 0.328667 0.746667 0.109333 0.098667
2 0.225000 0.719667 0.118000 0.124667
3 0.133000 0.683000 0.082000 0.072667
2 0.240667 0.809000 0.070667 0.067333
2 0.292333 0.832000 0.071333 0.073333
2 0.599333 0.649333 0.120000 0.081333
2 0.700000 0.712667 0.126667 0.113333
2 0.683333 0.804667 0.090667 0.082667
2 0.563000 0.727667 0.167333 0.164667
2 0.570000 0.827333 0.070667 0.062667
2 0.670000 0.883000 0.121333 0.103333
2 0.568667 0.902667 0.104000 0.102667
2 0.474333 0.811667 0.123333 0.127333
2 0.376000 0.864667 0.081333 0.098667
2 0.467000 0.921333 0.107333 0.105333
2 0.363000 0.944000 0.086000 0.062667
2 0.840000 0.955000 0.093333 0.088667
2 0.908667 0.865333 0.100000 0.102667
2 0.942000 0.798667 0.116000 0.121333
2 0.790667 0.770667 0.118667 0.136000
2 0.798667 0.646667 0.120000 0.110667
3 0.898000 0.677667 0.100000 0.098000
2 0.961000 0.688667 0.078000 0.101333
2 0.923000 0.588000 0.092667 0.100000
2 0.831333 0.548333 0.130667 0.126000
2 0.913667 0.493333 0.106000 0.102667
2 0.976667 0.435000 0.046667 0.054000
3 0.839333 0.386667 0.089333 0.081333
2 0.783667 0.266667 0.144667 0.132000
2 0.778333 0.187000 0.103333 0.078000
2 0.884667 0.189333 0.132000 0.116000
2 0.793333 0.053333 0.090667 0.082667
2 0.887000 0.074000 0.120667 0.097333
0 0.537667 0.379000 0.131333 0.115333
0 0.487333 0.606000 0.106667 0.093333
0 0.439667 0.686667 0.088667 0.125333
0 0.082333 0.427000 0.088667 0.135333
0 0.044333 0.643667 0.087333 0.070000
0 0.221333 0.119333 0.141333 0.165333
0 0.488333 0.064667 0.064667 0.073333
0 0.424333 0.037667 0.086000 0.074000
0 0.940000 0.317667 0.120000 0.126000
0 0.927667 0.386667 0.079333 0.066667
0 0.670000 0.207000 0.089333 0.099333
0 0.192333 0.894000 0.147333 0.176000
0 0.387333 0.805000 0.113333 0.095333
0 0.325667 0.355333 0.151333 0.121333
0 0.482000 0.301000 0.161333 0.124667
2 0.065000 0.065000 0.127333 0.128667
3 0.067667 0.741667 0.134000 0.170000
2 0.097000 0.925333 0.156667 0.149333
3 0.965333 0.936667 0.069333 0.120000
2 0.967333 0.063667 0.065333 0.123333
