2 0.036333 0.127667 0.055333 0.074000
2 0.100667 0.080000 0.120000 0.154667
2 0.561667 0.221333 0.135333 0.137333
2 0.635000 0.118667 0.130000 0.118667
2 0.742333 0.199667 0.060667 0.078000
2 0.670667 0.217667 0.097333 0.110000
2 0.627333 0.312667 0.086667 0.081333
2 0.584333 0.369333 0.119333 0.097333
2 0.689000 0.398000 0.107333 0.094667
2 0.779000 0.461333 0.119333 0.114667
2 0.909000 0.539000 0.115333 0.087333
2 0.839333 0.381333 0.108000 0.106667
2 0.760000 0.310000 0.140000 0.126667
2 0.944333 0.448333 0.111333 0.131333
2 0.811000 0.119667 0.148667 0.168667
2 0.910333 0.159667 0.123333 0.168667
0 0.520333 0.148667 0.060667 0.074667
0 0.442333 0.099000 0.095333 0.068667
0 0.208000 0.211333 0.074667 0.082667
0 0.186667 0.305000 0.093333 0.092667
0 0.080667 0.258667 0.114667 0.113333
0 0.089667 0.347667 0.052667 0.052667
0 0.154333 0.380667 0.100667 0.090667
0 0.267667 0.332333 0.076667 0.062000
0 0.311000 0.260667 0.095333 0.085333
0 0.404000 0.309000 0.090667 0.092667
0 0.365667 0.367667 0.103333 0.096667
0 0.497667 0.356667 0.080667 0.090667
0 0.449333 0.428333 0.073333 0.076667
0 0.342333 0.457667 0.100667 0.091333
0 0.235333 0.419333 0.093333 0.078667
0 0.101000 0.455667 0.127333 0.119333
0 0.182667 0.510000 0.093333 0.074667
0 0.274667 0.552667 0.094667 0.098667
0 0.334333 0.601000 0.096667 0.103333
0 0.414000 0.608000 0.082667 0.097333
0 0.376667 0.698000 0.101333 0.094667
0 0.290667 0.672000 0.070667 0.066667
0 0.227000 0.631333 0.064667 0.074667
0 0.155333 0.591000 0.110667 0.095333
0 0.065667 0.539667 0.072667 0.076667
0 0.042333 0.629667 0.083333 0.094000
0 0.127333 0.676000 0.090667 0.082667
0 0.191000 0.705000 0.068667 0.080667
0 0.279667 0.743667 0.096667 0.084667
0 0.488667 0.647667 0.102667 0.107333
0 0.560333 0.474667 0.088667 0.081333
0 0.467667 0.519000 0.060667 0.068667
0 0.531000 0.558667 0.131333 0.102667
0 0.641333 0.530333 0.097333 0.099333
0 0.741333 0.572667 0.102667 0.098667
0 0.833000 0.619333 0.092667 0.098667
0 0.918000 0.672667 0.093333 0.081333
0 0.912000 0.782000 0.121333 0.109333
0 0.822000 0.710000 0.090667 0.106667
0 0.950000 0.906333 0.100000 0.115333
0 0.873667 0.858333 0.084667 0.072667
0 0.734333 0.671667 0.084667 0.083333
0 0.754333 0.770667 0.096667 0.098667
0 0.631333 0.625333 0.101333 0.098667
0 0.660667 0.711000 0.086667 0.080667
0 0.681667 0.821333 0.076667 0.082667
0 0.572667 0.696000 0.101333 0.098667
0 0.604000 0.787667 0.062667 0.072667
0 0.525333 0.780667 0.082667 0.098667
0 0.456667 0.746667 0.078667 0.082667
0 0.361333 0.782667 0.070667 0.062667
0 0.739333 0.866667 0.094667 0.093333
0 0.812000 0.913000 0.090667 0.096667
0 0.650333 0.915333 0.111333 0.105333
0 0.732333 0.953667 0.072667 0.080667
0 0.570333 0.870000 0.064667 0.066667
0 0.500667 0.846333 0.070667 0.048667
0 0.423000 0.827333 0.088667 0.094667
0 0.314000 0.862667 0.097333 0.089333
0 0.389000 0.893000 0.068667 0.068667
0 0.458667 0.916000 0.086667 0.094667
0 0.540333 0.944333 0.096667 0.103333
0 0.250333 0.914000 0.079333 0.078667
0 0.234000 0.814333 0.082667 0.084667
0 0.154333 0.787000 0.088667 0.095333
0 0.084667 0.754667 0.070667 0.066667
0 0.095000 0.848333 0.107333 0.096667
0 0.072667 0.919000 0.082667 0.056667
0 0.338000 0.954667 0.121333 0.086667
0 0.029000 0.816333 0.056667 0.102000
2 0.587667 0.047000 0.120667 0.092667
2 0.948333 0.064333 0.103333 0.127333
2 0.791000 0.042333 0.098000 0.083333
2 0.956667 0.616667 0.086667 0.130667
