0 0.397333 0.338333 0.230667 0.236667
0 0.238667 0.446333 0.204000 0.230000
0 0.231667 0.620333 0.230000 0.178000
0 0.562000 0.498000 0.341333 0.321333
0 0.514667 0.087333 0.189333 0.173333
0 0.351667 0.104333 0.223333 0.207333
0 0.828000 0.234333 0.344000 0.271333
0 0.820667 0.461667 0.317333 0.248667
0 0.848000 0.709000 0.234667 0.218000
0 0.548000 0.703000 0.232000 0.222000
0 0.158000 0.777000 0.297333 0.248667
0 0.293333 0.850333 0.180000 0.214000
0 0.510333 0.892000 0.299333 0.216000
0 0.100000 0.199667 0.198667 0.340667
