2 0.135333 0.153000 0.146667 0.171333
2 0.057667 0.204333 0.112667 0.118000
2 0.199667 0.044333 0.087333 0.083333
1 0.351000 0.091333 0.111333 0.102667
2 0.265667 0.119667 0.112667 0.120667
2 0.219667 0.200333 0.120667 0.111333
2 0.361333 0.201667 0.145333 0.126000
2 0.162667 0.271667 0.097333 0.072667
2 0.076000 0.329667 0.098667 0.096667
2 0.185667 0.377333 0.160667 0.150667
2 0.105000 0.467667 0.080667 0.072667
2 0.294667 0.428667 0.066667 0.068000
2 0.351000 0.362667 0.172667 0.182667
2 0.425667 0.379000 0.078000 0.088667
2 0.531333 0.109000 0.154667 0.124667
2 0.525000 0.202000 0.080667 0.070667
2 0.635667 0.191667 0.080667 0.076667
2 0.726333 0.188333 0.100667 0.132667
2 0.639667 0.292000 0.128667 0.102667
2 0.502000 0.294333 0.161333 0.147333
2 0.619333 0.375000 0.106667 0.084667
2 0.723333 0.371000 0.080000 0.091333
2 0.509000 0.416000 0.116667 0.126667
2 0.205000 0.494333 0.090000 0.080667
2 0.431000 0.513000 0.194000 0.172667
2 0.603000 0.463333 0.099333 0.096000
2 0.697667 0.474000 0.103333 0.120000
2 0.149667 0.553667 0.102000 0.102000
2 0.062667 0.607667 0.096000 0.119333
2 0.038333 0.687333 0.048667 0.034667
2 0.218000 0.601667 0.084000 0.091333
2 0.290000 0.547000 0.128000 0.119333
2 0.392667 0.595667 0.108000 0.099333
2 0.595000 0.642000 0.088667 0.080000
2 0.661000 0.680333 0.084667 0.083333
2 0.704333 0.597333 0.108667 0.080000
2 0.589000 0.565667 0.115333 0.104667
2 0.666667 0.775333 0.088000 0.106667
2 0.568333 0.749000 0.118000 0.102000
2 0.530000 0.876000 0.090667 0.096000
2 0.582000 0.842667 0.144000 0.096000
2 0.631667 0.934333 0.115333 0.131333
2 0.469333 0.927000 0.077333 0.072667
2 0.428000 0.835667 0.124000 0.154000
2 0.348000 0.878667 0.097333 0.114667
2 0.320333 0.788333 0.080667 0.078000
2 0.374000 0.732000 0.098667 0.093333
2 0.307667 0.674333 0.142000 0.136667
2 0.185000 0.665333 0.143333 0.106667
2 0.098333 0.699000 0.087333 0.103333
2 0.058000 0.753667 0.054667 0.050000
2 0.094667 0.845333 0.066667 0.057333
2 0.158333 0.792333 0.152667 0.132667
2 0.252667 0.827000 0.113333 0.151333
2 0.046000 0.917667 0.084000 0.098000
2 0.739000 0.940667 0.106000 0.104000
2 0.842000 0.927333 0.080000 0.073333
2 0.932000 0.957667 0.113333 0.084667
2 0.949333 0.852000 0.089333 0.120000
2 0.863000 0.838000 0.111333 0.108000
2 0.766333 0.852000 0.122000 0.100000
2 0.775000 0.755667 0.126000 0.099333
2 0.771333 0.654333 0.110667 0.116667
2 0.893333 0.738333 0.121333 0.091333
2 0.900667 0.652000 0.145333 0.114667
2 0.907667 0.567000 0.122000 0.080667
2 0.975333 0.521000 0.049333 0.064667
2 0.805667 0.375333 0.090000 0.088000
2 0.807333 0.504000 0.108000 0.140000
2 0.915000 0.470667 0.122000 0.106667
2 0.941667 0.259333 0.099333 0.113333
2 0.839667 0.219000 0.139333 0.146000
2 0.739333 0.079333 0.130667 0.108000
2 0.857667 0.086333 0.107333 0.107333
2 0.940000 0.146333 0.092000 0.111333
2 0.452667 0.676000 0.133333 0.162667
0 0.906000 0.362667 0.129333 0.106667
0 0.388667 0.952333 0.096000 0.078000
0 0.179333 0.897333 0.093333 0.085333
0 0.967000 0.631667 0.066000 0.082000
0 0.514333 0.596333 0.076667 0.078000
0 0.519667 0.701000 0.066000 0.102000
2 0.381333 0.043000 0.173333 0.084667
2 0.650333 0.052667 0.126000 0.104000
2 0.232333 0.947667 0.122000 0.104667
2 0.118667 0.959000 0.117333 0.082000
2 0.957000 0.050667 0.082000 0.100000
