2 0.615667 0.604000 0.118000 0.098667
3 0.518000 0.671333 0.062667 0.065333
2 0.609000 0.710000 0.122000 0.113333
2 0.724000 0.695667 0.113333 0.143333
3 0.672000 0.786333 0.088000 0.090000
3 0.505333 0.759333 0.053333 0.065333
2 0.416333 0.744667 0.115333 0.129333
2 0.312333 0.740667 0.092667 0.121333
2 0.224667 0.718667 0.084000 0.101333
2 0.140333 0.806667 0.066000 0.088000
2 0.108333 0.904667 0.108667 0.125333
2 0.194000 0.937000 0.088000 0.076667
2 0.220000 0.843000 0.104000 0.127333
2 0.285000 0.937667 0.071333 0.074000
2 0.318000 0.865000 0.110667 0.132667
2 0.415667 0.863667 0.094000 0.111333
2 0.504000 0.861000 0.081333 0.123333
2 0.579333 0.842667 0.070667 0.082667
2 0.549667 0.944333 0.091333 0.094000
2 0.668333 0.881333 0.124667 0.124000
3 0.751667 0.880667 0.055333 0.066667
2 0.853667 0.910000 0.122000 0.113333
2 0.833333 0.816667 0.108000 0.092000
2 0.810667 0.712333 0.072000 0.072667
2 0.916000 0.740000 0.129333 0.120000
3 0.938667 0.651333 0.085333 0.078667
2 0.935667 0.559333 0.096667 0.125333
2 0.840000 0.551667 0.124000 0.111333
2 0.827333 0.639333 0.156000 0.092000
0 0.280333 0.237333 0.218000 0.196000
0 0.243667 0.355667 0.096667 0.092667
0 0.162667 0.325333 0.133333 0.117333
0 0.390333 0.328333 0.119333 0.115333
0 0.531667 0.280667 0.147333 0.133333
0 0.154000 0.430000 0.172000 0.133333
0 0.327667 0.448667 0.151333 0.133333
0 0.122667 0.532333 0.157333 0.119333
0 0.706333 0.370667 0.088667 0.078667
0 0.657000 0.308000 0.103333 0.106667
0 0.499333 0.154667 0.144000 0.106667
0 0.654000 0.193000 0.165333 0.139333
0 0.636667 0.068000 0.132000 0.134667
0 0.780000 0.072000 0.134667 0.142667
0 0.882000 0.343333 0.129333 0.149333
0 0.864000 0.259667 0.157333 0.119333
0 0.770000 0.809333 0.058667 0.070667
0 0.109333 0.715000 0.046667 0.056667
2 0.032333 0.884000 0.063333 0.124000
3 0.960333 0.927000 0.079333 0.104667
