3 0.043667 0.083333 0.086000 0.124000
2 0.161667 0.061333 0.147333 0.120000
2 0.095333 0.168000 0.120000 0.177333
2 0.233667 0.176000 0.160667 0.170667
2 0.284667 0.097333 0.134667 0.185333
2 0.395333 0.133667 0.118667 0.166000
3 0.591333 0.143667 0.134667 0.100667
2 0.428667 0.336000 0.225333 0.224000
3 0.481333 0.449667 0.092000 0.071333
2 0.143000 0.393000 0.176667 0.200667
2 0.600000 0.447667 0.153333 0.162000
3 0.711667 0.450000 0.062000 0.053333
3 0.608333 0.542667 0.039333 0.041333
2 0.108333 0.578333 0.155333 0.202000
2 0.058000 0.720000 0.105333 0.120000
2 0.238333 0.610000 0.176667 0.272000
2 0.373667 0.588000 0.152667 0.266667
2 0.505333 0.609333 0.134667 0.214667
3 0.617333 0.610333 0.116000 0.106000
2 0.687667 0.650667 0.051333 0.042667
2 0.105667 0.838333 0.126000 0.142000
2 0.329333 0.869667 0.126667 0.135333
2 0.116000 0.953333 0.114667 0.093333
2 0.552333 0.888667 0.182000 0.210667
2 0.513333 0.776333 0.185333 0.148667
3 0.755667 0.749333 0.088667 0.085333
2 0.763000 0.879000 0.194000 0.192667
2 0.871000 0.873000 0.115333 0.150000
3 0.956667 0.900000 0.086667 0.130667
3 0.908333 0.767000 0.139333 0.127333
2 0.772667 0.592333 0.141333 0.159333
2 0.901667 0.641000 0.139333 0.122000
2 0.893667 0.542667 0.118000 0.108000
2 0.920667 0.465000 0.137333 0.102000
2 0.960000 0.208333 0.074667 0.064667
3 0.915333 0.275667 0.028000 0.031333
2 0.950000 0.092667 0.100000 0.180000
0 0.238333 0.331333 0.155333 0.169333
0 0.670667 0.741667 0.094667 0.080667
0 0.225333 0.791000 0.121333 0.135333
0 0.412000 0.887667 0.086667 0.131333
0 0.403667 0.744333 0.119333 0.151333
0 0.516333 0.520667 0.087333 0.082667
2 0.626333 0.056333 0.171333 0.111333
