2 0.054667 0.043667 0.101333 0.083333
3 0.223000 0.086000 0.058000 0.058667
2 0.319667 0.056000 0.108667 0.098667
2 0.280333 0.126333 0.079333 0.104667
3 0.049000 0.157667 0.096667 0.104667
3 0.129000 0.182333 0.080667 0.090000
2 0.217333 0.209333 0.106667 0.140000
3 0.296000 0.241333 0.077333 0.088000
2 0.375333 0.175667 0.145333 0.159333
3 0.478000 0.171667 0.086667 0.102000
2 0.555333 0.078667 0.061333 0.062667
2 0.646000 0.103000 0.118667 0.152667
2 0.542333 0.265000 0.087333 0.110000
2 0.481667 0.303333 0.076667 0.086667
3 0.377667 0.293000 0.076667 0.076667
3 0.169333 0.280333 0.032000 0.027333
3 0.119333 0.332333 0.030667 0.031333
3 0.193667 0.354667 0.092667 0.084000
3 0.133667 0.412000 0.094000 0.085333
3 0.086000 0.461333 0.068000 0.057333
3 0.273333 0.420000 0.112000 0.118667
3 0.362000 0.425000 0.085333 0.082000
2 0.421667 0.364667 0.120667 0.102667
2 0.680667 0.377333 0.122667 0.133333
3 0.742667 0.420000 0.072000 0.076000
3 0.608667 0.429333 0.062667 0.069333
2 0.491333 0.437333 0.102667 0.102667
2 0.413333 0.498333 0.096000 0.100667
3 0.353667 0.559667 0.056667 0.059333
2 0.667333 0.474667 0.073333 0.082667
3 0.604333 0.538333 0.114000 0.104667
3 0.725000 0.557000 0.071333 0.067333
3 0.659667 0.616000 0.135333 0.142667
3 0.682667 0.716333 0.053333 0.055333
3 0.586667 0.674333 0.057333 0.059333
3 0.493333 0.654667 0.038667 0.041333
3 0.310333 0.621333 0.062000 0.053333
2 0.214667 0.603667 0.044000 0.043333
2 0.105333 0.586667 0.060000 0.060000
2 0.063333 0.632667 0.060000 0.058667
2 0.057000 0.748000 0.058000 0.072000
2 0.111667 0.713000 0.072667 0.071333
2 0.252333 0.684000 0.103333 0.100000
3 0.187000 0.749333 0.047333 0.065333
2 0.392000 0.775000 0.077333 0.066000
2 0.503000 0.757000 0.088667 0.091333
3 0.632000 0.771667 0.052000 0.063333
3 0.459000 0.817333 0.066000 0.060000
2 0.561000 0.827333 0.060667 0.054667
2 0.669333 0.857333 0.058667 0.060000
1 0.715000 0.934667 0.030000 0.038667
2 0.508333 0.905000 0.100667 0.088667
2 0.397667 0.881333 0.055333 0.056000
2 0.553000 0.968667 0.019333 0.025333
2 0.216333 0.901333 0.058000 0.054667
2 0.126000 0.950667 0.065333 0.073333
3 0.844667 0.932333 0.057333 0.058000
3 0.788000 0.746667 0.057333 0.078667
2 0.864333 0.792667 0.088667 0.088000
3 0.955333 0.708667 0.085333 0.068000
3 0.811333 0.608667 0.090667 0.096000
3 0.889667 0.651000 0.098000 0.086000
2 0.964333 0.585333 0.071333 0.080000
2 0.878667 0.537667 0.090667 0.092667
2 0.948333 0.487667 0.102000 0.107333
2 0.774667 0.491333 0.098667 0.073333
3 0.833667 0.430667 0.110000 0.082667
2 0.907667 0.363000 0.132667 0.142000
2 0.747333 0.269333 0.170667 0.162667
2 0.801333 0.217333 0.110667 0.102667
2 0.865667 0.279333 0.063333 0.058667
2 0.857000 0.156333 0.104667 0.074000
2 0.930333 0.222667 0.114000 0.120000
2 0.947333 0.055000 0.096000 0.099333
0 0.577667 0.167333 0.131333 0.118667
0 0.294333 0.321000 0.080667 0.090000
0 0.430667 0.104000 0.108000 0.092000
0 0.642000 0.269667 0.113333 0.106000
0 0.490000 0.529667 0.090667 0.104667
0 0.286000 0.520000 0.041333 0.049333
0 0.209667 0.530667 0.091333 0.098667
0 0.156000 0.500000 0.088000 0.084000
0 0.043333 0.344667 0.080000 0.092000
0 0.067667 0.561333 0.074000 0.084000
0 0.432333 0.665333 0.051333 0.041333
0 0.162000 0.673000 0.080000 0.080667
0 0.178000 0.834667 0.112000 0.108000
0 0.313667 0.764000 0.098000 0.105333
0 0.328000 0.923667 0.089333 0.114000
0 0.275000 0.870333 0.048667 0.058000
0 0.600667 0.866000 0.085333 0.085333
0 0.419667 0.962000 0.072667 0.057333
0 0.253000 0.937000 0.066000 0.054000
0 0.188000 0.948667 0.066667 0.060000
0 0.237667 0.777000 0.060667 0.084667
0 0.079333 0.834333 0.076000 0.072667
0 0.920667 0.889667 0.158667 0.175333
0 0.728667 0.897000 0.048000 0.050000
0 0.671667 0.927667 0.068667 0.054000
0 0.574000 0.958667 0.084000 0.082667
0 0.764667 0.825333 0.052000 0.044000
0 0.696000 0.781000 0.072000 0.070000
0 0.779333 0.870667 0.058667 0.057333
0 0.796667 0.371000 0.057333 0.058000
3 0.164000 0.051333 0.137333 0.101333
2 0.064000 0.925667 0.126667 0.148667
2 0.611000 0.034333 0.102000 0.067333
2 0.472000 0.045000 0.125333 0.088667
