2 0.152667 0.068000 0.124000 0.117333
2 0.242000 0.121667 0.088000 0.090000
2 0.066000 0.281667 0.130667 0.150000
2 0.348667 0.153000 0.094667 0.099333
2 0.291000 0.222667 0.112667 0.112000
2 0.401333 0.229000 0.126667 0.108667
2 0.255333 0.323000 0.152000 0.142000
2 0.109000 0.364333 0.139333 0.123333
2 0.520667 0.123667 0.140000 0.134000
3 0.507667 0.223000 0.102000 0.103333
3 0.652667 0.130000 0.104000 0.094667
3 0.737000 0.137333 0.078000 0.085333
2 0.729000 0.220333 0.104667 0.120667
3 0.618667 0.229000 0.114667 0.119333
3 0.713667 0.323000 0.123333 0.103333
3 0.595000 0.328333 0.108667 0.104667
3 0.575333 0.422333 0.120000 0.143333
3 0.692000 0.438000 0.117333 0.134667
2 0.374333 0.312667 0.080667 0.082667
3 0.452000 0.353000 0.126667 0.130000
2 0.104667 0.491000 0.129333 0.130000
2 0.233000 0.460000 0.144667 0.141333
2 0.320667 0.454667 0.054667 0.073333
3 0.423000 0.481333 0.183333 0.149333
2 0.335333 0.529667 0.069333 0.067333
2 0.205333 0.556333 0.117333 0.095333
2 0.078333 0.637333 0.124667 0.168000
2 0.188667 0.671000 0.121333 0.140667
3 0.657333 0.527667 0.078667 0.071333
3 0.516000 0.689000 0.148000 0.148667
2 0.319000 0.647000 0.138000 0.183333
2 0.167000 0.777333 0.168667 0.118667
2 0.049667 0.837000 0.096667 0.146000
3 0.151000 0.889333 0.114000 0.124000
2 0.272333 0.820000 0.111333 0.121333
2 0.260667 0.926667 0.124000 0.102667
2 0.374667 0.883667 0.090667 0.075333
2 0.385667 0.794333 0.119333 0.130000
3 0.560667 0.937667 0.056000 0.076667
2 0.672333 0.832667 0.176667 0.202667
2 0.893667 0.880000 0.147333 0.134667
2 0.722333 0.729333 0.134000 0.129333
2 0.711333 0.594667 0.213333 0.146667
3 0.865667 0.674333 0.130000 0.112667
3 0.849667 0.750333 0.075333 0.067333
3 0.871000 0.534000 0.123333 0.124000
3 0.794000 0.416000 0.108000 0.114667
3 0.898333 0.354333 0.055333 0.058000
3 0.896667 0.439667 0.080000 0.107333
2 0.962333 0.453333 0.050000 0.065333
2 0.901000 0.262000 0.047333 0.060000
3 0.827667 0.150333 0.088667 0.072667
3 0.820667 0.231000 0.080000 0.090000
0 0.180000 0.221333 0.100000 0.080000
0 0.512000 0.326333 0.076000 0.082000
0 0.520667 0.516000 0.097333 0.090667
0 0.517000 0.834333 0.158000 0.106000
0 0.093000 0.724000 0.056667 0.072000
0 0.333000 0.961667 0.076667 0.076667
0 0.634000 0.943667 0.088000 0.112667
0 0.457333 0.601333 0.106667 0.074667
0 0.844000 0.336333 0.069333 0.082000
3 0.050000 0.043667 0.098667 0.086000
3 0.944667 0.701667 0.110667 0.136667
3 0.940333 0.804000 0.116667 0.124000
3 0.963000 0.332000 0.074000 0.108000
