2 0.090333 0.090333 0.080667 0.104667
2 0.276333 0.100333 0.135333 0.146000
2 0.346333 0.185000 0.174000 0.194000
2 0.468667 0.136000 0.102667 0.108000
2 0.546000 0.056667 0.094667 0.110667
2 0.708333 0.114333 0.075333 0.068667
2 0.571333 0.184667 0.045333 0.056000
2 0.678667 0.352000 0.085333 0.078667
2 0.195000 0.255667 0.167333 0.127333
2 0.223333 0.354000 0.122667 0.114667
2 0.344000 0.371333 0.160000 0.133333
2 0.450333 0.396667 0.106000 0.092000
2 0.119000 0.435333 0.128667 0.173333
2 0.238000 0.463333 0.130667 0.129333
2 0.340667 0.485000 0.117333 0.119333
2 0.444000 0.501333 0.113333 0.125333
2 0.526333 0.514000 0.064667 0.072000
2 0.628667 0.535333 0.118667 0.121333
2 0.476667 0.635333 0.153333 0.160000
2 0.361333 0.599333 0.082667 0.098667
2 0.151667 0.537000 0.067333 0.070000
2 0.250333 0.579333 0.128667 0.109333
2 0.156333 0.660667 0.136667 0.149333
2 0.357000 0.692333 0.088667 0.095333
2 0.091000 0.756000 0.084667 0.085333
2 0.209333 0.770000 0.117333 0.120000
2 0.333667 0.784667 0.126000 0.102667
2 0.318000 0.906000 0.140000 0.140000
2 0.218333 0.880667 0.066000 0.077333
2 0.100667 0.884667 0.149333 0.169333
2 0.053333 0.650000 0.105333 0.157333
2 0.512667 0.822667 0.050667 0.056000
0 0.770000 0.466667 0.180000 0.177333
0 0.625667 0.743333 0.202000 0.238667
0 0.639667 0.930333 0.186000 0.139333
0 0.806333 0.717333 0.115333 0.137333
0 0.909667 0.535000 0.180667 0.235333
0 0.524667 0.396000 0.085333 0.077333
0 0.499333 0.253667 0.126667 0.123333
0 0.468333 0.958667 0.104667 0.082667
0 0.561000 0.135333 0.088667 0.097333
0 0.915667 0.258667 0.103333 0.097333
0 0.807333 0.374667 0.117333 0.090667
0 0.829000 0.092333 0.180667 0.183333
0 0.303333 0.247333 0.090667 0.078667
0 0.199333 0.162667 0.097333 0.090667
0 0.153000 0.104000 0.068667 0.070667
0 0.949333 0.831333 0.101333 0.160000
0 0.518333 0.451333 0.064667 0.050667
2 0.057667 0.296667 0.114000 0.133333
2 0.434667 0.049667 0.138667 0.098000
2 0.178333 0.949333 0.224667 0.101333
