3 0.080000 0.360667 0.062667 0.052000
3 0.157333 0.362667 0.049333 0.049333
3 0.241333 0.363000 0.029333 0.032667
3 0.322333 0.362667 0.091333 0.089333
2 0.417333 0.386333 0.048000 0.044667
2 0.067667 0.454333 0.087333 0.074000
2 0.244333 0.451333 0.064667 0.076000
2 0.323333 0.468667 0.114667 0.144000
3 0.423667 0.463000 0.098000 0.104667
2 0.518667 0.466667 0.101333 0.096000
2 0.610667 0.476000 0.044000 0.045333
2 0.727333 0.596000 0.069333 0.054667
2 0.725667 0.677000 0.047333 0.044667
2 0.603333 0.578000 0.126667 0.141333
3 0.434000 0.557333 0.110667 0.096000
3 0.488000 0.639333 0.088000 0.077333
3 0.385667 0.616667 0.095333 0.090667
3 0.298667 0.602667 0.090667 0.092000
2 0.186667 0.534333 0.062667 0.075333
3 0.247667 0.538333 0.088667 0.088667
3 0.040000 0.517667 0.056000 0.051333
3 0.106000 0.523333 0.106667 0.092000
3 0.110000 0.604000 0.116000 0.084000
3 0.037000 0.698333 0.067333 0.071333
3 0.231333 0.699667 0.092000 0.099333
3 0.100667 0.763333 0.048000 0.064000
3 0.167000 0.787000 0.080667 0.091333
3 0.324667 0.788333 0.101333 0.100667
2 0.390667 0.800667 0.030667 0.032000
3 0.467333 0.729000 0.093333 0.084667
2 0.460667 0.793000 0.065333 0.054000
2 0.545000 0.813000 0.040667 0.055333
3 0.691333 0.837333 0.070667 0.074667
3 0.611333 0.826000 0.089333 0.109333
3 0.318667 0.897333 0.052000 0.066667
3 0.232667 0.886667 0.064000 0.076000
2 0.162333 0.880333 0.091333 0.102000
3 0.633000 0.929333 0.062000 0.073333
3 0.721667 0.933667 0.123333 0.114000
3 0.765000 0.836333 0.079333 0.088667
3 0.840667 0.846000 0.094667 0.104000
3 0.855667 0.951000 0.107333 0.098000
3 0.923333 0.871333 0.076000 0.073333
3 0.879333 0.775667 0.145333 0.140667
3 0.934333 0.715667 0.082000 0.084667
2 0.801667 0.688333 0.035333 0.042000
2 0.693000 0.496000 0.034000 0.040000
0 0.793667 0.496000 0.155333 0.148000
0 0.876667 0.431333 0.110667 0.152000
0 0.860333 0.342333 0.099333 0.107333
0 0.779667 0.397000 0.111333 0.123333
0 0.922333 0.633333 0.060667 0.054667
0 0.586667 0.712333 0.113333 0.123333
0 0.942333 0.948667 0.064667 0.074667
0 0.128000 0.691000 0.109333 0.092667
0 0.377333 0.730333 0.093333 0.082000
0 0.507667 0.916000 0.079333 0.068000
0 0.432667 0.883000 0.085333 0.123333
0 0.781667 0.928333 0.062000 0.072667
0 0.530333 0.549667 0.054000 0.075333
3 0.036333 0.897667 0.071333 0.070000
