2 0.142333 0.028667 0.060667 0.053333
2 0.131667 0.146333 0.058000 0.067333
3 0.239667 0.069000 0.106000 0.126000
2 0.345667 0.119667 0.094000 0.100667
2 0.450333 0.079000 0.122000 0.154000
2 0.544333 0.096667 0.068667 0.092000
2 0.633000 0.137333 0.116667 0.142667
3 0.705667 0.324000 0.100667 0.174667
3 0.632667 0.228333 0.026667 0.026000
2 0.607667 0.302667 0.104667 0.156000
2 0.516000 0.283000 0.076000 0.071333
2 0.429000 0.241000 0.127333 0.166000
2 0.226667 0.269333 0.082667 0.096000
2 0.103667 0.309000 0.156667 0.170000
2 0.203667 0.353667 0.115333 0.110000
2 0.185333 0.438000 0.070667 0.058667
2 0.282333 0.448667 0.110000 0.124000
2 0.394333 0.411667 0.134000 0.167333
2 0.520667 0.406667 0.136000 0.186667
3 0.625333 0.424333 0.078667 0.096667
3 0.696000 0.444000 0.061333 0.062667
2 0.405667 0.537000 0.143333 0.091333
2 0.574667 0.555667 0.117333 0.111333
2 0.672667 0.535667 0.073333 0.087333
2 0.645333 0.640667 0.137333 0.105333
2 0.732667 0.654000 0.038667 0.045333
3 0.555333 0.647000 0.038667 0.040667
2 0.368667 0.619000 0.129333 0.112667
2 0.159000 0.552000 0.148667 0.124000
2 0.149000 0.739667 0.152667 0.134000
2 0.351000 0.726333 0.139333 0.100667
1 0.078667 0.440667 0.154667 0.197333
2 0.474333 0.664333 0.082000 0.079333
2 0.520000 0.751000 0.185333 0.171333
2 0.361667 0.827667 0.115333 0.103333
3 0.268667 0.737667 0.038667 0.048667
2 0.713000 0.745000 0.186000 0.174000
3 0.818667 0.812000 0.102667 0.098667
2 0.750333 0.549000 0.080667 0.100667
2 0.857333 0.673667 0.140000 0.139333
2 0.946000 0.804667 0.108000 0.097333
2 0.875333 0.557333 0.121333 0.122667
2 0.878667 0.456667 0.148000 0.076000
2 0.908000 0.363333 0.124000 0.116000
2 0.801667 0.358000 0.098000 0.149333
2 0.811000 0.272000 0.062000 0.068000
2 0.803333 0.169333 0.124000 0.117333
2 0.809000 0.088333 0.058000 0.047333
2 0.938000 0.103333 0.108000 0.094667
2 0.935000 0.211667 0.116667 0.110000
2 0.128667 0.849667 0.117333 0.107333
2 0.226000 0.842000 0.161333 0.174667
2 0.336000 0.937000 0.121333 0.120667
2 0.499000 0.872000 0.099333 0.097333
2 0.595667 0.845000 0.087333 0.107333
2 0.569000 0.949333 0.127333 0.101333
2 0.204333 0.958000 0.131333 0.084000
2 0.685333 0.926000 0.088000 0.090667
2 0.705667 0.846667 0.094000 0.081333
3 0.801000 0.907667 0.095333 0.091333
0 0.327667 0.259667 0.135333 0.159333
0 0.524667 0.182000 0.101333 0.105333
0 0.244000 0.638333 0.121333 0.108667
0 0.495333 0.581667 0.082667 0.088667
2 0.056333 0.063333 0.111333 0.125333
2 0.047000 0.215333 0.092667 0.124000
2 0.053000 0.579667 0.104667 0.115333
2 0.045000 0.858667 0.088667 0.145333
2 0.046333 0.726333 0.091333 0.139333
2 0.910000 0.927667 0.177333 0.144667
2 0.964667 0.501000 0.070667 0.152667
