2 0.126333 0.067000 0.098000 0.116667
2 0.251000 0.059000 0.150000 0.116667
2 0.302333 0.181667 0.160667 0.159333
2 0.433333 0.202667 0.137333 0.138667
2 0.151000 0.252667 0.191333 0.186667
2 0.468667 0.081000 0.144000 0.155333
2 0.628667 0.096333 0.201333 0.183333
2 0.652333 0.214000 0.195333 0.141333
2 0.662333 0.332667 0.163333 0.114667
2 0.320667 0.410667 0.073333 0.089333
2 0.239667 0.383667 0.188667 0.144667
2 0.148667 0.511000 0.130667 0.142000
2 0.297333 0.517667 0.164000 0.195333
2 0.393000 0.521667 0.071333 0.103333
2 0.380667 0.410000 0.057333 0.073333
2 0.475333 0.407000 0.213333 0.274000
2 0.479000 0.548667 0.118000 0.104000
2 0.346667 0.639333 0.064000 0.077333
2 0.640667 0.444000 0.157333 0.145333
2 0.634333 0.554333 0.086000 0.087333
2 0.651333 0.705333 0.160000 0.201333
2 0.588667 0.780000 0.049333 0.056000
2 0.572333 0.648667 0.154000 0.213333
2 0.448333 0.659000 0.155333 0.160667
2 0.060333 0.709000 0.119333 0.136667
2 0.155000 0.696000 0.104667 0.109333
2 0.253333 0.733000 0.157333 0.190000
2 0.140333 0.834667 0.171333 0.200000
2 0.297333 0.845333 0.126667 0.109333
2 0.455667 0.782333 0.187333 0.110000
2 0.486667 0.869667 0.132000 0.147333
2 0.265000 0.948667 0.098000 0.102667
2 0.481333 0.970667 0.089333 0.058667
2 0.849333 0.893333 0.125333 0.149333
2 0.947667 0.903667 0.104667 0.163333
2 0.788333 0.713000 0.140667 0.171333
2 0.727000 0.555000 0.112667 0.155333
2 0.836667 0.569000 0.133333 0.150000
2 0.933333 0.565667 0.085333 0.067333
2 0.900667 0.458333 0.108000 0.130000
2 0.799667 0.452333 0.119333 0.112667
2 0.793000 0.344000 0.102000 0.113333
2 0.876667 0.356000 0.081333 0.076000
2 0.927333 0.280333 0.145333 0.168667
2 0.843333 0.159667 0.156000 0.199333
0 0.199333 0.622333 0.081333 0.076667
0 0.740667 0.162667 0.101333 0.118667
0 0.137000 0.431333 0.072667 0.090667
2 0.051667 0.593333 0.102000 0.116000
2 0.945333 0.146000 0.109333 0.118667
2 0.604333 0.937333 0.147333 0.125333
2 0.372667 0.934333 0.142667 0.131333
