2 0.072667 0.046000 0.068000 0.062667
2 0.137333 0.043000 0.076000 0.084667
2 0.120333 0.122000 0.104667 0.097333
2 0.040000 0.115333 0.074667 0.092000
2 0.257333 0.052000 0.146667 0.089333
2 0.236000 0.137333 0.156000 0.154667
2 0.185667 0.244667 0.115333 0.118667
2 0.070667 0.205000 0.125333 0.108667
2 0.089000 0.321000 0.156667 0.151333
2 0.293000 0.265667 0.106000 0.104667
2 0.388333 0.276000 0.088667 0.110667
2 0.421667 0.099000 0.120667 0.152667
2 0.511667 0.126000 0.083333 0.130667
2 0.600667 0.110667 0.129333 0.118667
2 0.716667 0.126667 0.137333 0.129333
2 0.729667 0.049000 0.123333 0.096667
2 0.716667 0.242333 0.102667 0.122000
2 0.596000 0.233667 0.156000 0.151333
2 0.563000 0.327667 0.067333 0.083333
2 0.691667 0.347333 0.138000 0.106667
2 0.478000 0.297333 0.101333 0.109333
2 0.292667 0.265333 0.098667 0.102667
2 0.118333 0.416333 0.106000 0.123333
2 0.217000 0.433333 0.128667 0.122667
2 0.328333 0.454000 0.046000 0.068000
2 0.366000 0.391000 0.073333 0.086000
2 0.463000 0.399333 0.084667 0.082667
2 0.551333 0.416667 0.073333 0.078667
2 0.648667 0.430333 0.112000 0.107333
2 0.685333 0.539000 0.088000 0.104667
2 0.605667 0.509000 0.092667 0.090000
2 0.501000 0.506000 0.118000 0.116000
2 0.400667 0.482667 0.096000 0.108000
2 0.137667 0.522333 0.115333 0.104667
2 0.261000 0.546333 0.127333 0.127333
2 0.365333 0.561333 0.097333 0.109333
2 0.449667 0.581333 0.078000 0.089333
2 0.531333 0.600000 0.073333 0.081333
2 0.625667 0.610667 0.124667 0.126667
2 0.067000 0.622333 0.131333 0.152667
2 0.049333 0.727333 0.092000 0.090667
2 0.053667 0.815333 0.104667 0.090667
2 0.155667 0.741667 0.130000 0.104667
2 0.166333 0.641667 0.104667 0.108667
2 0.257333 0.659333 0.081333 0.100000
2 0.345667 0.660667 0.104667 0.102667
2 0.267000 0.741333 0.083333 0.085333
2 0.360667 0.743000 0.112000 0.096667
2 0.527333 0.679667 0.078667 0.075333
3 0.439667 0.670000 0.024667 0.024000
2 0.616333 0.724000 0.099333 0.108000
2 0.718000 0.742000 0.113333 0.134667
2 0.558667 0.782667 0.100000 0.120000
2 0.460667 0.755000 0.116000 0.147333
2 0.339667 0.853333 0.148667 0.136000
2 0.125333 0.898000 0.069333 0.070667
2 0.451000 0.863667 0.087333 0.078000
2 0.547667 0.872333 0.126000 0.111333
2 0.585000 0.958667 0.076667 0.080000
2 0.782333 0.918000 0.151333 0.156000
3 0.825667 0.810333 0.046000 0.046000
3 0.775333 0.648000 0.097333 0.086667
2 0.785333 0.726333 0.028000 0.031333
3 0.856000 0.556667 0.072000 0.090667
2 0.775000 0.538333 0.096667 0.102000
3 0.909667 0.461000 0.098000 0.082000
2 0.755000 0.432000 0.114000 0.116000
2 0.811333 0.260000 0.117333 0.134667
2 0.877333 0.368667 0.124000 0.106667
3 0.965000 0.395000 0.062000 0.087333
2 0.967667 0.312333 0.064667 0.063333
2 0.838667 0.102000 0.109333 0.133333
3 0.903667 0.110333 0.079333 0.090000
2 0.149667 0.819667 0.078000 0.063333
0 0.300333 0.355667 0.072667 0.104667
0 0.220667 0.333333 0.094667 0.081333
0 0.944000 0.638667 0.112000 0.161333
0 0.907333 0.803000 0.106667 0.147333
0 0.909333 0.918333 0.102667 0.111333
0 0.349333 0.964667 0.076000 0.070667
0 0.496333 0.202000 0.080667 0.093333
0 0.921333 0.211667 0.050667 0.076667
2 0.617667 0.033667 0.100667 0.066000
2 0.074667 0.958667 0.136000 0.082667
