2 0.139667 0.092667 0.074000 0.089333
2 0.212667 0.106667 0.069333 0.090667
2 0.295333 0.137333 0.122667 0.178667
2 0.407000 0.149667 0.115333 0.116667
2 0.361000 0.223667 0.068667 0.068667
3 0.158000 0.225667 0.066667 0.060667
3 0.067667 0.195667 0.096667 0.102000
2 0.043667 0.291000 0.067333 0.070000
2 0.182333 0.307333 0.110000 0.140000
2 0.317333 0.315333 0.172000 0.164000
2 0.455333 0.333000 0.124000 0.139333
3 0.585333 0.305000 0.128000 0.150000
2 0.674333 0.320667 0.072667 0.104000
2 0.746000 0.320667 0.074667 0.117333
3 0.650667 0.213667 0.085333 0.091333
2 0.576000 0.148667 0.073333 0.084000
2 0.672333 0.135000 0.086000 0.082000
2 0.704333 0.048333 0.096667 0.094000
2 0.105000 0.462333 0.139333 0.116667
2 0.035667 0.528000 0.063333 0.072000
2 0.275667 0.485667 0.140667 0.128667
2 0.390333 0.494000 0.094000 0.101333
2 0.493000 0.506000 0.102000 0.090667
2 0.512667 0.426000 0.082667 0.085333
2 0.594667 0.442000 0.104000 0.116000
2 0.687667 0.440000 0.090000 0.108000
2 0.653667 0.611333 0.079333 0.081333
2 0.090000 0.631333 0.125333 0.144000
2 0.190667 0.658000 0.137333 0.161333
2 0.295667 0.636333 0.046000 0.072667
2 0.069000 0.749333 0.106000 0.097333
2 0.161333 0.765000 0.118667 0.088667
2 0.732333 0.709000 0.091333 0.087333
2 0.579667 0.774667 0.046000 0.046667
2 0.665333 0.772000 0.134667 0.153333
2 0.420000 0.765667 0.184000 0.186000
2 0.308333 0.834667 0.147333 0.093333
2 0.228000 0.893000 0.093333 0.132667
2 0.134667 0.874667 0.089333 0.082667
2 0.087667 0.937667 0.135333 0.124667
2 0.503000 0.947333 0.123333 0.105333
2 0.897000 0.907667 0.106000 0.110000
2 0.777333 0.802667 0.096000 0.137333
2 0.861000 0.803667 0.091333 0.124667
2 0.923333 0.798667 0.049333 0.072000
2 0.967333 0.802667 0.050667 0.065333
2 0.903667 0.723333 0.106000 0.084000
2 0.813333 0.704667 0.073333 0.074667
2 0.759333 0.620667 0.138667 0.114667
3 0.875667 0.637667 0.102000 0.082000
3 0.883333 0.539000 0.130667 0.108667
3 0.955000 0.464333 0.086000 0.084667
2 0.789667 0.425000 0.110000 0.091333
3 0.909667 0.323000 0.070000 0.066000
3 0.827667 0.321667 0.072667 0.086000
3 0.756333 0.216333 0.118000 0.100667
2 0.774000 0.128333 0.106667 0.090000
2 0.856667 0.145333 0.085333 0.124000
2 0.603667 0.057333 0.114000 0.113333
2 0.876333 0.046333 0.106000 0.091333
2 0.941667 0.139333 0.100667 0.142667
2 0.967333 0.030333 0.042667 0.038000
2 0.960333 0.063667 0.051333 0.035333
0 0.609000 0.525333 0.108667 0.093333
0 0.754333 0.549667 0.092667 0.056667
0 0.857333 0.439333 0.093333 0.106667
0 0.532667 0.675333 0.065333 0.073333
0 0.534000 0.594000 0.109333 0.097333
0 0.441333 0.595000 0.093333 0.107333
0 0.352333 0.577667 0.092667 0.100667
0 0.363000 0.665333 0.063333 0.082667
0 0.457333 0.245333 0.105333 0.082667
0 0.450333 0.870333 0.100667 0.082000
0 0.692000 0.858333 0.097333 0.070000
0 0.520667 0.781333 0.058667 0.053333
3 0.500333 0.062000 0.100667 0.122667
3 0.407000 0.054333 0.099333 0.107333
2 0.305667 0.941667 0.123333 0.116667
3 0.960333 0.634667 0.079333 0.117333
