2 0.048333 0.063333 0.094000 0.106667
2 0.135667 0.127333 0.123333 0.129333
3 0.251000 0.151667 0.106000 0.139333
2 0.112667 0.229000 0.133333 0.119333
2 0.078667 0.326333 0.134667 0.124667
2 0.167333 0.422000 0.188000 0.186667
2 0.294333 0.380000 0.052667 0.054667
2 0.300333 0.293000 0.112667 0.100667
3 0.352667 0.102333 0.100000 0.112667
2 0.341000 0.198667 0.102000 0.133333
2 0.468000 0.078333 0.137333 0.134000
2 0.447667 0.225000 0.104667 0.160667
3 0.555000 0.152000 0.116667 0.138667
2 0.651333 0.101667 0.116000 0.155333
2 0.643667 0.240333 0.134000 0.111333
2 0.511000 0.300000 0.116667 0.116000
2 0.385000 0.397333 0.103333 0.124000
2 0.484000 0.398000 0.104000 0.117333
2 0.616667 0.348000 0.146667 0.128000
2 0.593333 0.464667 0.148000 0.132000
2 0.469000 0.519667 0.132667 0.116667
2 0.581000 0.574333 0.128667 0.104667
2 0.363333 0.502000 0.084000 0.077333
2 0.102667 0.609000 0.088000 0.088667
2 0.231667 0.551667 0.106000 0.127333
2 0.324667 0.596667 0.129333 0.141333
2 0.453333 0.611667 0.132000 0.116667
2 0.399333 0.720000 0.188000 0.128000
2 0.182000 0.677333 0.181333 0.188000
2 0.065333 0.755333 0.094667 0.110667
2 0.134000 0.860667 0.060000 0.081333
2 0.226000 0.821667 0.140000 0.164667
2 0.338333 0.848667 0.130000 0.129333
2 0.313333 0.942667 0.065333 0.072000
2 0.462333 0.834667 0.124667 0.109333
2 0.519333 0.931000 0.094667 0.092667
2 0.623333 0.921000 0.102667 0.106000
2 0.719333 0.811000 0.105333 0.108667
2 0.922000 0.930333 0.084000 0.111333
2 0.893000 0.731333 0.122000 0.072000
2 0.716333 0.689000 0.174000 0.139333
2 0.734000 0.602667 0.142667 0.104000
2 0.900333 0.529667 0.139333 0.120667
2 0.962333 0.649000 0.063333 0.094000
2 0.868000 0.635000 0.164000 0.152667
2 0.942333 0.421667 0.064667 0.083333
2 0.746333 0.504333 0.156667 0.108667
2 0.753667 0.386667 0.143333 0.141333
2 0.859667 0.415667 0.103333 0.152667
2 0.866000 0.302333 0.117333 0.088667
2 0.757667 0.280667 0.092667 0.073333
2 0.755000 0.181000 0.148667 0.110000
2 0.755667 0.068333 0.116667 0.134000
2 0.882667 0.088333 0.149333 0.140667
2 0.399000 0.948333 0.102000 0.103333
2 0.732333 0.932667 0.126000 0.124000
2 0.832667 0.928667 0.097333 0.142667
0 0.584667 0.776667 0.181333 0.196000
0 0.085667 0.539333 0.108667 0.117333
0 0.218000 0.330333 0.110667 0.099333
2 0.052667 0.852333 0.104000 0.116667
2 0.925000 0.221000 0.150000 0.210000
