2 0.198000 0.088667 0.144000 0.170667
2 0.365333 0.116333 0.194667 0.206000
2 0.502667 0.190000 0.098667 0.097333
2 0.480000 0.275000 0.116000 0.083333
2 0.436333 0.336000 0.158000 0.142667
2 0.344667 0.269667 0.113333 0.108667
2 0.251667 0.245333 0.088667 0.102667
2 0.166667 0.201000 0.105333 0.103333
2 0.051333 0.286000 0.085333 0.070667
1 0.065000 0.182000 0.123333 0.194667
2 0.042000 0.353000 0.060000 0.054000
2 0.131333 0.370000 0.124000 0.112000
2 0.221000 0.414667 0.140667 0.113333
1 0.336667 0.420000 0.080000 0.114667
2 0.417000 0.444000 0.106000 0.102667
2 0.144000 0.465000 0.062667 0.052667
2 0.123333 0.522667 0.100000 0.084000
2 0.223000 0.504667 0.088667 0.065333
2 0.388000 0.539667 0.124000 0.107333
1 0.355667 0.628667 0.086000 0.090667
1 0.281667 0.602000 0.162000 0.161333
2 0.062000 0.595333 0.121333 0.129333
2 0.084333 0.685333 0.167333 0.113333
2 0.071333 0.774000 0.070667 0.064000
2 0.143000 0.756667 0.098000 0.090667
2 0.241333 0.754000 0.112000 0.128000
2 0.318333 0.722333 0.095333 0.078000
2 0.251667 0.861000 0.134000 0.107333
2 0.244000 0.958667 0.144000 0.082667
2 0.073667 0.877333 0.144667 0.141333
3 0.683000 0.945333 0.120667 0.105333
2 0.696333 0.819333 0.139333 0.148000
2 0.805667 0.874333 0.108667 0.178000
3 0.837000 0.749333 0.071333 0.068000
2 0.898000 0.600333 0.204000 0.212667
2 0.807667 0.294667 0.115333 0.100000
2 0.856000 0.233667 0.050667 0.039333
2 0.201000 0.566333 0.092667 0.078000
0 0.290333 0.353333 0.078000 0.082667
0 0.844000 0.680000 0.082667 0.092000
0 0.768333 0.649667 0.103333 0.099333
0 0.892333 0.377333 0.104667 0.141333
0 0.782333 0.404000 0.128667 0.130667
0 0.910333 0.127000 0.099333 0.098000
0 0.954667 0.730000 0.090667 0.114667
2 0.557333 0.077000 0.181333 0.152667
2 0.047667 0.460000 0.094000 0.154667
