2 0.252000 0.116333 0.106667 0.122000
2 0.114000 0.244000 0.108000 0.110667
2 0.232667 0.247333 0.137333 0.162667
2 0.368000 0.185000 0.125333 0.135333
2 0.377667 0.069333 0.146000 0.134667
2 0.487000 0.213333 0.111333 0.130667
2 0.340000 0.275000 0.104000 0.100667
2 0.440667 0.331333 0.118667 0.136000
2 0.319667 0.395000 0.142000 0.136667
2 0.106000 0.366667 0.116000 0.116000
2 0.191667 0.436000 0.116667 0.134667
2 0.570667 0.133333 0.078667 0.078667
2 0.619000 0.182000 0.078000 0.062667
2 0.688333 0.068333 0.123333 0.132667
2 0.603667 0.308667 0.103333 0.121333
2 0.713667 0.317333 0.128667 0.114667
3 0.592667 0.391000 0.057333 0.055333
2 0.503000 0.367667 0.123333 0.155333
2 0.066333 0.497000 0.120667 0.122000
2 0.170000 0.547333 0.076000 0.088000
2 0.255333 0.560000 0.097333 0.101333
2 0.561667 0.492333 0.126000 0.116667
2 0.683000 0.499667 0.108667 0.084667
2 0.696000 0.416000 0.132000 0.090667
2 0.646667 0.596000 0.153333 0.110667
2 0.517667 0.663333 0.116667 0.173333
2 0.501667 0.759000 0.048667 0.048667
2 0.635333 0.702000 0.120000 0.104000
3 0.735333 0.755667 0.086667 0.088667
2 0.420000 0.747333 0.076000 0.078667
2 0.307333 0.720667 0.157333 0.177333
2 0.219333 0.669667 0.100000 0.106000
3 0.136667 0.636333 0.070667 0.091333
2 0.109333 0.757000 0.170667 0.151333
2 0.700333 0.878667 0.155333 0.161333
2 0.495333 0.849667 0.113333 0.102000
2 0.384667 0.859333 0.122667 0.125333
2 0.182333 0.892333 0.190000 0.192667
2 0.832333 0.850333 0.131333 0.151333
2 0.945333 0.830667 0.106667 0.113333
2 0.757667 0.658333 0.115333 0.103333
2 0.847333 0.723333 0.102667 0.102667
2 0.878667 0.633333 0.129333 0.106667
2 0.783333 0.552000 0.121333 0.118667
2 0.914000 0.519667 0.145333 0.143333
2 0.939667 0.392667 0.111333 0.132000
2 0.807000 0.436667 0.112667 0.110667
2 0.843667 0.331333 0.143333 0.120000
2 0.737667 0.213333 0.172667 0.120000
3 0.857667 0.239333 0.092667 0.080000
2 0.765333 0.115000 0.093333 0.088667
2 0.891000 0.150000 0.158000 0.154667
0 0.584667 0.798000 0.121333 0.097333
0 0.402000 0.472667 0.102667 0.101333
0 0.361667 0.574000 0.115333 0.137333
0 0.436000 0.960667 0.082667 0.078667
0 0.335333 0.914000 0.129333 0.066667
2 0.163000 0.049333 0.151333 0.097333
2 0.081000 0.123333 0.160667 0.229333
2 0.501667 0.070667 0.126000 0.140000
2 0.595667 0.056000 0.084667 0.092000
2 0.059333 0.910667 0.117333 0.178667
2 0.547667 0.950333 0.134000 0.099333
2 0.944667 0.931667 0.110667 0.110000
2 0.944000 0.726333 0.112000 0.122000
2 0.929667 0.050000 0.140667 0.098667
