2 0.148333 0.101000 0.214000 0.199333
2 0.331000 0.059000 0.146000 0.111333
3 0.299333 0.139667 0.090667 0.095333
2 0.222333 0.240667 0.191333 0.164000
2 0.114000 0.329333 0.085333 0.077333
2 0.057667 0.443333 0.114000 0.166667
2 0.153667 0.433000 0.127333 0.182000
2 0.220333 0.346333 0.100667 0.099333
2 0.331333 0.352000 0.116000 0.100000
2 0.282000 0.426333 0.130667 0.146000
1 0.452000 0.353667 0.146667 0.127333
2 0.419000 0.242667 0.158000 0.160000
2 0.447000 0.146000 0.107333 0.088000
3 0.494000 0.070667 0.141333 0.138667
2 0.688667 0.133333 0.168000 0.134667
2 0.673333 0.251000 0.134667 0.155333
2 0.540000 0.234333 0.146667 0.214000
2 0.572333 0.371667 0.063333 0.063333
2 0.703667 0.389667 0.170000 0.182000
2 0.377000 0.463000 0.114000 0.132667
2 0.511667 0.458000 0.160667 0.157333
2 0.206333 0.570667 0.168667 0.189333
2 0.337000 0.573333 0.114000 0.110667
2 0.442333 0.580000 0.144667 0.152000
2 0.580333 0.595333 0.138000 0.136000
2 0.063333 0.647000 0.124000 0.150000
2 0.152000 0.680333 0.134667 0.148667
2 0.292667 0.694000 0.128000 0.130667
3 0.408000 0.691667 0.100000 0.088667
2 0.537667 0.717333 0.136667 0.132000
2 0.651000 0.671000 0.128667 0.159333
2 0.232667 0.781667 0.138667 0.135333
2 0.289667 0.878333 0.088667 0.074000
2 0.367000 0.787667 0.146000 0.154000
2 0.052000 0.873333 0.069333 0.066667
2 0.167333 0.876667 0.180000 0.164000
3 0.434667 0.889333 0.196000 0.160000
3 0.656000 0.915667 0.161333 0.138000
2 0.693333 0.813000 0.189333 0.151333
3 0.787333 0.910000 0.101333 0.142667
2 0.768667 0.707667 0.138667 0.120667
2 0.895667 0.897333 0.132667 0.190667
2 0.909000 0.711000 0.152667 0.223333
2 0.795000 0.594000 0.150000 0.138667
2 0.789667 0.482333 0.132667 0.126000
2 0.918000 0.497333 0.132000 0.186667
2 0.920333 0.358333 0.159333 0.146000
2 0.799667 0.226667 0.182000 0.222667
2 0.935667 0.213333 0.128667 0.160000
0 0.217000 0.067667 0.080667 0.083333
0 0.635333 0.496000 0.141333 0.164000
0 0.746667 0.056000 0.084000 0.110667
2 0.058667 0.195000 0.116000 0.183333
2 0.052667 0.779333 0.104000 0.136000
2 0.339667 0.954667 0.115333 0.090667
2 0.541000 0.938333 0.174000 0.123333
2 0.631667 0.062000 0.167333 0.122667
