2 0.282667 0.094000 0.196000 0.182667
2 0.235667 0.165333 0.156667 0.128000
1 0.203667 0.249667 0.134000 0.110000
1 0.078000 0.340000 0.152000 0.188000
1 0.177667 0.346667 0.086000 0.092000
2 0.286000 0.349000 0.160000 0.174000
1 0.315333 0.252000 0.073333 0.081333
2 0.475000 0.250000 0.142000 0.140000
1 0.547333 0.108000 0.133333 0.108000
2 0.588000 0.190667 0.138667 0.130667
2 0.685667 0.198667 0.094000 0.125333
1 0.200333 0.436000 0.108667 0.100000
1 0.419667 0.351333 0.104667 0.126667
1 0.511667 0.359000 0.104667 0.126000
2 0.487333 0.445000 0.060000 0.062000
2 0.607333 0.356667 0.104000 0.122667
2 0.709667 0.363333 0.116667 0.153333
2 0.770333 0.368333 0.047333 0.052667
2 0.751000 0.472333 0.072667 0.068667
2 0.661667 0.467667 0.118000 0.132667
2 0.565667 0.453000 0.120667 0.111333
2 0.394667 0.439000 0.126667 0.112667
2 0.148667 0.528333 0.116000 0.112667
1 0.251000 0.527000 0.114000 0.180667
1 0.346667 0.538000 0.116000 0.180000
2 0.448333 0.542000 0.098000 0.112000
2 0.548000 0.559333 0.114667 0.112000
3 0.629667 0.565333 0.051333 0.060000
2 0.710333 0.556000 0.104667 0.116000
2 0.090000 0.607333 0.058667 0.056000
1 0.170667 0.620333 0.102667 0.100667
1 0.277667 0.632667 0.107333 0.106667
2 0.210000 0.706667 0.129333 0.097333
2 0.083333 0.685000 0.129333 0.096667
2 0.100000 0.781667 0.194667 0.123333
2 0.069333 0.886000 0.120000 0.098667
2 0.178333 0.860333 0.100667 0.088667
1 0.126333 0.940333 0.074000 0.100667
2 0.255000 0.790000 0.116667 0.090667
2 0.291000 0.887333 0.103333 0.104000
2 0.311000 0.958333 0.064667 0.055333
2 0.386333 0.892667 0.104667 0.126667
2 0.448333 0.808000 0.110000 0.105333
2 0.378333 0.718333 0.179333 0.176667
2 0.471333 0.646333 0.104000 0.103333
2 0.662667 0.659000 0.089333 0.092667
2 0.707000 0.738333 0.134000 0.094000
2 0.575667 0.662333 0.114000 0.112667
2 0.209333 0.953333 0.113333 0.093333
2 0.480667 0.903333 0.108000 0.124000
2 0.576333 0.900333 0.075333 0.106000
2 0.552667 0.800333 0.112000 0.142000
2 0.636333 0.803667 0.084667 0.100667
2 0.666667 0.918000 0.112000 0.136000
2 0.776000 0.928667 0.132000 0.130667
2 0.737667 0.826667 0.102000 0.093333
2 0.852000 0.853667 0.116000 0.122000
2 0.938667 0.864000 0.080000 0.097333
2 0.802667 0.756000 0.074667 0.090667
2 0.893000 0.735667 0.116667 0.160667
2 0.757333 0.663000 0.101333 0.100667
2 0.811000 0.554000 0.111333 0.142667
2 0.890000 0.569333 0.068000 0.080000
2 0.954333 0.562667 0.055333 0.058667
2 0.886333 0.488667 0.074000 0.065333
2 0.816000 0.308667 0.054667 0.076000
2 0.743333 0.273667 0.125333 0.102000
2 0.843000 0.205000 0.078000 0.088667
2 0.748667 0.128000 0.112000 0.128000
2 0.844000 0.121667 0.092000 0.099333
0 0.931000 0.406000 0.138000 0.157333
0 0.925000 0.944000 0.150000 0.110667
0 0.922000 0.255667 0.156000 0.171333
0 0.935000 0.084333 0.130000 0.167333
0 0.416667 0.122333 0.102667 0.099333
0 0.459000 0.185667 0.099333 0.064667
0 0.765000 0.217333 0.068667 0.058667
1 0.075667 0.209667 0.150000 0.184667
1 0.655000 0.062000 0.139333 0.122667
1 0.062667 0.460333 0.124000 0.158000
