2 0.058333 0.100667 0.099333 0.106667
2 0.147667 0.100667 0.070000 0.077333
2 0.106333 0.203333 0.163333 0.173333
2 0.103333 0.324000 0.070667 0.065333
2 0.268333 0.046333 0.091333 0.090000
2 0.252000 0.168333 0.137333 0.154000
2 0.385667 0.084667 0.159333 0.160000
2 0.346667 0.186667 0.064000 0.061333
2 0.462333 0.157333 0.128667 0.134667
2 0.637333 0.036333 0.074667 0.066000
2 0.719333 0.090333 0.112000 0.120667
2 0.617667 0.113667 0.100667 0.096667
3 0.573000 0.193333 0.103333 0.120000
2 0.700000 0.193667 0.094667 0.096667
2 0.204667 0.348333 0.122667 0.160667
2 0.308000 0.292000 0.142667 0.144000
2 0.303667 0.404667 0.084667 0.064000
2 0.440000 0.273000 0.125333 0.134000
2 0.648667 0.289000 0.158667 0.154000
2 0.708000 0.389333 0.141333 0.121333
2 0.520333 0.380667 0.147333 0.152000
2 0.579333 0.453667 0.122667 0.114000
3 0.248333 0.494333 0.106000 0.111333
2 0.385333 0.459667 0.153333 0.140667
2 0.682000 0.480667 0.132000 0.126667
3 0.658667 0.576667 0.118667 0.100000
3 0.454333 0.579000 0.091333 0.091333
2 0.364333 0.577667 0.075333 0.083333
2 0.226000 0.608000 0.096000 0.096000
2 0.119000 0.634000 0.152667 0.216000
2 0.304333 0.669667 0.187333 0.199333
2 0.177000 0.761667 0.088667 0.095333
2 0.429667 0.731667 0.118000 0.146000
2 0.544667 0.641667 0.137333 0.183333
2 0.647333 0.695667 0.084000 0.092667
2 0.734667 0.737000 0.088000 0.094000
2 0.728667 0.845667 0.097333 0.122000
2 0.626000 0.803000 0.118667 0.132667
2 0.523667 0.784333 0.098000 0.092667
2 0.078333 0.819000 0.090000 0.088667
2 0.154000 0.884333 0.134667 0.135333
2 0.276333 0.914667 0.132667 0.129333
2 0.287000 0.799667 0.155333 0.140667
2 0.402333 0.854000 0.108667 0.132000
2 0.505000 0.878667 0.106000 0.110667
2 0.603333 0.914333 0.102667 0.095333
3 0.690000 0.928667 0.080000 0.084000
2 0.929667 0.828000 0.134000 0.124000
2 0.815333 0.814000 0.092000 0.112000
2 0.851000 0.723000 0.120667 0.123333
2 0.761667 0.649000 0.135333 0.100667
2 0.784000 0.569667 0.134667 0.110000
3 0.890667 0.551000 0.097333 0.095333
2 0.920000 0.449667 0.096000 0.095333
2 0.809333 0.464000 0.130667 0.108000
2 0.825667 0.377000 0.064667 0.052667
2 0.925667 0.360333 0.116667 0.102000
3 0.793667 0.115000 0.023333 0.028667
2 0.918667 0.062667 0.161333 0.121333
2 0.908667 0.172333 0.104000 0.088667
2 0.795333 0.177333 0.101333 0.097333
2 0.856000 0.262333 0.126667 0.106000
0 0.862667 0.338667 0.078667 0.060000
0 0.462667 0.942667 0.078667 0.068000
2 0.527333 0.064333 0.138667 0.127333
2 0.061333 0.505000 0.121333 0.167333
2 0.053667 0.930000 0.106000 0.134667
2 0.949667 0.712667 0.095333 0.137333
2 0.954667 0.616000 0.090667 0.129333
2 0.954000 0.279667 0.092000 0.103333
