2 0.214667 0.086667 0.164000 0.108000
2 0.086333 0.176667 0.123333 0.126667
3 0.211333 0.213333 0.129333 0.144000
3 0.323667 0.256333 0.122000 0.130000
2 0.377000 0.334667 0.083333 0.080000
3 0.429333 0.250667 0.098667 0.093333
2 0.328333 0.140333 0.107333 0.131333
2 0.445667 0.127333 0.134000 0.162667
3 0.568667 0.058667 0.134667 0.114667
2 0.072333 0.315667 0.143333 0.146000
2 0.193000 0.335333 0.138000 0.126667
2 0.522000 0.363000 0.200000 0.159333
2 0.602333 0.479333 0.115333 0.144000
2 0.477333 0.499000 0.129333 0.107333
2 0.346000 0.544667 0.072000 0.068000
2 0.703000 0.366000 0.147333 0.136000
2 0.101333 0.588000 0.133333 0.137333
2 0.241333 0.539667 0.130667 0.136667
2 0.209667 0.654000 0.142000 0.113333
2 0.359000 0.634333 0.132667 0.122000
2 0.565000 0.602667 0.186000 0.122667
2 0.542333 0.726667 0.143333 0.125333
2 0.666333 0.741667 0.119333 0.154000
3 0.593667 0.856333 0.094000 0.103333
2 0.062667 0.725667 0.124000 0.130000
3 0.160667 0.764000 0.089333 0.104000
2 0.331000 0.738333 0.182000 0.136667
3 0.254000 0.850000 0.110667 0.146667
2 0.136000 0.879667 0.114667 0.128667
2 0.385333 0.882667 0.114667 0.149333
2 0.482333 0.905333 0.108667 0.149333
3 0.576000 0.958333 0.064000 0.067333
2 0.784000 0.756667 0.142667 0.164000
2 0.830667 0.890333 0.177333 0.152667
2 0.921333 0.603333 0.097333 0.129333
2 0.805333 0.532667 0.209333 0.209333
2 0.936667 0.468000 0.126667 0.128000
2 0.849667 0.358667 0.130000 0.124000
2 0.745000 0.167000 0.211333 0.179333
3 0.776000 0.048667 0.137333 0.092000
0 0.269000 0.384667 0.068667 0.084000
0 0.566667 0.199000 0.132000 0.120667
0 0.430333 0.581000 0.075333 0.083333
0 0.455667 0.736000 0.087333 0.077333
0 0.882667 0.733000 0.078667 0.103333
0 0.934667 0.807667 0.097333 0.088667
0 0.685333 0.297000 0.088000 0.106000
0 0.791333 0.667667 0.140000 0.071333
0 0.936333 0.896667 0.078000 0.070667
0 0.466667 0.807333 0.073333 0.049333
0 0.716667 0.524333 0.066667 0.100667
0 0.634667 0.130667 0.057333 0.070667
0 0.055000 0.134333 0.076667 0.059333
2 0.065667 0.440000 0.130000 0.192000
3 0.325000 0.955333 0.144667 0.089333
2 0.057000 0.904000 0.112667 0.188000
3 0.688000 0.958000 0.118667 0.084000
2 0.954667 0.362333 0.090667 0.110000
2 0.937667 0.230000 0.124667 0.136000
