3 0.124000 0.087333 0.101333 0.125333
3 0.237667 0.078667 0.099333 0.117333
2 0.335667 0.068000 0.099333 0.118667
3 0.268667 0.177667 0.116000 0.119333
2 0.169667 0.201667 0.130000 0.123333
3 0.352333 0.214333 0.103333 0.100667
2 0.333000 0.288333 0.063333 0.064667
2 0.233333 0.295000 0.120000 0.110000
3 0.108667 0.305333 0.133333 0.106667
3 0.103667 0.401667 0.104667 0.096667
3 0.205667 0.392667 0.106000 0.097333
3 0.308333 0.372333 0.094000 0.106000
3 0.414000 0.373000 0.133333 0.130000
3 0.425667 0.277667 0.098000 0.102000
2 0.441000 0.198333 0.078000 0.086000
3 0.457667 0.101000 0.050000 0.042000
3 0.664000 0.127333 0.082667 0.090667
2 0.537000 0.190000 0.064667 0.080000
3 0.624667 0.214000 0.108000 0.112000
3 0.536333 0.287667 0.107333 0.144667
3 0.615333 0.313000 0.082667 0.088667
3 0.706000 0.282333 0.100000 0.114000
3 0.704667 0.388333 0.101333 0.114000
3 0.605000 0.393667 0.079333 0.080667
2 0.162333 0.562000 0.083333 0.088000
3 0.197333 0.490333 0.122667 0.112667
2 0.321333 0.484333 0.148000 0.130000
3 0.256667 0.569667 0.109333 0.110000
2 0.062667 0.566667 0.121333 0.134667
3 0.087333 0.672333 0.105333 0.098000
2 0.214000 0.658333 0.093333 0.102000
2 0.329667 0.663333 0.135333 0.130667
3 0.508333 0.457333 0.176667 0.162667
3 0.657333 0.481333 0.096000 0.104000
3 0.549000 0.578000 0.124667 0.116000
3 0.663667 0.603667 0.107333 0.116667
2 0.613333 0.686667 0.101333 0.104000
3 0.505333 0.675333 0.121333 0.101333
2 0.168667 0.755333 0.146667 0.114667
2 0.304000 0.762333 0.141333 0.130000
3 0.469000 0.763000 0.126000 0.140667
3 0.559000 0.776333 0.066000 0.096667
3 0.413000 0.846333 0.143333 0.124667
3 0.481000 0.925333 0.083333 0.076000
3 0.580333 0.877333 0.146000 0.124000
3 0.671333 0.868333 0.060000 0.062000
3 0.498000 0.857000 0.038667 0.040667
2 0.375000 0.922667 0.110000 0.110667
3 0.142000 0.853000 0.100000 0.100667
2 0.054000 0.931667 0.077333 0.112667
2 0.109667 0.941667 0.046000 0.079333
2 0.177333 0.941000 0.094667 0.088667
2 0.268333 0.943667 0.092667 0.092667
2 0.598333 0.792333 0.003333 0.000667
2 0.270000 0.837667 0.120000 0.118000
3 0.785000 0.901000 0.099333 0.088667
3 0.896333 0.931667 0.128667 0.136667
3 0.818333 0.807667 0.131333 0.127333
3 0.848667 0.712333 0.084000 0.080667
3 0.741333 0.695333 0.150667 0.174667
3 0.858333 0.633000 0.127333 0.100667
3 0.965667 0.547000 0.038000 0.051333
3 0.866333 0.538000 0.123333 0.117333
3 0.768667 0.507667 0.110667 0.135333
3 0.904667 0.445333 0.128000 0.138667
3 0.804000 0.391333 0.106667 0.118667
3 0.799333 0.299667 0.094667 0.090000
2 0.922000 0.246667 0.110667 0.136000
3 0.820667 0.209000 0.130667 0.100667
3 0.863000 0.052000 0.094000 0.097333
2 0.766667 0.110333 0.104000 0.102000
0 0.543333 0.066667 0.098667 0.093333
0 0.594667 0.114000 0.089333 0.078667
0 0.063333 0.203000 0.097333 0.099333
0 0.407667 0.542333 0.147333 0.119333
0 0.074667 0.745667 0.078667 0.084667
0 0.927000 0.837667 0.127333 0.127333
0 0.887000 0.353667 0.135333 0.100667
0 0.619000 0.780667 0.096667 0.102667
0 0.440333 0.152000 0.070000 0.062667
0 0.479000 0.030333 0.075333 0.059333
0 0.732667 0.614333 0.070667 0.082000
3 0.040000 0.458667 0.078667 0.105333
3 0.939000 0.757333 0.122000 0.113333
3 0.952667 0.642667 0.094667 0.144000
3 0.946333 0.075333 0.106000 0.149333
