2 0.120000 0.131000 0.106667 0.147333
2 0.068333 0.175000 0.130000 0.140667
2 0.107667 0.291333 0.144667 0.128000
2 0.227000 0.298333 0.116667 0.115333
2 0.317000 0.245000 0.080667 0.082000
2 0.234667 0.139667 0.116000 0.140667
2 0.336333 0.143333 0.092667 0.130667
2 0.425000 0.176000 0.148667 0.136000
3 0.510333 0.126000 0.048667 0.045333
2 0.521333 0.069667 0.064000 0.071333
2 0.440333 0.075000 0.114000 0.106000
2 0.390333 0.264667 0.087333 0.081333
2 0.481667 0.255667 0.140667 0.144667
2 0.526000 0.180000 0.085333 0.089333
2 0.731333 0.050667 0.080000 0.096000
2 0.629667 0.062000 0.146000 0.122667
2 0.134333 0.033000 0.106000 0.064667
2 0.687667 0.163667 0.086000 0.072667
2 0.603000 0.223000 0.096667 0.090000
2 0.680000 0.264000 0.118667 0.157333
2 0.570000 0.381333 0.114667 0.093333
3 0.387000 0.351000 0.046000 0.050000
2 0.459333 0.399000 0.122667 0.100667
2 0.307000 0.384333 0.140667 0.166000
2 0.086000 0.379333 0.060000 0.053333
2 0.096333 0.438667 0.062000 0.054667
2 0.177000 0.389333 0.138000 0.141333
2 0.551000 0.455333 0.066000 0.065333
2 0.603667 0.561667 0.054000 0.048667
2 0.709000 0.521333 0.056667 0.056000
2 0.708000 0.606000 0.136000 0.109333
2 0.626333 0.477667 0.116667 0.143333
2 0.029000 0.460333 0.056667 0.055333
2 0.067667 0.519000 0.090000 0.100667
2 0.180333 0.526667 0.139333 0.096000
2 0.169667 0.600667 0.088667 0.064000
3 0.263667 0.536667 0.031333 0.050667
2 0.161667 0.682333 0.063333 0.050000
2 0.256000 0.701000 0.081333 0.071333
2 0.321000 0.625333 0.120667 0.128000
2 0.394333 0.600333 0.055333 0.068667
2 0.324000 0.709000 0.045333 0.043333
2 0.367000 0.739000 0.042000 0.039333
3 0.397667 0.675667 0.107333 0.102000
2 0.753333 0.713667 0.048000 0.051333
2 0.652667 0.812000 0.137333 0.141333
2 0.718000 0.903000 0.128000 0.110000
3 0.544333 0.880333 0.058000 0.088667
3 0.644333 0.944333 0.102000 0.111333
2 0.309667 0.885667 0.062000 0.056667
3 0.212000 0.912000 0.116000 0.136000
2 0.125667 0.842000 0.054000 0.056000
2 0.033333 0.825000 0.045333 0.051333
2 0.060333 0.865333 0.048667 0.041333
2 0.753000 0.814000 0.110000 0.136000
3 0.832000 0.837333 0.097333 0.122667
2 0.901667 0.869000 0.080667 0.112667
3 0.911000 0.686667 0.084667 0.078667
2 0.927333 0.535000 0.145333 0.124667
2 0.747333 0.378333 0.152000 0.150000
2 0.728333 0.465667 0.050000 0.040667
2 0.836333 0.393333 0.062000 0.090667
2 0.907333 0.427000 0.112000 0.102000
2 0.947000 0.324667 0.106000 0.100000
2 0.936000 0.258000 0.045333 0.042667
2 0.845333 0.295333 0.089333 0.066667
2 0.777333 0.257333 0.072000 0.089333
2 0.825333 0.049667 0.094667 0.074000
2 0.912667 0.067333 0.109333 0.097333
2 0.911000 0.163333 0.122000 0.130667
2 0.796000 0.173333 0.142667 0.136000
0 0.651667 0.377667 0.084667 0.084667
0 0.577000 0.302000 0.072667 0.078667
0 0.461000 0.498000 0.119333 0.126667
0 0.852000 0.626000 0.133333 0.121333
0 0.926667 0.765667 0.141333 0.080667
0 0.914000 0.948333 0.148000 0.103333
0 0.521667 0.710333 0.127333 0.143333
0 0.262000 0.809000 0.085333 0.095333
0 0.348000 0.827333 0.070667 0.074667
0 0.427667 0.809000 0.096667 0.087333
0 0.654000 0.698000 0.121333 0.110667
0 0.069000 0.607000 0.119333 0.107333
0 0.133667 0.760667 0.175333 0.082667
0 0.084000 0.927333 0.137333 0.093333
0 0.604333 0.150667 0.091333 0.090667
0 0.238667 0.238333 0.102667 0.076667
2 0.250000 0.040667 0.121333 0.080000
