3 0.123667 0.057667 0.079333 0.068667
3 0.204000 0.083667 0.076000 0.104667
3 0.308000 0.088333 0.154667 0.154000
2 0.112000 0.244000 0.128000 0.174667
3 0.057333 0.299667 0.113333 0.123333
2 0.224000 0.234667 0.129333 0.125333
3 0.223000 0.341333 0.134000 0.116000
2 0.391333 0.191000 0.098667 0.095333
2 0.398000 0.269667 0.114667 0.083333
2 0.304000 0.356667 0.122667 0.157333
2 0.416667 0.367000 0.122667 0.136667
2 0.120000 0.400667 0.114667 0.113333
2 0.529333 0.297000 0.096000 0.111333
3 0.457000 0.146333 0.030000 0.039333
2 0.538333 0.145000 0.106000 0.122000
3 0.633000 0.150000 0.106000 0.122667
3 0.665333 0.071667 0.076000 0.090000
2 0.722667 0.167333 0.080000 0.085333
3 0.681000 0.245000 0.111333 0.088667
3 0.634000 0.316333 0.141333 0.158000
3 0.718667 0.352000 0.062667 0.076000
3 0.591667 0.042333 0.090000 0.082000
2 0.567333 0.433000 0.109333 0.114000
2 0.669000 0.458333 0.110000 0.128667
3 0.551000 0.518333 0.110000 0.098000
2 0.450333 0.493667 0.096667 0.118000
2 0.370667 0.482667 0.090667 0.113333
2 0.157000 0.501333 0.152667 0.134667
2 0.231000 0.547667 0.091333 0.090000
2 0.330000 0.551667 0.132000 0.127333
2 0.280333 0.639333 0.107333 0.100000
3 0.116333 0.592333 0.107333 0.079333
2 0.461667 0.593333 0.132667 0.117333
3 0.550333 0.613667 0.043333 0.062000
2 0.634000 0.621667 0.141333 0.144667
3 0.716667 0.562333 0.078667 0.078000
2 0.454333 0.676667 0.099333 0.074667
2 0.045667 0.653000 0.090000 0.131333
2 0.143000 0.691000 0.172667 0.140667
2 0.072333 0.781333 0.142000 0.124000
3 0.258000 0.785000 0.066667 0.063333
2 0.622667 0.724000 0.129333 0.100000
3 0.725333 0.738333 0.089333 0.118000
3 0.464333 0.755333 0.067333 0.092000
3 0.539000 0.773000 0.084667 0.102000
2 0.621000 0.831333 0.111333 0.142667
2 0.709000 0.840333 0.079333 0.092667
2 0.504000 0.878333 0.118667 0.140667
3 0.415333 0.904000 0.060000 0.056000
2 0.236333 0.879000 0.111333 0.115333
2 0.197667 0.964333 0.071333 0.071333
2 0.804000 0.864000 0.114667 0.104000
3 0.899000 0.882667 0.090000 0.093333
2 0.964000 0.786667 0.057333 0.089333
2 0.901333 0.795333 0.081333 0.108000
2 0.812667 0.772667 0.106667 0.108000
2 0.786333 0.651667 0.094000 0.083333
2 0.887333 0.686000 0.122667 0.124000
2 0.904000 0.599667 0.057333 0.052667
3 0.789333 0.514000 0.049333 0.041333
2 0.871000 0.533667 0.143333 0.144667
3 0.788000 0.376333 0.072000 0.078000
3 0.869000 0.380000 0.096667 0.093333
3 0.868667 0.302000 0.102667 0.082667
2 0.814000 0.225333 0.148000 0.180000
2 0.752000 0.074333 0.094667 0.103333
3 0.834000 0.098667 0.077333 0.070667
3 0.911333 0.127333 0.074667 0.066667
0 0.376667 0.730333 0.133333 0.115333
0 0.962000 0.404000 0.076000 0.101333
0 0.966000 0.880333 0.068000 0.120667
0 0.721000 0.917000 0.111333 0.084667
0 0.505000 0.398000 0.099333 0.113333
0 0.130000 0.131333 0.109333 0.093333
0 0.184667 0.794000 0.093333 0.081333
0 0.343000 0.834333 0.147333 0.112667
0 0.285667 0.183667 0.116667 0.096667
0 0.472667 0.260667 0.066667 0.105333
0 0.961000 0.300333 0.078000 0.079333
0 0.525667 0.712333 0.079333 0.070000
0 0.140333 0.919000 0.083333 0.098000
0 0.842000 0.947667 0.081333 0.090000
0 0.865333 0.459333 0.102667 0.078667
2 0.035667 0.398333 0.070000 0.107333
3 0.058333 0.946333 0.115333 0.106000
3 0.049333 0.863000 0.097333 0.098000
3 0.297667 0.967333 0.119333 0.065333
3 0.651000 0.960333 0.159333 0.079333
3 0.954333 0.964667 0.087333 0.070667
3 0.961667 0.545333 0.076667 0.154667
3 0.945333 0.197000 0.109333 0.114000
