2 0.053667 0.125333 0.084667 0.096000
2 0.139667 0.130667 0.055333 0.061333
2 0.083333 0.232333 0.102667 0.135333
2 0.227333 0.132667 0.114667 0.121333
2 0.209667 0.258667 0.144667 0.149333
2 0.201333 0.358667 0.088000 0.080000
2 0.317000 0.380667 0.158000 0.150667
2 0.323667 0.254667 0.111333 0.126667
2 0.336667 0.155667 0.086667 0.100667
2 0.466333 0.047667 0.088667 0.094000
2 0.561667 0.053333 0.075333 0.093333
3 0.506667 0.153667 0.146667 0.122000
3 0.667333 0.044667 0.116000 0.088000
2 0.630667 0.140667 0.102667 0.109333
2 0.638667 0.255667 0.141333 0.140667
2 0.516333 0.272667 0.123333 0.162667
2 0.421667 0.248667 0.078000 0.092000
3 0.610667 0.382667 0.129333 0.146667
2 0.729333 0.414333 0.113333 0.144667
2 0.725667 0.155667 0.107333 0.116667
3 0.582667 0.465667 0.105333 0.095333
2 0.457000 0.471333 0.098000 0.116000
2 0.146000 0.486333 0.137333 0.150000
2 0.269000 0.519333 0.126000 0.148000
2 0.133333 0.630000 0.176000 0.149333
2 0.033000 0.704000 0.063333 0.088000
2 0.152667 0.750000 0.154667 0.096000
2 0.455333 0.668667 0.110667 0.144000
2 0.551667 0.684333 0.098000 0.095333
2 0.553667 0.772667 0.144667 0.093333
2 0.667333 0.710000 0.086667 0.082667
2 0.537333 0.531000 0.226667 0.203333
2 0.653333 0.595000 0.124000 0.151333
2 0.729000 0.582333 0.094000 0.186000
2 0.780000 0.719667 0.140000 0.120667
2 0.822333 0.620000 0.115333 0.184000
2 0.919000 0.658000 0.099333 0.145333
2 0.919000 0.512333 0.155333 0.142000
2 0.891000 0.403667 0.104667 0.106000
2 0.751333 0.276000 0.105333 0.136000
2 0.869333 0.287667 0.116000 0.123333
2 0.962667 0.308000 0.074667 0.114667
2 0.835000 0.145333 0.110000 0.128000
2 0.776333 0.057000 0.107333 0.090000
2 0.947333 0.171333 0.105333 0.149333
2 0.343667 0.876000 0.098000 0.101333
2 0.373333 0.761333 0.152000 0.160000
2 0.601333 0.895333 0.205333 0.162667
0 0.355667 0.586000 0.135333 0.141333
0 0.078667 0.917333 0.148000 0.165333
0 0.457333 0.835333 0.109333 0.090667
0 0.919000 0.798000 0.091333 0.101333
0 0.423000 0.147333 0.088667 0.121333
0 0.187333 0.692667 0.097333 0.088000
0 0.433333 0.346000 0.077333 0.093333
2 0.365667 0.055667 0.118000 0.110000
2 0.045000 0.494667 0.088667 0.169333
2 0.894000 0.052667 0.136000 0.104000
