2 0.112667 0.070667 0.121333 0.136000
2 0.124000 0.195667 0.086667 0.088667
2 0.097333 0.286667 0.140000 0.108000
2 0.212667 0.236667 0.092000 0.082667
2 0.270333 0.151333 0.170000 0.165333
2 0.409333 0.121667 0.120000 0.150000
2 0.213667 0.340000 0.144667 0.145333
2 0.084667 0.408000 0.148000 0.166667
2 0.383333 0.243333 0.124000 0.112000
2 0.608667 0.049333 0.096000 0.096000
2 0.692667 0.074667 0.088000 0.098667
2 0.605333 0.145333 0.105333 0.108000
1 0.510667 0.149667 0.045333 0.056667
2 0.489000 0.230000 0.107333 0.112000
2 0.592000 0.254000 0.102667 0.126667
2 0.696000 0.263667 0.086667 0.099333
2 0.703000 0.157667 0.108667 0.108667
2 0.599333 0.351000 0.102667 0.087333
2 0.485000 0.336333 0.124667 0.110000
2 0.362000 0.366000 0.142667 0.157333
2 0.261667 0.433667 0.155333 0.132667
2 0.455667 0.473000 0.094000 0.095333
2 0.571000 0.456000 0.136667 0.120000
2 0.680000 0.435667 0.109333 0.104667
2 0.072667 0.566333 0.089333 0.084667
2 0.153333 0.564000 0.102667 0.149333
2 0.121000 0.646000 0.058000 0.058667
2 0.189333 0.660000 0.068000 0.081333
2 0.252333 0.551667 0.147333 0.136667
2 0.368667 0.534333 0.093333 0.102000
2 0.672333 0.548000 0.150000 0.132000
2 0.558000 0.560000 0.098667 0.097333
2 0.453333 0.572000 0.085333 0.110667
2 0.265333 0.646667 0.077333 0.086667
2 0.351333 0.644000 0.128000 0.122667
2 0.530333 0.663333 0.151333 0.113333
2 0.649000 0.677667 0.106000 0.126000
2 0.135000 0.761667 0.152667 0.183333
2 0.258667 0.762000 0.112000 0.124000
1 0.342333 0.735000 0.118000 0.092667
2 0.214667 0.860333 0.124000 0.128667
2 0.148000 0.892667 0.081333 0.072000
2 0.527667 0.757333 0.156667 0.140000
2 0.353000 0.832667 0.146000 0.138667
2 0.063000 0.955000 0.094000 0.087333
2 0.038667 0.838333 0.076000 0.087333
2 0.516000 0.854333 0.080000 0.084667
2 0.461667 0.898667 0.040667 0.052000
2 0.495667 0.951000 0.156667 0.098000
2 0.629333 0.934667 0.117333 0.106667
2 0.629667 0.831333 0.088667 0.113333
2 0.713000 0.841333 0.116667 0.108000
2 0.843333 0.875667 0.126667 0.154000
2 0.939000 0.916667 0.115333 0.138667
2 0.936333 0.799333 0.092667 0.104000
2 0.848667 0.748333 0.101333 0.096667
2 0.732667 0.748000 0.134667 0.100000
2 0.954333 0.677333 0.087333 0.136000
2 0.867000 0.653667 0.110000 0.095333
2 0.759000 0.638333 0.120667 0.120667
3 0.824667 0.558333 0.149333 0.134000
2 0.775667 0.458000 0.094000 0.090667
2 0.769000 0.354333 0.159333 0.136667
2 0.878333 0.408667 0.115333 0.125333
2 0.902667 0.308667 0.106667 0.096000
2 0.793333 0.243667 0.117333 0.099333
2 0.780333 0.151333 0.058000 0.072000
2 0.897000 0.228333 0.086000 0.075333
2 0.916333 0.129667 0.102000 0.108667
2 0.806000 0.057667 0.125333 0.112667
2 0.906667 0.046667 0.088000 0.090667
0 0.154333 0.482000 0.088667 0.086667
0 0.036000 0.510333 0.070667 0.071333
0 0.929667 0.576333 0.063333 0.062000
2 0.496000 0.060000 0.157333 0.118667
2 0.316667 0.045667 0.138667 0.090000
2 0.200000 0.035000 0.113333 0.068667
2 0.037333 0.170000 0.073333 0.156000
2 0.338000 0.946667 0.173333 0.106667
2 0.970333 0.378333 0.059333 0.094000
