3 0.353333 0.076000 0.098667 0.145333
3 0.445333 0.099000 0.070667 0.059333
2 0.193000 0.136333 0.131333 0.118000
2 0.152667 0.237667 0.136000 0.159333
3 0.093333 0.307667 0.078667 0.067333
3 0.268333 0.222333 0.111333 0.134000
2 0.245000 0.323333 0.131333 0.110667
2 0.371333 0.251667 0.097333 0.103333
2 0.363667 0.350667 0.120667 0.124000
3 0.451333 0.374000 0.068000 0.058667
3 0.069000 0.396333 0.119333 0.130000
2 0.219000 0.417667 0.102000 0.099333
3 0.539667 0.303000 0.114000 0.084667
2 0.554000 0.177333 0.137333 0.170667
2 0.680000 0.191667 0.134667 0.178000
3 0.741667 0.132667 0.083333 0.116000
3 0.760000 0.240667 0.062667 0.062667
3 0.744667 0.302667 0.076000 0.066667
3 0.621333 0.392000 0.112000 0.096000
2 0.646333 0.298000 0.120667 0.100000
3 0.509333 0.455667 0.125333 0.175333
3 0.424333 0.527000 0.042000 0.043333
3 0.487000 0.553000 0.063333 0.055333
3 0.086333 0.484667 0.051333 0.049333
2 0.158667 0.479333 0.110667 0.164000
2 0.237333 0.521667 0.088000 0.098000
2 0.329333 0.521000 0.110667 0.162000
3 0.346000 0.441333 0.042667 0.037333
3 0.371000 0.504333 0.026000 0.032667
2 0.568333 0.566667 0.062000 0.056000
3 0.723000 0.573333 0.091333 0.076000
2 0.608000 0.491333 0.096000 0.126667
2 0.712667 0.489667 0.120000 0.112667
2 0.103000 0.602333 0.130000 0.118000
2 0.207000 0.606000 0.072667 0.073333
3 0.055000 0.662333 0.031333 0.035333
2 0.114667 0.691667 0.086667 0.084667
2 0.186667 0.697667 0.084000 0.080667
2 0.324000 0.655333 0.029333 0.037333
3 0.383333 0.635000 0.098667 0.122000
2 0.463667 0.653333 0.084667 0.148000
3 0.511667 0.604000 0.026000 0.030667
2 0.566667 0.657000 0.125333 0.134000
2 0.674333 0.663000 0.106000 0.124667
2 0.637000 0.741333 0.086000 0.080000
2 0.541000 0.755333 0.063333 0.069333
2 0.368667 0.747667 0.112000 0.107333
2 0.267000 0.726333 0.136667 0.134000
2 0.283000 0.807667 0.043333 0.054000
2 0.328000 0.827000 0.076000 0.070000
2 0.120667 0.805000 0.065333 0.059333
2 0.143667 0.886333 0.135333 0.147333
2 0.281667 0.923667 0.167333 0.146000
2 0.422667 0.914333 0.113333 0.128667
3 0.608000 0.816333 0.098667 0.088667
3 0.542667 0.896667 0.124000 0.140000
2 0.626667 0.869667 0.041333 0.028667
2 0.634667 0.924000 0.070667 0.100000
2 0.708667 0.914000 0.089333 0.110667
2 0.716333 0.829667 0.111333 0.102000
2 0.730667 0.750333 0.097333 0.110000
2 0.815000 0.753333 0.088667 0.104000
3 0.787000 0.911000 0.068667 0.098000
3 0.869333 0.920333 0.077333 0.087333
2 0.915667 0.768667 0.116667 0.129333
2 0.919000 0.681000 0.064667 0.070000
2 0.892333 0.586000 0.119333 0.121333
2 0.834333 0.653000 0.119333 0.138000
2 0.879667 0.509000 0.052667 0.048667
3 0.789333 0.511000 0.058667 0.078000
3 0.736667 0.393333 0.118667 0.108000
2 0.841667 0.421667 0.132667 0.142000
2 0.940000 0.405000 0.120000 0.148667
2 0.836333 0.308667 0.112667 0.096000
2 0.850000 0.222667 0.122667 0.097333
2 0.948333 0.223333 0.095333 0.105333
2 0.848667 0.115667 0.126667 0.142000
0 0.102667 0.136333 0.086667 0.079333
0 0.431000 0.164667 0.084667 0.086667
0 0.647333 0.058667 0.089333 0.085333
0 0.730333 0.054000 0.102000 0.106667
0 0.294667 0.634333 0.078667 0.080667
0 0.420000 0.825667 0.088000 0.096667
0 0.911000 0.043667 0.103333 0.086000
0 0.070333 0.855333 0.072667 0.085333
3 0.250667 0.060667 0.129333 0.120000
3 0.533333 0.049333 0.128000 0.097333
3 0.039333 0.773333 0.077333 0.097333
3 0.929000 0.916333 0.139333 0.167333
2 0.965333 0.629000 0.069333 0.098000
3 0.951667 0.515333 0.096667 0.129333
2 0.974333 0.107333 0.051333 0.077333
