3 0.128000 0.154333 0.042667 0.058000
2 0.274667 0.158000 0.125333 0.124000
2 0.411000 0.132667 0.139333 0.122667
2 0.523000 0.120000 0.088667 0.085333
2 0.500000 0.213000 0.110667 0.112667
2 0.379333 0.242667 0.153333 0.133333
2 0.345000 0.349667 0.120667 0.120667
3 0.177333 0.219333 0.084000 0.070667
2 0.148000 0.310000 0.192000 0.134667
2 0.110000 0.436667 0.110667 0.125333
2 0.439667 0.405000 0.155333 0.171333
2 0.689333 0.126000 0.072000 0.080000
2 0.674000 0.240333 0.189333 0.174000
2 0.669333 0.330333 0.078667 0.067333
2 0.574000 0.302667 0.084000 0.072000
2 0.622667 0.445000 0.032000 0.052667
2 0.668000 0.430333 0.088000 0.091333
2 0.576667 0.388333 0.120000 0.107333
2 0.323333 0.487333 0.081333 0.122667
2 0.413000 0.509000 0.088667 0.087333
2 0.546333 0.524667 0.111333 0.149333
2 0.648000 0.544667 0.104000 0.134667
2 0.710000 0.549667 0.037333 0.044667
2 0.199333 0.488000 0.162667 0.192000
2 0.192000 0.633333 0.154667 0.129333
2 0.059000 0.660333 0.112667 0.128667
2 0.496667 0.622000 0.130667 0.128000
2 0.374333 0.684000 0.140667 0.137333
2 0.601333 0.727333 0.150667 0.142667
2 0.570333 0.837667 0.094000 0.098000
2 0.126000 0.812667 0.089333 0.116000
2 0.042000 0.791000 0.082667 0.135333
2 0.215333 0.835333 0.134667 0.190667
2 0.329000 0.838000 0.128667 0.200000
2 0.461333 0.802667 0.114667 0.177333
2 0.730000 0.845667 0.190667 0.172667
2 0.864000 0.816667 0.170667 0.181333
2 0.874333 0.667667 0.108667 0.114000
2 0.764667 0.642000 0.114667 0.158667
2 0.823667 0.585000 0.122000 0.112667
2 0.828000 0.485333 0.148000 0.110667
2 0.934333 0.469333 0.071333 0.090667
2 0.758000 0.367667 0.117333 0.146000
2 0.864667 0.364000 0.106667 0.140000
2 0.773667 0.290667 0.063333 0.053333
2 0.795333 0.224333 0.076000 0.082000
2 0.897333 0.202667 0.118667 0.160000
2 0.869000 0.280667 0.066000 0.061333
2 0.698333 0.048333 0.130000 0.090000
2 0.827000 0.105000 0.136667 0.123333
2 0.942333 0.063000 0.099333 0.099333
2 0.096667 0.925000 0.101333 0.110000
2 0.204667 0.951000 0.060000 0.062000
2 0.437333 0.934333 0.094667 0.095333
2 0.536667 0.937000 0.137333 0.120667
2 0.842333 0.939333 0.079333 0.084000
3 0.934000 0.898667 0.098667 0.134667
0 0.271667 0.288333 0.064667 0.100667
0 0.109000 0.067000 0.040667 0.054000
0 0.616000 0.878333 0.082667 0.087333
0 0.668333 0.656667 0.143333 0.113333
0 0.947667 0.621333 0.104667 0.124000
0 0.726000 0.481000 0.076000 0.087333
2 0.313000 0.057000 0.226000 0.112667
2 0.312000 0.956667 0.173333 0.086667
2 0.726333 0.944000 0.150000 0.112000
2 0.949667 0.361000 0.100667 0.135333
2 0.962333 0.196000 0.075333 0.178667
