2 0.092000 0.079667 0.094667 0.123333
2 0.170667 0.071333 0.096000 0.122667
2 0.264667 0.063000 0.093333 0.112667
2 0.173333 0.155333 0.072000 0.066667
2 0.249333 0.168000 0.120000 0.117333
2 0.356000 0.090667 0.094667 0.090667
2 0.452333 0.088667 0.076667 0.094667
2 0.335000 0.174000 0.079333 0.094667
2 0.422667 0.183333 0.117333 0.114667
2 0.533667 0.186000 0.108667 0.106667
2 0.631000 0.211333 0.066000 0.072000
2 0.691000 0.132333 0.096667 0.102000
2 0.736667 0.042000 0.070667 0.081333
2 0.656000 0.056667 0.088000 0.112000
2 0.552333 0.296000 0.115333 0.116000
2 0.453000 0.285333 0.092667 0.101333
2 0.368667 0.289333 0.081333 0.113333
2 0.283333 0.262667 0.078667 0.096000
2 0.202667 0.254333 0.085333 0.087333
3 0.090000 0.296667 0.106667 0.106667
3 0.046333 0.393333 0.091333 0.136000
3 0.129667 0.393333 0.091333 0.108000
3 0.228667 0.410000 0.110667 0.096000
3 0.314333 0.428333 0.064667 0.070000
2 0.265667 0.339667 0.123333 0.096667
2 0.456667 0.380000 0.102667 0.092000
3 0.556667 0.400667 0.076000 0.080000
2 0.667000 0.398667 0.114000 0.125333
3 0.745333 0.421333 0.054667 0.060000
3 0.663333 0.486333 0.074667 0.072667
3 0.572333 0.492000 0.083333 0.110667
2 0.480000 0.464000 0.125333 0.101333
3 0.103667 0.484667 0.092667 0.086667
3 0.186000 0.491333 0.085333 0.086667
3 0.274333 0.515000 0.092667 0.106000
3 0.357333 0.513667 0.097333 0.112667
3 0.435333 0.535333 0.084000 0.109333
3 0.519667 0.557333 0.100667 0.114667
2 0.650667 0.580333 0.128000 0.103333
3 0.453333 0.630667 0.052000 0.056000
3 0.162333 0.579333 0.099333 0.108000
2 0.068333 0.559667 0.095333 0.134000
3 0.294667 0.612333 0.045333 0.048667
2 0.369667 0.608000 0.110000 0.092000
2 0.365667 0.661667 0.030000 0.032667
2 0.579333 0.639667 0.108000 0.092667
2 0.663000 0.673333 0.070000 0.082667
2 0.739000 0.693667 0.092667 0.119333
3 0.749000 0.770667 0.032667 0.044000
2 0.616000 0.755000 0.124000 0.134000
2 0.471667 0.715333 0.108667 0.113333
2 0.386667 0.709000 0.064000 0.091333
2 0.376333 0.767333 0.044667 0.033333
3 0.320000 0.693667 0.070667 0.084667
3 0.467000 0.819000 0.142000 0.134000
2 0.239333 0.687667 0.088000 0.092667
3 0.205000 0.737667 0.043333 0.031333
2 0.305333 0.776000 0.106667 0.098667
3 0.084667 0.724000 0.092000 0.096000
3 0.055333 0.805333 0.081333 0.076000
3 0.138000 0.822000 0.078667 0.116000
3 0.224333 0.853000 0.126000 0.147333
2 0.082667 0.899333 0.081333 0.110667
2 0.055667 0.965667 0.070000 0.051333
2 0.339333 0.929000 0.132000 0.142000
2 0.473667 0.948667 0.095333 0.102667
2 0.563333 0.953000 0.102667 0.094000
3 0.604000 0.888000 0.097333 0.133333
3 0.703667 0.921333 0.119333 0.144000
3 0.801333 0.946333 0.112000 0.107333
3 0.914000 0.953667 0.112000 0.092667
2 0.918333 0.876000 0.110000 0.109333
3 0.805333 0.847667 0.116000 0.100667
3 0.919667 0.711000 0.071333 0.092667
2 0.838667 0.702000 0.114667 0.130667
3 0.794333 0.601667 0.059333 0.072667
3 0.892000 0.618000 0.105333 0.102667
3 0.846000 0.523000 0.080000 0.076667
2 0.752333 0.500333 0.086000 0.082000
2 0.868000 0.443000 0.121333 0.106000
3 0.795000 0.330333 0.084667 0.079333
2 0.903667 0.356667 0.110000 0.106667
2 0.803333 0.238000 0.116000 0.100000
2 0.875333 0.173333 0.085333 0.085333
3 0.957667 0.191667 0.083333 0.094000
3 0.960667 0.277333 0.078667 0.074667
3 0.910667 0.092000 0.044000 0.066667
2 0.829333 0.076333 0.148000 0.151333
0 0.518333 0.103000 0.068667 0.088667
0 0.962333 0.447000 0.075333 0.110000
0 0.644667 0.290000 0.090667 0.090667
0 0.546000 0.785667 0.062667 0.072667
0 0.807333 0.786667 0.044000 0.050667
0 0.231000 0.955667 0.094000 0.088667
0 0.612333 0.155333 0.075333 0.056000
0 0.695000 0.218333 0.071333 0.071333
0 0.095333 0.168667 0.065333 0.093333
0 0.378667 0.810333 0.057333 0.055333
0 0.322667 0.845333 0.066667 0.068000
3 0.954333 0.821667 0.091333 0.142000
2 0.960000 0.628000 0.074667 0.133333
