2 0.084667 0.163667 0.157333 0.166000
2 0.259667 0.118667 0.216667 0.210667
2 0.390000 0.203667 0.105333 0.094000
2 0.481000 0.202333 0.083333 0.058000
1 0.379333 0.079333 0.085333 0.109333
2 0.471667 0.109333 0.150000 0.165333
2 0.587333 0.111000 0.077333 0.067333
1 0.709000 0.074333 0.098000 0.140667
2 0.589667 0.471333 0.062000 0.084000
2 0.147667 0.532333 0.138000 0.174000
2 0.258667 0.523333 0.100000 0.116000
2 0.363000 0.515333 0.122000 0.130667
2 0.495667 0.483000 0.159333 0.199333
2 0.593667 0.476333 0.070000 0.087333
2 0.692333 0.448667 0.163333 0.178667
1 0.070333 0.687000 0.138000 0.186000
1 0.170000 0.672000 0.108000 0.129333
1 0.268333 0.649333 0.152667 0.146667
1 0.418333 0.609333 0.183333 0.152000
1 0.228667 0.766667 0.097333 0.116000
1 0.338000 0.743667 0.108000 0.103333
1 0.443333 0.728000 0.125333 0.130667
1 0.554667 0.678333 0.109333 0.144667
2 0.609333 0.575000 0.140000 0.124667
1 0.652000 0.679667 0.121333 0.114000
1 0.659667 0.788667 0.115333 0.140000
1 0.730000 0.853000 0.105333 0.102000
1 0.645333 0.879000 0.078667 0.059333
1 0.577000 0.797667 0.108667 0.115333
1 0.639333 0.935000 0.120000 0.115333
2 0.488667 0.809000 0.072000 0.052667
2 0.374333 0.845667 0.178000 0.131333
2 0.443000 0.931000 0.092667 0.092667
2 0.332000 0.944000 0.096000 0.112000
2 0.225333 0.934000 0.114667 0.129333
2 0.104667 0.868333 0.133333 0.142000
1 0.796667 0.912667 0.104000 0.096000
1 0.930333 0.915333 0.139333 0.124000
2 0.933333 0.811333 0.104000 0.122667
1 0.833333 0.829333 0.106667 0.106667
2 0.764667 0.767333 0.125333 0.120000
1 0.873333 0.712000 0.144000 0.112000
2 0.744000 0.626000 0.126667 0.161333
1 0.849333 0.608000 0.125333 0.122667
1 0.957667 0.714000 0.084667 0.113333
1 0.785000 0.527333 0.134000 0.106667
1 0.915333 0.500333 0.166667 0.126000
1 0.955667 0.597333 0.088667 0.109333
2 0.792333 0.418333 0.076667 0.075333
2 0.888667 0.398667 0.120000 0.121333
2 0.800333 0.071333 0.075333 0.092000
2 0.910333 0.072333 0.146000 0.142000
1 0.524667 0.900667 0.126667 0.130667
0 0.088667 0.035667 0.073333 0.070000
0 0.210667 0.842333 0.144000 0.096667
2 0.047667 0.537000 0.094000 0.174000
2 0.756333 0.956667 0.123333 0.086667
2 0.966000 0.397000 0.065333 0.119333
2 0.622667 0.042000 0.125333 0.082667
