2 0.133667 0.117667 0.135333 0.124667
2 0.099667 0.201667 0.134000 0.128667
2 0.046000 0.078667 0.066667 0.072000
2 0.352667 0.434333 0.137333 0.130000
2 0.289000 0.526000 0.152667 0.142667
2 0.446333 0.494333 0.123333 0.115333
2 0.225333 0.606333 0.134667 0.155333
2 0.383000 0.603000 0.159333 0.151333
2 0.514333 0.590000 0.123333 0.136000
2 0.641667 0.608333 0.140667 0.139333
2 0.431667 0.677667 0.142000 0.118000
2 0.297333 0.691000 0.121333 0.115333
2 0.090333 0.754667 0.178000 0.158667
2 0.230667 0.755667 0.122667 0.146000
2 0.304333 0.818000 0.112667 0.130667
1 0.456000 0.770333 0.130667 0.114000
2 0.557333 0.713000 0.144000 0.143333
2 0.652000 0.762667 0.128000 0.142667
2 0.707000 0.802667 0.106000 0.137333
1 0.554000 0.825333 0.101333 0.097333
2 0.041333 0.842667 0.081333 0.134667
2 0.096000 0.916333 0.108000 0.107333
2 0.217667 0.904667 0.144667 0.134667
2 0.394667 0.858000 0.132000 0.138667
2 0.491333 0.908667 0.117333 0.152000
2 0.421000 0.944667 0.040667 0.042667
1 0.606000 0.909667 0.114667 0.140667
2 0.673333 0.951667 0.077333 0.080667
1 0.728667 0.896667 0.085333 0.080000
2 0.801333 0.826333 0.084000 0.104667
2 0.899000 0.873333 0.142000 0.142667
2 0.796333 0.921000 0.086000 0.107333
0 0.477667 0.373667 0.076667 0.072667
0 0.484667 0.453333 0.074667 0.070667
0 0.581667 0.495000 0.091333 0.088667
0 0.573667 0.412000 0.099333 0.097333
0 0.516000 0.303000 0.125333 0.092667
0 0.558333 0.202000 0.096667 0.097333
0 0.646333 0.238333 0.103333 0.096667
0 0.656667 0.175667 0.082667 0.072667
0 0.674667 0.068667 0.106667 0.101333
0 0.825667 0.056000 0.107333 0.110667
0 0.932000 0.082667 0.109333 0.109333
0 0.850333 0.147333 0.115333 0.109333
0 0.837333 0.247667 0.109333 0.119333
0 0.809000 0.325000 0.068667 0.068667
0 0.738333 0.290000 0.088667 0.110667
0 0.628000 0.335333 0.086667 0.093333
0 0.701667 0.368667 0.080667 0.082667
0 0.785667 0.396000 0.103333 0.089333
0 0.673667 0.518000 0.084667 0.094667
0 0.684667 0.652333 0.070667 0.064667
0 0.751333 0.706000 0.098667 0.098667
0 0.818000 0.749667 0.082667 0.096667
0 0.899000 0.674667 0.099333 0.097333
0 0.745333 0.556667 0.102667 0.078667
0 0.814000 0.622333 0.090667 0.092667
0 0.937333 0.621333 0.082667 0.078667
0 0.842333 0.507000 0.091333 0.080667
0 0.883667 0.434333 0.084667 0.080667
0 0.886667 0.365667 0.102667 0.088667
0 0.953000 0.292333 0.094000 0.095333
0 0.941333 0.535333 0.102667 0.093333
0 0.964000 0.432667 0.072000 0.149333
0 0.904667 0.790667 0.070667 0.074667
0 0.975333 0.742000 0.049333 0.076000
0 0.286333 0.048667 0.106000 0.096000
0 0.234000 0.132333 0.074667 0.075333
0 0.759333 0.459667 0.050667 0.050000
2 0.882000 0.958333 0.130667 0.080667
2 0.969333 0.954000 0.061333 0.092000
