0 0.867000 0.296000 0.191333 0.188000
0 0.792333 0.169667 0.175333 0.178000
0 0.588333 0.103333 0.260667 0.205333
0 0.421667 0.257667 0.186000 0.260667
0 0.552000 0.271667 0.176000 0.167333
0 0.647667 0.432333 0.311333 0.275333
0 0.505333 0.403000 0.106667 0.115333
0 0.332667 0.453333 0.306667 0.200000
0 0.281333 0.265667 0.192000 0.208667
0 0.186333 0.157333 0.143333 0.149333
0 0.108333 0.235333 0.174000 0.160000
0 0.119667 0.464667 0.135333 0.125333
0 0.364000 0.670667 0.164000 0.165333
0 0.485333 0.600000 0.168000 0.189333
0 0.908333 0.486667 0.166000 0.157333
0 0.471000 0.825333 0.159333 0.156000
0 0.877333 0.725667 0.245333 0.326000
0 0.730667 0.619000 0.109333 0.115333
0 0.197333 0.867667 0.246667 0.252667
