2 0.159333 0.340333 0.093333 0.088667
2 0.057000 0.321000 0.112667 0.152667
2 0.057333 0.454667 0.108000 0.118667
2 0.178667 0.482333 0.156000 0.184667
2 0.107000 0.551000 0.064667 0.067333
2 0.326667 0.497667 0.130667 0.126000
3 0.301667 0.617667 0.147333 0.088667
2 0.360667 0.734000 0.096000 0.137333
2 0.255667 0.713667 0.106000 0.146000
2 0.156000 0.676333 0.145333 0.166000
2 0.270667 0.848333 0.118667 0.116667
0 0.843667 0.760667 0.206000 0.204000
0 0.897333 0.594000 0.172000 0.165333
0 0.735000 0.630333 0.198000 0.210000
0 0.634667 0.776667 0.204000 0.224000
0 0.505333 0.891000 0.172000 0.162000
0 0.471000 0.747333 0.151333 0.153333
0 0.582000 0.420333 0.228000 0.226000
0 0.786000 0.279667 0.196000 0.236667
0 0.807333 0.461667 0.117333 0.119333
0 0.604667 0.062000 0.216000 0.122667
0 0.497333 0.602000 0.136000 0.137333
0 0.595333 0.589000 0.101333 0.139333
0 0.403333 0.873667 0.129333 0.155333
0 0.584000 0.228333 0.220000 0.186000
