2 0.153333 0.086667 0.065333 0.064000
2 0.201000 0.032000 0.043333 0.036000
2 0.354667 0.110333 0.210667 0.203333
2 0.445667 0.280667 0.139333 0.164000
3 0.534333 0.280000 0.064667 0.069333
2 0.320667 0.291667 0.097333 0.110000
2 0.127333 0.344333 0.146667 0.140667
2 0.109000 0.444667 0.127333 0.102667
1 0.550667 0.062333 0.061333 0.059333
3 0.540333 0.124667 0.036667 0.040000
2 0.642000 0.061000 0.140000 0.115333
2 0.622667 0.178667 0.148000 0.120000
2 0.741333 0.187333 0.069333 0.058667
2 0.734333 0.281000 0.086000 0.079333
2 0.632333 0.284333 0.131333 0.110000
2 0.409000 0.401333 0.095333 0.108000
2 0.507000 0.398667 0.084667 0.082667
2 0.598000 0.389667 0.141333 0.164667
2 0.715667 0.406000 0.134000 0.161333
2 0.295667 0.480667 0.134000 0.136000
2 0.264333 0.582667 0.066000 0.069333
2 0.160333 0.548000 0.127333 0.148000
2 0.062667 0.587667 0.117333 0.160667
2 0.221000 0.685667 0.176667 0.139333
2 0.371333 0.598667 0.102667 0.114667
2 0.392333 0.493333 0.072667 0.077333
2 0.497333 0.565333 0.134667 0.150667
2 0.647333 0.562667 0.138667 0.129333
2 0.626000 0.661333 0.132000 0.110667
2 0.601667 0.741333 0.080667 0.077333
3 0.447667 0.723667 0.099333 0.114000
3 0.050667 0.754000 0.046667 0.060000
2 0.191667 0.799667 0.110000 0.098000
2 0.331667 0.776667 0.136667 0.156000
2 0.738333 0.759000 0.152667 0.116667
2 0.715333 0.838667 0.070667 0.061333
2 0.752333 0.642000 0.122000 0.144000
2 0.855333 0.701000 0.100000 0.120667
2 0.826667 0.815333 0.093333 0.106667
2 0.918000 0.825000 0.146667 0.156667
2 0.941333 0.703667 0.090667 0.104667
2 0.954000 0.583667 0.090667 0.147333
2 0.857333 0.572000 0.136000 0.141333
2 0.785000 0.459667 0.123333 0.118000
2 0.900333 0.470000 0.083333 0.076000
2 0.970333 0.452000 0.059333 0.082667
2 0.905000 0.370667 0.167333 0.124000
2 0.826333 0.294667 0.071333 0.065333
2 0.933000 0.252333 0.124667 0.111333
2 0.771333 0.078667 0.129333 0.152000
2 0.838333 0.200000 0.123333 0.138667
2 0.876000 0.087667 0.102667 0.132667
2 0.948667 0.125333 0.102667 0.170667
3 0.101667 0.827000 0.088667 0.079333
2 0.297667 0.889667 0.151333 0.128667
2 0.419667 0.844667 0.114000 0.140000
2 0.501667 0.936333 0.074000 0.091333
2 0.592000 0.948333 0.102667 0.082000
2 0.595000 0.873000 0.194000 0.192667
2 0.695000 0.903333 0.068667 0.065333
2 0.787667 0.873000 0.058000 0.058000
0 0.253333 0.297000 0.117333 0.120667
0 0.151333 0.268667 0.110667 0.105333
0 0.193000 0.903000 0.052667 0.084667
0 0.487333 0.189333 0.084000 0.092000
0 0.523000 0.035000 0.075333 0.068667
2 0.091000 0.927000 0.175333 0.146000
2 0.947333 0.941667 0.105333 0.112667
2 0.035667 0.394333 0.070000 0.156667
