2 0.093667 0.026000 0.064667 0.050667
2 0.071000 0.078333 0.088667 0.091333
2 0.021667 0.171667 0.042000 0.070000
2 0.072000 0.166000 0.077333 0.096000
2 0.160667 0.076667 0.109333 0.100000
2 0.265667 0.082333 0.091333 0.092667
2 0.168000 0.155000 0.108000 0.107333
2 0.211667 0.178667 0.035333 0.038667
2 0.273000 0.164000 0.100667 0.130667
2 0.356000 0.163333 0.074667 0.081333
2 0.439333 0.156667 0.089333 0.110667
2 0.492333 0.203333 0.080667 0.090667
2 0.591667 0.218333 0.098000 0.106000
2 0.619000 0.128667 0.144667 0.097333
2 0.686333 0.203667 0.098000 0.108667
2 0.719333 0.293333 0.121333 0.110667
2 0.718000 0.375667 0.077333 0.062000
2 0.617000 0.346667 0.132667 0.156000
2 0.564667 0.432333 0.112000 0.107333
2 0.469667 0.425000 0.075333 0.082000
2 0.504000 0.338667 0.120000 0.161333
2 0.392667 0.320000 0.124000 0.112000
2 0.389667 0.235333 0.130000 0.098667
2 0.243000 0.246667 0.130000 0.108000
2 0.152667 0.270000 0.093333 0.125333
2 0.185333 0.289667 0.033333 0.042000
2 0.092667 0.335333 0.133333 0.106667
2 0.265333 0.364667 0.130667 0.129333
3 0.365333 0.389000 0.073333 0.063333
2 0.107667 0.433000 0.106000 0.126000
2 0.198667 0.442667 0.085333 0.129333
2 0.293333 0.477333 0.122667 0.112000
2 0.375000 0.497000 0.107333 0.152667
2 0.475000 0.527667 0.108667 0.132667
2 0.569333 0.548333 0.092000 0.130000
2 0.652000 0.556000 0.073333 0.085333
2 0.666667 0.671000 0.130667 0.144667
2 0.742667 0.597000 0.113333 0.139333
2 0.115667 0.510000 0.047333 0.038667
2 0.095333 0.553667 0.102667 0.106000
2 0.193000 0.546000 0.120667 0.102667
2 0.279667 0.575000 0.086000 0.080667
2 0.448333 0.626333 0.130000 0.119333
2 0.406333 0.717000 0.142000 0.128667
2 0.300333 0.665333 0.119333 0.117333
2 0.182333 0.663333 0.135333 0.133333
2 0.087667 0.654000 0.098000 0.114667
2 0.217667 0.762667 0.123333 0.100000
2 0.344333 0.794667 0.142000 0.124000
3 0.129333 0.828667 0.108000 0.133333
2 0.221333 0.877333 0.122667 0.133333
3 0.103333 0.932667 0.081333 0.072000
3 0.471667 0.939333 0.079333 0.082667
2 0.625333 0.881000 0.144000 0.162000
3 0.739000 0.787333 0.067333 0.085333
2 0.533333 0.748000 0.125333 0.154667
2 0.762667 0.693667 0.084000 0.095333
2 0.835333 0.700000 0.061333 0.072000
3 0.925667 0.606333 0.148667 0.112667
2 0.850000 0.509000 0.110667 0.100667
3 0.747000 0.476000 0.083333 0.086667
2 0.953000 0.503667 0.094000 0.088667
2 0.744000 0.149667 0.109333 0.103333
2 0.785000 0.222000 0.087333 0.101333
2 0.890000 0.196000 0.160000 0.145333
2 0.852667 0.296000 0.148000 0.145333
2 0.941667 0.399667 0.116667 0.119333
2 0.824667 0.417000 0.124000 0.108667
2 0.773000 0.026333 0.066000 0.051333
2 0.352667 0.074000 0.077333 0.084000
2 0.468000 0.059000 0.152000 0.116667
0 0.662667 0.470667 0.082667 0.117333
0 0.387667 0.864333 0.083333 0.064667
0 0.466333 0.841667 0.099333 0.135333
0 0.401000 0.918000 0.080667 0.086667
0 0.945333 0.798000 0.098667 0.101333
0 0.772667 0.927333 0.101333 0.109333
0 0.702000 0.915333 0.105333 0.133333
0 0.840333 0.945333 0.083333 0.109333
0 0.844000 0.792000 0.078667 0.113333
0 0.625000 0.778667 0.104667 0.078667
0 0.748333 0.077000 0.112667 0.068667
0 0.207333 0.038000 0.104000 0.074667
0 0.559667 0.648333 0.098000 0.076667
2 0.043000 0.255000 0.084667 0.096667
2 0.026667 0.426667 0.052000 0.088000
2 0.044333 0.829667 0.087333 0.127333
2 0.565000 0.942667 0.116667 0.114667
