2 0.188333 0.129667 0.160667 0.166000
2 0.344667 0.029000 0.080000 0.056667
2 0.332333 0.086333 0.124667 0.112667
2 0.305000 0.168000 0.098000 0.094667
3 0.259000 0.223000 0.068667 0.079333
2 0.160333 0.249000 0.138000 0.139333
2 0.055333 0.286667 0.109333 0.186667
2 0.137667 0.372667 0.108667 0.117333
2 0.237667 0.347667 0.107333 0.098000
2 0.256667 0.441000 0.132000 0.099333
2 0.464000 0.293667 0.126667 0.107333
2 0.497000 0.090333 0.142000 0.144667
2 0.588333 0.148333 0.151333 0.170000
2 0.677333 0.209667 0.094667 0.094000
2 0.704000 0.095333 0.112000 0.122667
2 0.675000 0.297000 0.058000 0.062000
2 0.430333 0.393333 0.094000 0.088000
2 0.541333 0.398333 0.138667 0.122000
2 0.198000 0.533333 0.102667 0.101333
2 0.310333 0.554000 0.114000 0.120000
2 0.410000 0.561333 0.105333 0.109333
3 0.445333 0.485000 0.116000 0.108667
2 0.551000 0.497667 0.132667 0.108667
2 0.661000 0.484667 0.108667 0.154667
2 0.604000 0.612333 0.144000 0.156667
2 0.570667 0.685333 0.081333 0.089333
2 0.649000 0.706333 0.200667 0.143333
2 0.475667 0.682000 0.150000 0.182667
2 0.054000 0.623333 0.105333 0.124000
2 0.152000 0.650000 0.134667 0.188000
2 0.257667 0.671667 0.124667 0.167333
2 0.356000 0.678333 0.102667 0.144667
2 0.234667 0.760333 0.090667 0.070000
2 0.110000 0.748333 0.125333 0.100667
2 0.433667 0.803000 0.139333 0.099333
2 0.241333 0.857333 0.061333 0.084000
2 0.786667 0.730333 0.117333 0.115333
3 0.870667 0.746000 0.080000 0.109333
2 0.671000 0.845667 0.207333 0.183333
2 0.944333 0.768333 0.078000 0.060667
2 0.915333 0.638000 0.097333 0.110667
2 0.824667 0.633333 0.122667 0.141333
2 0.726667 0.616333 0.118667 0.132667
2 0.747333 0.475000 0.114667 0.098000
2 0.781000 0.536667 0.056667 0.054667
2 0.854667 0.513667 0.102667 0.124667
3 0.850333 0.422000 0.071333 0.061333
2 0.762000 0.359333 0.162667 0.160000
2 0.874000 0.358333 0.108000 0.088667
2 0.767333 0.254000 0.086667 0.086667
2 0.872333 0.265333 0.134000 0.102667
2 0.960667 0.335667 0.078667 0.094000
2 0.908333 0.163333 0.131333 0.116000
2 0.784667 0.160333 0.124000 0.108667
2 0.803333 0.057333 0.122667 0.113333
2 0.904333 0.084667 0.116667 0.102667
2 0.556000 0.919000 0.137333 0.162000
2 0.663000 0.956333 0.112667 0.087333
2 0.446000 0.904000 0.104000 0.109333
3 0.338000 0.862000 0.124000 0.137333
2 0.128667 0.870000 0.185333 0.160000
0 0.348333 0.412000 0.100667 0.093333
0 0.611000 0.314000 0.100667 0.094667
0 0.492667 0.226333 0.098667 0.108667
0 0.391667 0.198000 0.143333 0.145333
0 0.298667 0.310333 0.082667 0.115333
0 0.548333 0.825333 0.068667 0.090667
3 0.047667 0.414000 0.094000 0.113333
3 0.068333 0.520333 0.135333 0.124667
2 0.065667 0.954000 0.130000 0.092000
2 0.220333 0.944333 0.162000 0.111333
2 0.785333 0.939000 0.165333 0.122000
2 0.951667 0.899000 0.096667 0.187333
2 0.937667 0.475000 0.124667 0.147333
