3 0.122667 0.092667 0.080000 0.092000
3 0.421333 0.058667 0.101333 0.081333
2 0.405667 0.138667 0.118000 0.097333
3 0.493667 0.142000 0.064667 0.072000
3 0.590333 0.032667 0.056667 0.064000
3 0.744667 0.119333 0.045333 0.050667
3 0.655667 0.181333 0.054000 0.053333
3 0.552000 0.256667 0.108000 0.101333
2 0.371667 0.208667 0.087333 0.072000
3 0.282667 0.198000 0.065333 0.060000
3 0.185667 0.189333 0.068667 0.072000
3 0.094000 0.245667 0.085333 0.076667
3 0.158000 0.328333 0.073333 0.074000
3 0.263333 0.312333 0.080000 0.079333
3 0.364667 0.290333 0.078667 0.071333
3 0.436667 0.355333 0.077333 0.080000
3 0.522000 0.370333 0.116000 0.106000
3 0.611333 0.409333 0.029333 0.041333
3 0.621333 0.327000 0.076000 0.079333
3 0.693000 0.288667 0.067333 0.064000
3 0.674333 0.375000 0.047333 0.050000
3 0.740000 0.405000 0.042667 0.048667
3 0.095667 0.376667 0.082000 0.082667
3 0.033333 0.411333 0.065333 0.060000
3 0.107333 0.480000 0.106667 0.124000
3 0.236000 0.390667 0.081333 0.090667
3 0.328667 0.418667 0.094667 0.102667
3 0.416333 0.436667 0.091333 0.112000
3 0.510000 0.447667 0.113333 0.096667
2 0.482667 0.519000 0.116000 0.082000
3 0.384667 0.517000 0.072000 0.076667
3 0.308000 0.485667 0.092000 0.082000
3 0.221333 0.476333 0.125333 0.103333
3 0.187333 0.568667 0.105333 0.084000
3 0.296667 0.550667 0.121333 0.093333
3 0.634000 0.559333 0.110667 0.132000
3 0.718333 0.580000 0.071333 0.073333
2 0.467000 0.596333 0.132667 0.106000
3 0.354667 0.640333 0.057333 0.058000
3 0.182000 0.652333 0.086667 0.084667
3 0.279333 0.627667 0.080000 0.063333
3 0.274333 0.686333 0.080667 0.066000
3 0.281000 0.725333 0.031333 0.024000
3 0.263000 0.747000 0.062000 0.050000
3 0.335333 0.725000 0.086667 0.099333
3 0.512333 0.774667 0.067333 0.064000
3 0.302000 0.817667 0.056000 0.046000
2 0.768333 0.634333 0.084667 0.076667
3 0.809333 0.540333 0.104000 0.095333
3 0.834333 0.453667 0.128667 0.139333
3 0.940000 0.438333 0.088000 0.114000
3 0.762667 0.324000 0.061333 0.064000
3 0.843333 0.350667 0.077333 0.066667
3 0.875000 0.254333 0.092667 0.100667
3 0.787667 0.250667 0.082000 0.081333
3 0.823333 0.178667 0.105333 0.080000
3 0.813333 0.090667 0.050667 0.058667
0 0.915667 0.727000 0.168667 0.286000
0 0.613000 0.458667 0.116667 0.101333
0 0.445000 0.228333 0.076667 0.076667
0 0.431667 0.926333 0.219333 0.147333
0 0.105667 0.575667 0.072667 0.080667
0 0.222333 0.089667 0.139333 0.115333
0 0.600000 0.131333 0.094667 0.081333
0 0.687667 0.049333 0.072667 0.082667
0 0.937667 0.080000 0.124667 0.158667
0 0.035333 0.114333 0.069333 0.070000
3 0.316000 0.038667 0.112000 0.076000
