2 0.128667 0.044667 0.106667 0.078667
2 0.068000 0.099667 0.129333 0.126000
2 0.122667 0.207667 0.130667 0.112667
2 0.152667 0.275667 0.085333 0.074000
2 0.101333 0.339000 0.048000 0.042000
2 0.236333 0.232000 0.050000 0.046667
2 0.283000 0.188333 0.067333 0.072667
2 0.236333 0.108667 0.148667 0.157333
2 0.352000 0.120667 0.070667 0.058667
2 0.409000 0.176333 0.115333 0.124667
2 0.336667 0.235333 0.064000 0.070667
2 0.208333 0.335667 0.164667 0.192667
2 0.206333 0.472000 0.064667 0.068000
2 0.275000 0.427667 0.060667 0.052667
2 0.326667 0.466333 0.100000 0.087333
2 0.408667 0.409333 0.066667 0.057333
2 0.334000 0.368667 0.100000 0.108000
3 0.466333 0.385000 0.047333 0.048667
2 0.412333 0.311667 0.095333 0.096667
2 0.477667 0.251333 0.107333 0.104000
2 0.512333 0.314667 0.087333 0.104000
2 0.526333 0.189333 0.063333 0.076000
2 0.582333 0.258667 0.090000 0.080000
3 0.585000 0.147000 0.047333 0.046000
2 0.650333 0.095333 0.095333 0.098667
2 0.698667 0.050333 0.060000 0.062000
3 0.525333 0.094333 0.052000 0.062000
2 0.664000 0.333333 0.077333 0.086667
2 0.734000 0.276333 0.066667 0.055333
2 0.681667 0.428000 0.060667 0.057333
2 0.617667 0.466000 0.134000 0.156000
2 0.621667 0.579667 0.090000 0.078000
2 0.545000 0.523333 0.080667 0.086667
2 0.451667 0.495667 0.091333 0.099333
2 0.089667 0.456667 0.162000 0.130667
2 0.149000 0.533333 0.051333 0.049333
2 0.083667 0.580667 0.112667 0.092000
3 0.123333 0.657667 0.054667 0.055333
3 0.192667 0.747333 0.136000 0.126667
2 0.281000 0.758333 0.048667 0.055333
2 0.288000 0.629667 0.065333 0.063333
3 0.344333 0.709000 0.056667 0.051333
2 0.408333 0.656000 0.140667 0.138667
2 0.471667 0.599333 0.142000 0.136000
3 0.372333 0.565000 0.036667 0.042000
2 0.572667 0.643667 0.080000 0.088667
2 0.731000 0.634000 0.102000 0.146667
2 0.659000 0.679667 0.127333 0.123333
2 0.605000 0.764000 0.110000 0.117333
3 0.681667 0.801000 0.067333 0.062000
2 0.439667 0.761000 0.111333 0.106000
3 0.351333 0.817333 0.110667 0.125333
2 0.089000 0.813333 0.131333 0.133333
2 0.182667 0.878000 0.106667 0.104000
2 0.230000 0.934333 0.048000 0.052667
2 0.312000 0.906000 0.146667 0.121333
2 0.465000 0.880667 0.120667 0.132000
2 0.544000 0.813333 0.117333 0.154667
2 0.643667 0.877333 0.140667 0.101333
2 0.554000 0.932333 0.093333 0.084667
3 0.759000 0.756667 0.067333 0.078667
2 0.786333 0.837667 0.110000 0.106000
2 0.802000 0.699667 0.069333 0.056667
2 0.877667 0.785667 0.120667 0.119333
2 0.890333 0.929000 0.098000 0.118000
2 0.868667 0.663333 0.090667 0.081333
2 0.921000 0.708000 0.051333 0.045333
2 0.797667 0.574000 0.104667 0.108000
2 0.913333 0.609667 0.125333 0.106000
2 0.776333 0.433667 0.156667 0.146000
2 0.859000 0.408000 0.108667 0.100000
3 0.786333 0.219667 0.076667 0.083333
2 0.826000 0.317000 0.125333 0.112667
2 0.906667 0.354333 0.090667 0.082000
2 0.854667 0.164667 0.098667 0.110667
2 0.849000 0.065667 0.107333 0.092667
2 0.930333 0.100333 0.094000 0.087333
2 0.946000 0.196667 0.108000 0.122667
0 0.160000 0.133000 0.086667 0.098000
0 0.284000 0.291333 0.100000 0.097333
0 0.262000 0.031000 0.128000 0.060667
0 0.051000 0.672333 0.100667 0.075333
0 0.096000 0.958333 0.104000 0.083333
0 0.506333 0.700667 0.063333 0.069333
0 0.249333 0.564333 0.120000 0.102000
0 0.585333 0.327000 0.068000 0.072667
0 0.696333 0.185000 0.102000 0.078000
0 0.765333 0.142667 0.062667 0.078667
0 0.886000 0.278667 0.069333 0.074667
0 0.960667 0.381333 0.078667 0.112000
0 0.617000 0.027667 0.066000 0.054000
2 0.487333 0.054333 0.157333 0.107333
2 0.032333 0.382667 0.063333 0.104000
2 0.666667 0.952333 0.113333 0.095333
2 0.812333 0.957333 0.120667 0.085333
2 0.959000 0.554333 0.082000 0.106000
2 0.362667 0.038667 0.104000 0.076000
