2 0.051000 0.053333 0.092667 0.104000
2 0.156667 0.067667 0.136000 0.126000
2 0.067333 0.143000 0.088000 0.092667
2 0.063333 0.171000 0.040000 0.042000
2 0.180000 0.173667 0.102667 0.091333
2 0.271333 0.211333 0.106667 0.122667
2 0.214333 0.271000 0.090000 0.088667
2 0.106333 0.247333 0.154000 0.117333
2 0.100333 0.328000 0.087333 0.066667
3 0.405000 0.139000 0.076667 0.075333
2 0.372333 0.221333 0.096667 0.128000
2 0.460333 0.226667 0.096667 0.125333
2 0.518333 0.148667 0.143333 0.113333
2 0.624333 0.183333 0.098000 0.129333
3 0.695000 0.192000 0.051333 0.068000
2 0.547333 0.240333 0.118667 0.126000
2 0.591667 0.316333 0.088667 0.136667
2 0.693333 0.261667 0.058667 0.051333
2 0.673667 0.303333 0.084667 0.078667
2 0.645000 0.381667 0.110000 0.106000
2 0.735667 0.403000 0.078000 0.086000
2 0.457667 0.330000 0.139333 0.113333
2 0.450000 0.417667 0.082667 0.074000
3 0.374333 0.420667 0.087333 0.116000
3 0.292000 0.377667 0.050667 0.054000
2 0.203333 0.367667 0.097333 0.100667
2 0.181667 0.435333 0.058000 0.050667
2 0.085333 0.417333 0.144000 0.106667
2 0.273333 0.440000 0.104000 0.113333
2 0.719333 0.485000 0.114667 0.092667
2 0.709333 0.554333 0.048000 0.051333
2 0.616667 0.541667 0.088000 0.095333
2 0.533000 0.532333 0.032667 0.036667
2 0.428667 0.517000 0.076000 0.086000
2 0.354667 0.515667 0.073333 0.090000
2 0.073000 0.504667 0.134000 0.114667
2 0.153333 0.543333 0.156000 0.156000
2 0.046000 0.629333 0.090667 0.128000
3 0.257000 0.607333 0.048667 0.042667
2 0.274000 0.548667 0.045333 0.042667
3 0.415333 0.596000 0.121333 0.084000
2 0.232000 0.702333 0.114667 0.144667
2 0.539667 0.628333 0.120667 0.115333
2 0.612667 0.692333 0.084000 0.080667
3 0.507333 0.714667 0.121333 0.116000
2 0.699333 0.636333 0.092000 0.076667
3 0.689333 0.715000 0.068000 0.074000
2 0.405000 0.742667 0.134000 0.142667
3 0.225667 0.848333 0.123333 0.139333
2 0.079000 0.933333 0.111333 0.128000
2 0.546333 0.940000 0.052667 0.046667
2 0.562667 0.875333 0.110667 0.110667
2 0.665000 0.794333 0.131333 0.112667
2 0.691667 0.898333 0.154000 0.115333
2 0.746000 0.967667 0.078667 0.064667
2 0.788333 0.779667 0.134000 0.131333
2 0.942000 0.810000 0.116000 0.130667
2 0.829667 0.492000 0.122000 0.120000
2 0.808333 0.592667 0.103333 0.088000
2 0.787000 0.674667 0.107333 0.085333
2 0.895667 0.650333 0.111333 0.140667
2 0.967000 0.689333 0.064667 0.076000
2 0.765667 0.331000 0.098000 0.086000
2 0.844667 0.371333 0.073333 0.061333
2 0.804333 0.289000 0.106000 0.088667
2 0.793000 0.191667 0.136667 0.116667
2 0.918000 0.313333 0.122667 0.129333
2 0.963667 0.215667 0.072667 0.084667
2 0.894000 0.193667 0.089333 0.122000
2 0.831000 0.101667 0.143333 0.071333
2 0.948333 0.117667 0.103333 0.102000
0 0.285000 0.061000 0.139333 0.120667
0 0.453000 0.084000 0.095333 0.090667
0 0.570000 0.075667 0.114667 0.119333
0 0.848000 0.892000 0.105333 0.098667
0 0.943000 0.892333 0.114000 0.079333
0 0.450333 0.951667 0.140667 0.096667
0 0.429000 0.861667 0.135333 0.127333
0 0.118333 0.683667 0.088667 0.119333
0 0.540667 0.448667 0.105333 0.105333
0 0.289333 0.301000 0.070667 0.076667
0 0.041333 0.875667 0.081333 0.151333
0 0.209333 0.947333 0.145333 0.105333
0 0.307333 0.731333 0.074667 0.097333
2 0.965333 0.582333 0.069333 0.091333
2 0.704667 0.064333 0.157333 0.127333
2 0.927000 0.038667 0.142000 0.076000
