1 0.722000 0.955000 0.080000 0.086000
1 0.792667 0.878000 0.126667 0.120000
1 0.895333 0.930000 0.144000 0.138667
1 0.884000 0.808000 0.081333 0.077333
1 0.901333 0.698000 0.126667 0.144000
1 0.823000 0.782333 0.095333 0.111333
1 0.741667 0.829667 0.080667 0.059333
1 0.680667 0.893667 0.093333 0.122000
1 0.610333 0.907667 0.098000 0.090000
1 0.514333 0.934667 0.138000 0.128000
1 0.490667 0.842333 0.090667 0.080667
1 0.404667 0.894667 0.126667 0.126667
1 0.314000 0.948667 0.096000 0.089333
1 0.281333 0.857667 0.122667 0.148667
2 0.370000 0.822667 0.105333 0.100000
2 0.438000 0.773333 0.058667 0.068000
1 0.357667 0.707333 0.140667 0.148000
2 0.606000 0.829667 0.112000 0.118000
2 0.671333 0.765000 0.117333 0.102000
2 0.773333 0.687000 0.121333 0.131333
2 0.841333 0.591000 0.053333 0.047333
2 0.758333 0.545333 0.130000 0.116000
2 0.668667 0.629667 0.118667 0.123333
1 0.533667 0.756333 0.118000 0.084667
1 0.561333 0.682333 0.174667 0.142000
2 0.521000 0.581000 0.148667 0.150000
1 0.440333 0.668000 0.107333 0.121333
2 0.358000 0.568667 0.136000 0.157333
1 0.262000 0.742000 0.078667 0.102667
2 0.282667 0.515667 0.076000 0.062000
1 0.911333 0.530667 0.174667 0.165333
1 0.648333 0.511667 0.111333 0.107333
1 0.916333 0.413667 0.164667 0.106000
1 0.899000 0.332000 0.127333 0.129333
1 0.789333 0.415667 0.128000 0.142000
2 0.624333 0.395667 0.147333 0.211333
2 0.478667 0.362000 0.144000 0.184000
2 0.717000 0.308667 0.156667 0.150667
1 0.846667 0.245333 0.133333 0.130667
2 0.772667 0.169667 0.116000 0.106000
2 0.285667 0.120667 0.086000 0.094667
2 0.346000 0.058667 0.117333 0.114667
1 0.933333 0.142667 0.130667 0.116000
1 0.855000 0.099000 0.116667 0.114000
1 0.940667 0.044667 0.117333 0.089333
2 0.190000 0.166000 0.168000 0.220000
2 0.114000 0.210333 0.132000 0.142000
2 0.069667 0.102667 0.127333 0.154667
2 0.068667 0.280667 0.137333 0.150667
2 0.188333 0.545000 0.082000 0.092667
2 0.093000 0.603667 0.062000 0.056667
2 0.217000 0.658667 0.119333 0.108000
2 0.098000 0.687000 0.081333 0.080667
1 0.144333 0.784333 0.144667 0.146000
2 0.173667 0.896667 0.099333 0.114667
2 0.056667 0.845000 0.113333 0.130000
1 0.079333 0.934000 0.116000 0.130667
0 0.748667 0.776667 0.062667 0.078667
1 0.949333 0.880333 0.100000 0.148667
1 0.233000 0.965667 0.098000 0.067333
