3 0.234000 0.098000 0.061333 0.078667
2 0.125000 0.116667 0.132667 0.133333
2 0.031333 0.186000 0.061333 0.086667
2 0.114333 0.229333 0.128667 0.093333
2 0.093333 0.318333 0.138667 0.099333
2 0.089667 0.387333 0.052667 0.045333
2 0.199667 0.357667 0.159333 0.139333
2 0.186000 0.458333 0.090667 0.067333
2 0.282333 0.436667 0.068667 0.073333
2 0.367667 0.413000 0.111333 0.122000
2 0.464333 0.354000 0.080667 0.066667
2 0.482000 0.280333 0.088000 0.094000
2 0.404667 0.244333 0.072000 0.087333
2 0.349333 0.215000 0.089333 0.078000
2 0.338667 0.116000 0.124000 0.142667
2 0.457667 0.139667 0.140667 0.131333
2 0.458000 0.045333 0.116000 0.088000
2 0.718333 0.044667 0.108667 0.077333
2 0.675000 0.137000 0.175333 0.150000
2 0.681000 0.228333 0.080667 0.074000
3 0.656000 0.216333 0.024000 0.027333
2 0.578333 0.215000 0.119333 0.115333
2 0.578333 0.313667 0.104667 0.088667
2 0.674000 0.310000 0.102667 0.090667
2 0.658333 0.406333 0.110000 0.115333
2 0.556667 0.412333 0.120000 0.103333
2 0.458333 0.446000 0.126000 0.120000
3 0.349667 0.512333 0.103333 0.087333
2 0.265333 0.508000 0.084000 0.078667
2 0.071667 0.484667 0.140667 0.185333
2 0.158333 0.551667 0.140667 0.102000
2 0.264000 0.611000 0.136000 0.155333
3 0.347667 0.588333 0.050000 0.055333
2 0.132333 0.647333 0.127333 0.114667
2 0.327667 0.674667 0.111333 0.116000
3 0.410333 0.667667 0.068667 0.062000
3 0.400000 0.723000 0.056000 0.052667
2 0.435333 0.586333 0.126667 0.126000
2 0.557333 0.550000 0.121333 0.113333
2 0.710333 0.651000 0.092667 0.078000
2 0.613667 0.651000 0.090000 0.099333
2 0.512667 0.662667 0.132000 0.132000
2 0.573000 0.753333 0.088667 0.084000
2 0.115333 0.756667 0.112000 0.120000
2 0.222000 0.754333 0.100000 0.127333
2 0.195667 0.843000 0.074000 0.064667
2 0.312000 0.796000 0.133333 0.140000
2 0.281667 0.874333 0.090000 0.074000
2 0.388333 0.884333 0.138000 0.143333
2 0.420667 0.779667 0.112000 0.114000
2 0.493000 0.813667 0.078000 0.114000
2 0.576333 0.850667 0.108667 0.120000
2 0.104667 0.891000 0.108000 0.126000
3 0.280667 0.928333 0.042667 0.043333
2 0.737333 0.899667 0.069333 0.070000
2 0.681667 0.788667 0.135333 0.164000
2 0.791000 0.780000 0.118000 0.126667
2 0.836333 0.911000 0.130000 0.118000
2 0.927667 0.877667 0.124667 0.102000
2 0.950000 0.790333 0.094667 0.102000
2 0.886333 0.745000 0.094000 0.096667
2 0.799333 0.668667 0.112000 0.113333
2 0.746000 0.561333 0.136000 0.134667
2 0.904667 0.642333 0.112000 0.088667
2 0.912667 0.542000 0.157333 0.129333
2 0.942667 0.386000 0.096000 0.074667
2 0.777000 0.303333 0.126000 0.113333
2 0.787667 0.211667 0.099333 0.086000
2 0.815333 0.096000 0.106667 0.121333
2 0.909000 0.164000 0.135333 0.132000
2 0.918000 0.052000 0.114667 0.092000
0 0.532667 0.136333 0.113333 0.103333
0 0.583333 0.041667 0.121333 0.082000
0 0.888333 0.436333 0.104667 0.100667
0 0.784000 0.458667 0.086667 0.089333
0 0.683333 0.503000 0.102667 0.100667
0 0.411667 0.320000 0.076667 0.090667
0 0.273000 0.186000 0.107333 0.109333
0 0.291333 0.291667 0.156000 0.131333
0 0.466000 0.891000 0.097333 0.072667
0 0.550667 0.942333 0.109333 0.095333
2 0.906667 0.964667 0.105333 0.070667
3 0.643333 0.951667 0.130667 0.096667
2 0.727000 0.967667 0.068667 0.064667
2 0.038667 0.644000 0.076000 0.105333
2 0.203000 0.960333 0.132667 0.079333
2 0.461000 0.959667 0.096667 0.080667
