2 0.083000 0.656667 0.050000 0.062667
2 0.599333 0.512333 0.082667 0.080667
3 0.574667 0.591667 0.064000 0.066000
3 0.667667 0.633000 0.090000 0.084667
3 0.737000 0.712000 0.071333 0.076000
3 0.626667 0.729667 0.096000 0.098000
3 0.452667 0.679333 0.061333 0.066667
3 0.366000 0.675667 0.050667 0.060667
3 0.265333 0.740000 0.088000 0.085333
3 0.063667 0.754333 0.087333 0.080667
3 0.041333 0.826333 0.066667 0.070000
3 0.120333 0.800000 0.090000 0.086667
3 0.123000 0.882000 0.084667 0.078667
3 0.322000 0.830333 0.077333 0.087333
2 0.223333 0.895000 0.041333 0.035333
3 0.426000 0.794667 0.028000 0.042667
2 0.405000 0.865333 0.034000 0.028000
3 0.531000 0.775667 0.092667 0.092667
2 0.301000 0.918333 0.078000 0.075333
3 0.374333 0.928000 0.054000 0.065333
3 0.492667 0.932333 0.064000 0.098000
3 0.700000 0.852000 0.108000 0.098667
3 0.667667 0.958000 0.082000 0.084000
3 0.852000 0.958667 0.078667 0.082667
3 0.940667 0.962000 0.080000 0.076000
3 0.962333 0.868000 0.058000 0.072000
3 0.895000 0.833000 0.092667 0.112667
3 0.789667 0.752667 0.030000 0.030667
2 0.919333 0.638333 0.037333 0.036667
3 0.754333 0.633667 0.095333 0.088667
0 0.380000 0.153333 0.329333 0.262667
0 0.466333 0.235333 0.198000 0.172000
0 0.483000 0.316000 0.252667 0.228000
0 0.155667 0.462667 0.310000 0.286667
0 0.170000 0.656333 0.110667 0.080667
0 0.531667 0.655667 0.107333 0.155333
0 0.608333 0.845667 0.107333 0.147333
0 0.784000 0.818333 0.086667 0.096667
0 0.788000 0.544667 0.062667 0.078667
0 0.913333 0.512000 0.070667 0.062667
0 0.888333 0.743667 0.088667 0.056667
0 0.046333 0.927667 0.091333 0.138000
3 0.967333 0.799333 0.065333 0.108000
