2 0.158667 0.100000 0.126667 0.108000
2 0.052000 0.077667 0.102667 0.154000
2 0.258000 0.198000 0.140000 0.236000
2 0.116333 0.225333 0.136667 0.120000
2 0.035000 0.269667 0.068667 0.108667
2 0.114667 0.346667 0.161333 0.138667
2 0.365333 0.157667 0.105333 0.175333
2 0.495000 0.116000 0.147333 0.146667
2 0.694667 0.108000 0.145333 0.116000
2 0.695667 0.239000 0.158000 0.154000
3 0.577667 0.228333 0.112667 0.112667
2 0.445000 0.259333 0.155333 0.144000
3 0.428333 0.388333 0.151333 0.130000
2 0.564000 0.345667 0.093333 0.094000
2 0.639667 0.417000 0.132667 0.114000
2 0.102333 0.580333 0.179333 0.216667
2 0.202000 0.574000 0.081333 0.100000
2 0.292333 0.494000 0.171333 0.165333
3 0.417333 0.545000 0.140000 0.144667
3 0.628000 0.532000 0.172000 0.124000
2 0.631000 0.633333 0.160667 0.096000
2 0.631333 0.713667 0.144000 0.076667
2 0.615667 0.795667 0.151333 0.098000
2 0.483333 0.669000 0.165333 0.196667
2 0.381000 0.692667 0.106000 0.132000
2 0.292000 0.621000 0.148000 0.107333
2 0.251667 0.737667 0.154000 0.144667
1 0.128000 0.761333 0.137333 0.162667
2 0.375333 0.806333 0.104000 0.092667
2 0.487333 0.840333 0.105333 0.115333
2 0.737667 0.773000 0.086000 0.090000
2 0.845000 0.821000 0.155333 0.158000
2 0.951333 0.748667 0.093333 0.113333
2 0.846667 0.693333 0.180000 0.114667
3 0.858000 0.583000 0.113333 0.126000
2 0.955667 0.571333 0.088667 0.092000
2 0.755000 0.578667 0.099333 0.086667
2 0.791000 0.425333 0.163333 0.209333
3 0.877333 0.382000 0.094667 0.097333
3 0.883000 0.285000 0.128667 0.098000
2 0.909667 0.201000 0.067333 0.074000
2 0.854333 0.117667 0.172667 0.207333
2 0.115000 0.869000 0.084667 0.071333
2 0.222333 0.891333 0.136667 0.174667
2 0.367667 0.905000 0.162000 0.138000
2 0.624000 0.890667 0.152000 0.134667
2 0.935333 0.874667 0.129333 0.156000
0 0.776667 0.880333 0.145333 0.110000
0 0.955667 0.661667 0.088667 0.092667
0 0.536000 0.435333 0.084000 0.110667
2 0.043333 0.387667 0.085333 0.119333
2 0.485000 0.944667 0.155333 0.110667
2 0.038667 0.875333 0.076000 0.136000
3 0.281000 0.963000 0.108667 0.074000
3 0.950333 0.463333 0.099333 0.150667
3 0.958333 0.353667 0.083333 0.110000
2 0.050000 0.476000 0.096000 0.105333
