2 0.300333 0.473333 0.082000 0.090667
3 0.599000 0.441000 0.058000 0.066000
2 0.697333 0.376667 0.122667 0.093333
2 0.690333 0.471667 0.124667 0.106000
3 0.581000 0.526333 0.062000 0.054000
2 0.502000 0.499000 0.126667 0.134000
2 0.391000 0.494333 0.098000 0.104667
2 0.221000 0.565333 0.064667 0.089333
2 0.296000 0.592333 0.094667 0.116667
2 0.052333 0.562333 0.083333 0.079333
2 0.094667 0.633333 0.097333 0.128000
2 0.187667 0.642000 0.103333 0.134667
2 0.274333 0.678333 0.086000 0.072667
2 0.363000 0.681667 0.088667 0.072667
2 0.399333 0.605000 0.120000 0.126000
2 0.495000 0.620333 0.095333 0.110000
2 0.581000 0.622667 0.090000 0.110667
2 0.656333 0.605333 0.075333 0.072000
2 0.622667 0.703667 0.096000 0.084667
2 0.551333 0.775667 0.065333 0.094000
2 0.456000 0.765000 0.098667 0.134000
2 0.345000 0.779333 0.108667 0.120000
2 0.258000 0.754333 0.070667 0.079333
2 0.177667 0.748000 0.102000 0.082667
2 0.096667 0.726333 0.062667 0.066000
2 0.126000 0.800000 0.068000 0.077333
2 0.201000 0.823333 0.078000 0.081333
2 0.289667 0.853667 0.088667 0.096667
2 0.372333 0.876000 0.079333 0.109333
2 0.469333 0.888000 0.112000 0.116000
2 0.722667 0.804000 0.105333 0.109333
2 0.714000 0.903333 0.084000 0.088000
2 0.185667 0.916000 0.108667 0.116000
2 0.057000 0.951667 0.108667 0.096667
2 0.376333 0.955000 0.106000 0.086000
2 0.482000 0.970667 0.068000 0.058667
2 0.788667 0.746000 0.094667 0.084000
2 0.814333 0.930667 0.115333 0.109333
3 0.900667 0.935000 0.089333 0.086000
3 0.961000 0.857333 0.074000 0.084000
3 0.879000 0.852667 0.096667 0.092000
3 0.880000 0.767667 0.089333 0.091333
3 0.962667 0.767333 0.074667 0.090667
2 0.931000 0.677667 0.127333 0.110000
3 0.834000 0.653667 0.046667 0.051333
2 0.747000 0.638667 0.132667 0.125333
2 0.912000 0.581000 0.108000 0.083333
3 0.752000 0.551333 0.092000 0.066667
2 0.805667 0.459667 0.119333 0.131333
2 0.897000 0.476000 0.075333 0.065333
2 0.921000 0.400000 0.140667 0.090667
2 0.924667 0.318667 0.129333 0.094667
0 0.073667 0.200000 0.146000 0.246667
0 0.235000 0.169667 0.139333 0.206000
0 0.332667 0.095000 0.101333 0.100667
0 0.341000 0.156667 0.080667 0.066667
0 0.407333 0.219000 0.145333 0.127333
0 0.473000 0.095667 0.123333 0.139333
0 0.788000 0.147667 0.082667 0.076667
0 0.226667 0.288000 0.082667 0.078667
0 0.182000 0.482000 0.054667 0.050667
0 0.137667 0.345667 0.095333 0.080667
0 0.052667 0.371667 0.074667 0.108667
0 0.144000 0.546667 0.086667 0.082667
0 0.857667 0.567667 0.076667 0.096667
0 0.796333 0.253667 0.083333 0.119333
2 0.031333 0.638333 0.061333 0.092667
3 0.578333 0.945333 0.115333 0.109333
2 0.967333 0.508000 0.065333 0.106667
