2 0.070000 0.054000 0.138667 0.106667
2 0.242333 0.087667 0.087333 0.092667
2 0.142667 0.138000 0.086667 0.078667
2 0.098333 0.234667 0.136667 0.114667
1 0.227667 0.195333 0.115333 0.125333
2 0.216333 0.306333 0.150000 0.111333
2 0.079000 0.355000 0.126000 0.134000
2 0.161667 0.406000 0.132667 0.116000
2 0.342667 0.218000 0.134667 0.152000
2 0.349667 0.098333 0.144667 0.128667
2 0.508667 0.048000 0.124000 0.094667
2 0.588000 0.094333 0.094667 0.076667
2 0.697333 0.126667 0.122667 0.117333
3 0.642333 0.168000 0.027333 0.029333
2 0.574000 0.198333 0.112000 0.131333
3 0.443333 0.217667 0.082667 0.066000
2 0.470333 0.154667 0.104667 0.093333
2 0.292333 0.412333 0.130000 0.131333
3 0.337000 0.327333 0.052667 0.046667
3 0.417667 0.346667 0.124667 0.126667
3 0.547000 0.300000 0.051333 0.040000
2 0.533667 0.369667 0.116667 0.119333
2 0.611667 0.398333 0.086000 0.162000
2 0.713333 0.350333 0.125333 0.112667
2 0.710667 0.449000 0.118667 0.094000
3 0.669667 0.245667 0.098000 0.115333
2 0.139333 0.500000 0.154667 0.125333
2 0.277667 0.518000 0.123333 0.097333
2 0.396667 0.485667 0.097333 0.142000
2 0.360000 0.588333 0.089333 0.088667
2 0.503000 0.504333 0.132667 0.148667
2 0.496667 0.592000 0.037333 0.038667
3 0.550667 0.618667 0.130667 0.116000
3 0.668667 0.642333 0.101333 0.098000
2 0.619333 0.736000 0.145333 0.126667
2 0.734000 0.732333 0.088000 0.080667
3 0.501000 0.718333 0.094000 0.103333
2 0.403000 0.692667 0.134000 0.128000
3 0.132667 0.594667 0.094667 0.066667
3 0.255333 0.634000 0.156000 0.128000
3 0.081000 0.679000 0.151333 0.116667
3 0.196333 0.739000 0.123333 0.108667
3 0.284000 0.752000 0.049333 0.069333
3 0.157667 0.828667 0.100667 0.077333
2 0.248000 0.862000 0.117333 0.104000
2 0.357333 0.813000 0.106667 0.136667
2 0.472333 0.816667 0.115333 0.102667
2 0.589333 0.839333 0.116000 0.094667
3 0.710000 0.845667 0.124000 0.120667
3 0.664333 0.917333 0.079333 0.072000
2 0.563333 0.911667 0.080000 0.084667
2 0.458333 0.920333 0.126000 0.123333
3 0.056333 0.871667 0.111333 0.122000
2 0.137333 0.926667 0.062667 0.078667
2 0.830333 0.782333 0.122000 0.146000
3 0.897333 0.727333 0.076000 0.094667
2 0.773000 0.633333 0.116667 0.113333
2 0.919667 0.618333 0.160667 0.146000
3 0.673000 0.539000 0.115333 0.095333
2 0.789000 0.533667 0.124667 0.099333
3 0.869333 0.551333 0.042667 0.045333
2 0.820333 0.441000 0.103333 0.092667
2 0.917667 0.469667 0.111333 0.142000
3 0.944667 0.370000 0.057333 0.062667
3 0.759000 0.263333 0.084667 0.077333
2 0.790333 0.172000 0.110000 0.110667
2 0.857667 0.321667 0.168667 0.158000
3 0.886667 0.172000 0.086667 0.110667
2 0.806667 0.061667 0.089333 0.094000
2 0.920333 0.072667 0.135333 0.116000
0 0.593667 0.530333 0.064667 0.095333
0 0.373333 0.960667 0.032000 0.078667
0 0.079333 0.788667 0.050667 0.070667
3 0.047000 0.545667 0.092667 0.147333
3 0.224333 0.949000 0.130000 0.102000
2 0.056000 0.959000 0.109333 0.082000
2 0.883333 0.944000 0.116000 0.112000
2 0.773000 0.932000 0.139333 0.136000
2 0.946667 0.885667 0.106667 0.140667
2 0.721667 0.036667 0.079333 0.072000
