2 0.208000 0.079667 0.136000 0.134000
2 0.071333 0.131667 0.112000 0.091333
2 0.115333 0.209333 0.194667 0.160000
2 0.085667 0.342000 0.168667 0.169333
1 0.185333 0.352000 0.044000 0.041333
2 0.287000 0.333667 0.144667 0.135333
2 0.215667 0.431000 0.114000 0.122000
2 0.287333 0.195000 0.089333 0.091333
2 0.369000 0.108000 0.143333 0.125333
2 0.391333 0.229000 0.126667 0.136667
2 0.406000 0.359667 0.109333 0.110000
2 0.513000 0.289333 0.106000 0.138667
2 0.517000 0.076000 0.099333 0.116000
2 0.567667 0.141333 0.122000 0.146667
2 0.634667 0.064000 0.100000 0.096000
2 0.658333 0.141333 0.074000 0.070667
3 0.731667 0.072667 0.083333 0.072000
2 0.646000 0.282667 0.142667 0.174667
2 0.666667 0.395333 0.126667 0.126667
2 0.305333 0.480667 0.133333 0.146667
2 0.443000 0.496000 0.148667 0.116000
2 0.636000 0.527000 0.178667 0.167333
2 0.115667 0.621000 0.138000 0.170000
2 0.260000 0.586000 0.168000 0.150667
2 0.437333 0.625333 0.173333 0.145333
2 0.414333 0.719000 0.184667 0.123333
2 0.051333 0.790667 0.101333 0.170667
1 0.153333 0.785000 0.117333 0.203333
2 0.238000 0.802333 0.122667 0.230000
2 0.285000 0.937667 0.134000 0.116667
2 0.339333 0.817000 0.113333 0.195333
2 0.429333 0.833000 0.077333 0.114000
2 0.525667 0.816000 0.124667 0.188000
2 0.617667 0.891333 0.142000 0.201333
2 0.745667 0.923333 0.159333 0.150667
2 0.740000 0.789000 0.226667 0.158000
2 0.683000 0.666000 0.226000 0.160000
2 0.851667 0.698667 0.123333 0.124000
2 0.762000 0.430333 0.112000 0.124667
2 0.823333 0.507000 0.137333 0.150000
2 0.924667 0.524667 0.090667 0.104000
2 0.843333 0.348333 0.050667 0.066000
2 0.945667 0.382000 0.108667 0.108000
2 0.759000 0.313667 0.116667 0.114000
2 0.758667 0.243667 0.080000 0.055333
2 0.753333 0.143667 0.110667 0.107333
2 0.846000 0.160333 0.086667 0.086000
2 0.929000 0.180333 0.082000 0.082000
2 0.855333 0.259333 0.090667 0.098667
2 0.908000 0.082333 0.125333 0.108667
2 0.769000 0.026000 0.047333 0.048000
0 0.396333 0.562667 0.123333 0.106667
0 0.902667 0.617000 0.133333 0.119333
0 0.867000 0.793000 0.099333 0.099333
0 0.421333 0.928333 0.121333 0.083333
0 0.935667 0.283667 0.119333 0.107333
0 0.323667 0.651333 0.050000 0.046667
2 0.948333 0.785000 0.103333 0.244667
2 0.437667 0.039667 0.124667 0.078000
