2 0.110667 0.218000 0.149333 0.140000
2 0.123667 0.093667 0.144667 0.142000
2 0.234667 0.130333 0.134667 0.158000
2 0.219000 0.236333 0.100667 0.102000
2 0.346667 0.135667 0.117333 0.170000
3 0.374333 0.042000 0.092667 0.081333
2 0.487667 0.065333 0.120667 0.117333
2 0.441333 0.153333 0.093333 0.098667
2 0.416000 0.258000 0.093333 0.124000
2 0.118000 0.315000 0.124000 0.115333
2 0.236000 0.348000 0.137333 0.122667
2 0.355333 0.364000 0.114667 0.109333
2 0.570667 0.160000 0.105333 0.094667
2 0.676000 0.102667 0.220000 0.181333
2 0.722000 0.181333 0.124000 0.114667
2 0.642000 0.285000 0.101333 0.143333
2 0.541000 0.269000 0.175333 0.175333
2 0.482333 0.393000 0.163333 0.160667
2 0.609667 0.429667 0.164667 0.159333
2 0.704000 0.428333 0.049333 0.040667
2 0.365333 0.487667 0.146667 0.178000
3 0.369000 0.608667 0.095333 0.102667
2 0.243000 0.467667 0.118000 0.162000
2 0.114667 0.451333 0.166667 0.168000
2 0.126333 0.593000 0.139333 0.155333
3 0.132667 0.657000 0.053333 0.052667
3 0.197667 0.690000 0.070000 0.064000
2 0.582333 0.648000 0.102000 0.098667
2 0.668667 0.551667 0.193333 0.168667
2 0.697333 0.672667 0.125333 0.110667
2 0.258333 0.604333 0.152667 0.151333
2 0.681667 0.782000 0.100667 0.114667
2 0.563000 0.779667 0.182000 0.199333
2 0.411333 0.725667 0.117333 0.148667
2 0.293333 0.705000 0.197333 0.155333
2 0.201000 0.785000 0.091333 0.127333
2 0.297000 0.830333 0.123333 0.134000
2 0.082667 0.763000 0.162667 0.210000
2 0.387333 0.838000 0.073333 0.100000
2 0.464333 0.843667 0.144667 0.170000
2 0.615667 0.883333 0.106000 0.093333
2 0.724000 0.901000 0.121333 0.171333
2 0.808000 0.905333 0.109333 0.168000
2 0.910000 0.934000 0.109333 0.112000
2 0.899333 0.823667 0.130667 0.158000
2 0.799000 0.699333 0.095333 0.098667
2 0.844667 0.603667 0.150667 0.135333
2 0.813000 0.441333 0.174000 0.189333
2 0.827667 0.296333 0.086000 0.102000
2 0.740000 0.304667 0.129333 0.213333
2 0.943000 0.452000 0.114000 0.208000
0 0.476667 0.626333 0.114667 0.108667
0 0.450333 0.510000 0.095333 0.090667
0 0.327000 0.263667 0.103333 0.107333
0 0.876667 0.719333 0.062667 0.097333
0 0.162000 0.945333 0.118667 0.109333
0 0.860333 0.357667 0.091333 0.088667
0 0.541333 0.537333 0.090667 0.097333
0 0.914000 0.203667 0.138667 0.143333
0 0.891667 0.295333 0.083333 0.080000
2 0.276667 0.043000 0.128000 0.084667
2 0.033667 0.187000 0.066000 0.115333
2 0.062000 0.935333 0.122667 0.129333
2 0.616000 0.954000 0.148000 0.092000
2 0.886000 0.058667 0.138667 0.116000
