2 0.179667 0.072333 0.071333 0.063333
1 0.295000 0.095333 0.116667 0.114667
2 0.096667 0.171333 0.061333 0.089333
2 0.174667 0.166667 0.104000 0.173333
2 0.260000 0.195667 0.102667 0.144667
2 0.337000 0.211667 0.108667 0.118000
2 0.451333 0.087667 0.064000 0.075333
1 0.592667 0.075667 0.086667 0.095333
2 0.408333 0.260333 0.114000 0.111333
2 0.637000 0.266000 0.060667 0.065333
2 0.435667 0.330000 0.068667 0.056000
2 0.606333 0.405333 0.086000 0.081333
2 0.553333 0.468000 0.089333 0.089333
2 0.662667 0.484333 0.074667 0.064667
3 0.755667 0.518000 0.051333 0.062667
2 0.188333 0.299667 0.118000 0.094000
2 0.288333 0.321667 0.078000 0.080667
2 0.223000 0.382000 0.115333 0.134667
2 0.123333 0.365333 0.088000 0.084000
2 0.363333 0.387667 0.048000 0.054000
2 0.309667 0.430000 0.154000 0.148000
2 0.287000 0.511333 0.059333 0.052000
2 0.222667 0.488000 0.081333 0.076000
2 0.110333 0.480000 0.086000 0.085333
2 0.049333 0.537333 0.096000 0.112000
2 0.065000 0.633000 0.107333 0.071333
2 0.302667 0.594667 0.114667 0.132000
2 0.424333 0.597667 0.139333 0.148667
3 0.468333 0.650333 0.050000 0.044667
2 0.634333 0.615333 0.064667 0.077333
2 0.585667 0.654333 0.092667 0.083333
3 0.527333 0.699000 0.042667 0.043333
2 0.466333 0.750667 0.074000 0.113333
3 0.293000 0.694333 0.062000 0.063333
2 0.225333 0.755000 0.073333 0.064667
2 0.176667 0.793333 0.045333 0.052000
2 0.171667 0.702000 0.150000 0.166667
2 0.358000 0.760667 0.138667 0.146667
2 0.274333 0.815333 0.052667 0.058667
2 0.064333 0.809000 0.124667 0.103333
2 0.097667 0.859333 0.075333 0.069333
2 0.417333 0.832000 0.101333 0.090667
2 0.523333 0.829000 0.100000 0.118000
3 0.725000 0.778000 0.074000 0.081333
3 0.675333 0.837000 0.066667 0.048667
2 0.794000 0.732333 0.097333 0.108667
2 0.890333 0.777333 0.127333 0.117333
2 0.041667 0.912333 0.050000 0.056667
2 0.139333 0.916333 0.156000 0.167333
2 0.268333 0.948667 0.095333 0.100000
2 0.343000 0.887667 0.091333 0.116667
3 0.408333 0.943333 0.040667 0.046667
2 0.450000 0.890000 0.090667 0.105333
2 0.605000 0.893333 0.074000 0.092000
2 0.763000 0.897000 0.119333 0.136667
2 0.842333 0.939667 0.091333 0.107333
2 0.955667 0.707333 0.088667 0.122667
2 0.873000 0.668000 0.094000 0.093333
2 0.787333 0.629667 0.101333 0.100667
2 0.833333 0.568333 0.049333 0.051333
2 0.872000 0.459000 0.066667 0.055333
3 0.832000 0.348000 0.080000 0.058667
2 0.859000 0.282667 0.091333 0.089333
0 0.139667 0.033667 0.098000 0.066000
0 0.385333 0.081667 0.073333 0.074000
0 0.538000 0.154667 0.073333 0.070667
0 0.063000 0.263000 0.124667 0.119333
0 0.454000 0.390333 0.065333 0.063333
0 0.201667 0.567333 0.116667 0.124000
0 0.561000 0.561333 0.076667 0.072000
0 0.474000 0.528333 0.068000 0.080667
0 0.398333 0.504667 0.094000 0.076000
0 0.498333 0.454000 0.074000 0.058667
0 0.568000 0.260667 0.078667 0.082667
0 0.565667 0.335667 0.063333 0.070000
0 0.478667 0.230000 0.064000 0.080000
0 0.492333 0.323000 0.052667 0.084667
0 0.676667 0.221667 0.080000 0.083333
0 0.677333 0.313000 0.066667 0.062000
0 0.731333 0.422333 0.109333 0.114000
0 0.630000 0.749333 0.109333 0.097333
0 0.697000 0.704000 0.074000 0.080000
0 0.530667 0.898000 0.060000 0.066667
0 0.904000 0.945333 0.094667 0.109333
0 0.825667 0.843000 0.082000 0.087333
0 0.895333 0.559333 0.077333 0.077333
0 0.957667 0.516667 0.084667 0.089333
0 0.917667 0.194667 0.100667 0.098667
0 0.802333 0.085667 0.063333 0.086000
0 0.666000 0.075333 0.061333 0.080000
0 0.742667 0.269667 0.058667 0.054000
0 0.788667 0.288667 0.052000 0.053333
0 0.229333 0.878333 0.093333 0.111333
0 0.091333 0.718667 0.069333 0.109333
0 0.053667 0.433667 0.106000 0.092667
2 0.238667 0.038000 0.113333 0.074667
2 0.505333 0.041333 0.120000 0.081333
2 0.038667 0.135667 0.076000 0.143333
2 0.034333 0.706333 0.067333 0.127333
2 0.968667 0.840000 0.062667 0.101333
