2 0.092333 0.051667 0.103333 0.102000
2 0.206000 0.065667 0.137333 0.126000
2 0.184333 0.158333 0.131333 0.120667
2 0.080000 0.145000 0.104000 0.127333
2 0.118333 0.307667 0.158000 0.154000
2 0.240667 0.319667 0.070667 0.099333
2 0.311333 0.247000 0.106667 0.095333
2 0.444667 0.171333 0.180000 0.165333
2 0.684667 0.176333 0.142667 0.123333
2 0.596333 0.202000 0.036667 0.033333
2 0.530667 0.357000 0.121333 0.119333
3 0.424667 0.342667 0.098667 0.122667
2 0.325000 0.357333 0.132667 0.133333
2 0.069667 0.437000 0.136667 0.151333
2 0.175000 0.417667 0.104667 0.064667
2 0.334333 0.461333 0.131333 0.106667
2 0.452333 0.458667 0.154000 0.141333
2 0.576000 0.474333 0.132000 0.130000
2 0.566000 0.583333 0.122667 0.132000
2 0.463333 0.579667 0.105333 0.128667
3 0.360333 0.559000 0.111333 0.116667
2 0.292667 0.647667 0.096000 0.110000
2 0.190333 0.621000 0.120667 0.158000
2 0.293667 0.524667 0.039333 0.036000
2 0.056000 0.726000 0.109333 0.128000
2 0.151000 0.769333 0.168667 0.149333
2 0.384333 0.781667 0.111333 0.175333
2 0.272333 0.789333 0.127333 0.172000
2 0.575333 0.812333 0.145333 0.134000
2 0.627000 0.716333 0.184667 0.178000
2 0.745000 0.719333 0.078000 0.110667
2 0.817000 0.745000 0.116667 0.158000
2 0.929667 0.743333 0.128667 0.190667
2 0.951000 0.853333 0.079333 0.058667
2 0.758000 0.612000 0.161333 0.130667
2 0.721667 0.476333 0.136667 0.124667
2 0.843667 0.506333 0.130000 0.138000
2 0.853000 0.387667 0.170000 0.156667
2 0.928333 0.296000 0.091333 0.080000
2 0.798000 0.188667 0.097333 0.120000
2 0.885667 0.194667 0.091333 0.116000
2 0.948000 0.204000 0.052000 0.061333
2 0.925000 0.129000 0.122000 0.100667
2 0.838000 0.103000 0.066667 0.070000
2 0.754000 0.096333 0.088000 0.071333
3 0.899333 0.040000 0.101333 0.077333
2 0.671333 0.041667 0.084000 0.080667
2 0.079667 0.874000 0.130000 0.150667
2 0.227333 0.889333 0.157333 0.142667
0 0.716000 0.262667 0.105333 0.101333
0 0.740333 0.363667 0.080667 0.088667
0 0.149333 0.501000 0.144000 0.120667
0 0.671667 0.327333 0.076667 0.093333
0 0.595000 0.129000 0.060667 0.094000
0 0.551667 0.093667 0.076667 0.084667
0 0.466000 0.267667 0.104000 0.100667
0 0.375667 0.122000 0.096667 0.100000
0 0.629000 0.260333 0.058000 0.098000
0 0.461333 0.038667 0.078667 0.076000
3 0.742333 0.915000 0.192667 0.170000
