2 0.140667 0.134667 0.140000 0.129333
2 0.129333 0.214333 0.084000 0.088667
2 0.232667 0.234667 0.141333 0.146667
2 0.137667 0.364333 0.146000 0.192667
2 0.219000 0.364333 0.060667 0.060667
2 0.262333 0.064333 0.142000 0.124667
3 0.390000 0.047333 0.101333 0.092000
2 0.628667 0.104333 0.153333 0.104667
2 0.620667 0.203000 0.182667 0.124667
2 0.494667 0.186667 0.096000 0.089333
2 0.389667 0.124000 0.110000 0.088000
2 0.377000 0.222000 0.150000 0.133333
2 0.286333 0.317667 0.110000 0.126000
2 0.378333 0.335333 0.096667 0.133333
2 0.497000 0.300667 0.135333 0.130667
2 0.611000 0.326000 0.095333 0.152000
2 0.499667 0.392333 0.144667 0.091333
2 0.286667 0.424667 0.134667 0.090667
1 0.199333 0.475000 0.078667 0.106000
2 0.130667 0.494000 0.078667 0.105333
2 0.169000 0.555333 0.078000 0.049333
2 0.275333 0.512333 0.121333 0.096667
2 0.723333 0.456333 0.096000 0.083333
3 0.627000 0.489667 0.127333 0.144667
2 0.503667 0.488000 0.124667 0.126667
2 0.388333 0.520667 0.118000 0.193333
2 0.294667 0.601000 0.145333 0.111333
2 0.095333 0.711333 0.117333 0.124000
2 0.194667 0.675000 0.105333 0.163333
2 0.311000 0.709000 0.134000 0.106000
2 0.486667 0.692667 0.153333 0.148000
2 0.612333 0.692000 0.088667 0.109333
2 0.691000 0.726333 0.106000 0.135333
2 0.525000 0.589000 0.134000 0.078000
2 0.122333 0.831667 0.104667 0.102000
2 0.261000 0.812667 0.164667 0.152000
2 0.194667 0.880000 0.082667 0.085333
2 0.094667 0.921000 0.121333 0.110000
2 0.377333 0.912000 0.100000 0.113333
2 0.405667 0.771333 0.116667 0.154667
2 0.592667 0.807333 0.122667 0.116000
2 0.701333 0.830000 0.104000 0.098667
2 0.687667 0.925667 0.086000 0.103333
2 0.591000 0.920333 0.108667 0.123333
2 0.489667 0.895000 0.124667 0.147333
2 0.791000 0.921667 0.123333 0.106000
2 0.901667 0.958667 0.092667 0.082667
3 0.899000 0.876667 0.075333 0.073333
2 0.914667 0.793667 0.100000 0.086000
2 0.777333 0.800333 0.072000 0.075333
2 0.803000 0.721000 0.130000 0.126000
2 0.906000 0.700333 0.102667 0.108667
2 0.928667 0.619333 0.092000 0.090667
2 0.821667 0.632333 0.086000 0.062000
2 0.733333 0.353667 0.114667 0.120667
3 0.827333 0.336000 0.078667 0.078667
2 0.827000 0.424000 0.098000 0.092000
2 0.811667 0.543667 0.158000 0.147333
2 0.933000 0.513667 0.104667 0.119333
2 0.920000 0.317000 0.064000 0.036667
2 0.938333 0.394000 0.123333 0.129333
2 0.747000 0.135667 0.076667 0.094000
2 0.857333 0.116667 0.168000 0.157333
2 0.943000 0.186667 0.114000 0.158667
2 0.966333 0.076667 0.067333 0.072000
0 0.789667 0.231333 0.143333 0.110667
0 0.737333 0.144667 0.102667 0.074667
0 0.674667 0.600000 0.078667 0.077333
0 0.519333 0.131667 0.066667 0.052667
2 0.506000 0.052000 0.141333 0.102667
2 0.646000 0.034333 0.132000 0.067333
2 0.033667 0.309667 0.066000 0.120667
2 0.040667 0.505667 0.080000 0.098000
2 0.193333 0.954000 0.116000 0.092000
2 0.968667 0.866667 0.062667 0.113333
2 0.045333 0.225333 0.089333 0.118667
2 0.050333 0.408333 0.099333 0.115333
