2 0.266667 0.139667 0.128000 0.107333
2 0.353333 0.069000 0.133333 0.136667
2 0.466333 0.070000 0.128667 0.097333
2 0.466000 0.154000 0.148000 0.110667
2 0.162000 0.232667 0.061333 0.074667
2 0.079667 0.336333 0.158000 0.131333
2 0.168000 0.438000 0.088000 0.118667
2 0.308000 0.319000 0.154667 0.148667
2 0.376000 0.235667 0.116000 0.123333
2 0.607667 0.143333 0.119333 0.092000
2 0.603333 0.230667 0.126667 0.100000
2 0.718000 0.209000 0.109333 0.112667
2 0.703667 0.313667 0.146000 0.142000
3 0.590333 0.327667 0.111333 0.100667
2 0.484333 0.257000 0.126000 0.107333
2 0.443333 0.351333 0.132000 0.137333
2 0.597667 0.433667 0.126000 0.127333
2 0.707333 0.433667 0.110667 0.139333
2 0.395333 0.465000 0.150667 0.150000
2 0.263667 0.451000 0.128667 0.167333
3 0.256667 0.569000 0.105333 0.083333
2 0.088333 0.641333 0.152667 0.145333
2 0.332000 0.718000 0.108000 0.125333
3 0.174000 0.785000 0.086667 0.095333
2 0.046667 0.720333 0.085333 0.063333
2 0.051667 0.859333 0.062000 0.062667
2 0.652667 0.917000 0.094667 0.119333
3 0.550333 0.954667 0.087333 0.090667
3 0.741000 0.928333 0.063333 0.070000
2 0.671667 0.801333 0.128667 0.144000
3 0.756333 0.835333 0.050000 0.069333
2 0.785667 0.746667 0.154000 0.161333
2 0.835000 0.867667 0.122000 0.111333
3 0.818000 0.951667 0.093333 0.088667
2 0.937333 0.792667 0.125333 0.121333
3 0.756000 0.580667 0.105333 0.112000
2 0.869000 0.553667 0.118000 0.087333
2 0.866000 0.634000 0.130667 0.097333
2 0.854667 0.699000 0.057333 0.051333
2 0.887333 0.464333 0.137333 0.100667
2 0.885333 0.385667 0.094667 0.086000
2 0.808000 0.372000 0.117333 0.124000
2 0.812333 0.266333 0.100667 0.118000
3 0.894000 0.295667 0.080000 0.090000
2 0.894667 0.216333 0.064000 0.074000
2 0.898000 0.130667 0.129333 0.128000
3 0.799000 0.079000 0.127333 0.135333
2 0.234000 0.237333 0.101333 0.100000
0 0.623000 0.067667 0.104667 0.099333
0 0.552333 0.767667 0.112667 0.120667
0 0.490667 0.820333 0.070667 0.088667
0 0.280667 0.901000 0.122667 0.112667
0 0.430000 0.920333 0.106667 0.107333
0 0.437333 0.614000 0.101333 0.105333
0 0.417000 0.695000 0.088667 0.088667
0 0.377667 0.866667 0.103333 0.089333
0 0.626000 0.632333 0.152000 0.142000
0 0.597667 0.535667 0.115333 0.068667
0 0.214000 0.334333 0.094667 0.095333
0 0.148000 0.909333 0.132000 0.148000
0 0.061333 0.943333 0.070667 0.113333
0 0.568000 0.874333 0.081333 0.078000
0 0.521333 0.483000 0.086667 0.098000
0 0.812000 0.191333 0.092000 0.082667
2 0.241000 0.045667 0.104667 0.090000
2 0.131000 0.064000 0.135333 0.126667
2 0.068333 0.211333 0.135333 0.130667
2 0.944667 0.678000 0.110667 0.138667
3 0.969333 0.490000 0.061333 0.092000
2 0.911000 0.039333 0.122000 0.077333
3 0.707333 0.045667 0.126667 0.090000
