2 0.074000 0.120667 0.104000 0.114667
2 0.165333 0.134333 0.082667 0.112667
2 0.243333 0.139667 0.093333 0.115333
2 0.300000 0.057667 0.150667 0.114000
2 0.421000 0.089333 0.059333 0.072000
2 0.488667 0.088000 0.081333 0.124000
2 0.572333 0.078333 0.091333 0.136667
2 0.655000 0.100333 0.080667 0.100667
2 0.737667 0.110667 0.090000 0.110667
2 0.654000 0.195333 0.116000 0.102667
2 0.545667 0.190000 0.098000 0.092000
2 0.397000 0.162000 0.075333 0.076000
2 0.321667 0.156667 0.067333 0.096000
2 0.112667 0.236333 0.134667 0.130000
2 0.212667 0.234333 0.073333 0.071333
2 0.292667 0.234333 0.088000 0.106000
2 0.385667 0.238667 0.111333 0.125333
2 0.477000 0.259333 0.083333 0.101333
2 0.572333 0.284000 0.095333 0.110667
2 0.657000 0.289667 0.074000 0.086000
3 0.725667 0.286000 0.050000 0.052000
2 0.374667 0.357000 0.120000 0.111333
2 0.487000 0.360667 0.111333 0.110667
2 0.529333 0.445667 0.120000 0.127333
2 0.443000 0.447667 0.048667 0.056667
3 0.203333 0.363333 0.037333 0.029333
2 0.099000 0.342667 0.086000 0.077333
2 0.144667 0.412000 0.089333 0.076000
2 0.169000 0.511000 0.192667 0.210000
2 0.152000 0.588000 0.108000 0.088000
2 0.050333 0.585333 0.066000 0.072000
2 0.291000 0.518333 0.107333 0.150000
2 0.349333 0.436000 0.148000 0.121333
2 0.467333 0.542333 0.085333 0.094000
2 0.387000 0.537000 0.087333 0.088667
2 0.068667 0.694333 0.077333 0.098000
2 0.160333 0.686333 0.135333 0.144667
2 0.266000 0.687000 0.122667 0.134000
2 0.361000 0.712000 0.135333 0.112000
2 0.380667 0.620000 0.070667 0.076000
2 0.457333 0.640667 0.117333 0.133333
3 0.456000 0.723000 0.056000 0.055333
2 0.537000 0.638333 0.071333 0.107333
2 0.618000 0.658667 0.108000 0.110667
2 0.670000 0.555333 0.168000 0.154667
3 0.731333 0.477667 0.100000 0.106000
2 0.538000 0.741667 0.101333 0.102000
2 0.066333 0.871667 0.091333 0.098000
2 0.150333 0.802000 0.076667 0.092000
2 0.241000 0.816333 0.134000 0.139333
2 0.356000 0.822000 0.149333 0.128000
2 0.440333 0.904000 0.091333 0.102667
2 0.338000 0.934000 0.152000 0.132000
2 0.240000 0.919667 0.084000 0.090000
2 0.155000 0.899333 0.096667 0.108000
2 0.823000 0.484333 0.108667 0.120667
2 0.844333 0.184667 0.143333 0.098667
2 0.821667 0.280000 0.139333 0.106667
2 0.829000 0.377000 0.115333 0.096667
2 0.947667 0.068667 0.104667 0.106667
2 0.850667 0.063000 0.124000 0.119333
0 0.728667 0.886000 0.222667 0.228000
0 0.692333 0.415333 0.068667 0.062667
0 0.645667 0.376667 0.060667 0.082667
0 0.253667 0.378667 0.060667 0.098667
0 0.188333 0.346333 0.103333 0.103333
0 0.469333 0.169667 0.074667 0.072667
0 0.911333 0.368667 0.066667 0.078667
0 0.445667 0.802000 0.080667 0.109333
0 0.314333 0.576667 0.076667 0.082667
2 0.051667 0.403000 0.102000 0.131333
2 0.059667 0.039667 0.118000 0.078000
2 0.093333 0.955667 0.094667 0.088667
