2 0.053333 0.082667 0.078667 0.072000
2 0.136000 0.118667 0.108000 0.122667
2 0.107000 0.224000 0.114000 0.120000
2 0.232667 0.134333 0.109333 0.115333
2 0.206333 0.247667 0.120667 0.136667
2 0.339000 0.239000 0.136667 0.135333
2 0.408000 0.079000 0.140000 0.138000
2 0.269333 0.054333 0.133333 0.107333
2 0.537667 0.066000 0.146000 0.130667
2 0.511333 0.285333 0.073333 0.069333
2 0.617333 0.248000 0.130667 0.122667
3 0.286333 0.344000 0.112667 0.098667
2 0.068667 0.344333 0.129333 0.104667
2 0.036000 0.442000 0.070667 0.077333
2 0.143000 0.409333 0.140667 0.181333
3 0.258333 0.420333 0.122000 0.104667
2 0.398667 0.342000 0.125333 0.148000
3 0.496000 0.366000 0.074667 0.088000
2 0.601333 0.366333 0.130667 0.118000
2 0.724333 0.361333 0.112667 0.124000
2 0.722667 0.440667 0.076000 0.053333
2 0.564333 0.474333 0.136667 0.132667
2 0.659333 0.548000 0.126667 0.134667
3 0.451667 0.448000 0.096667 0.088000
3 0.356000 0.460667 0.100000 0.094667
2 0.223000 0.513000 0.118000 0.086000
2 0.310667 0.564000 0.110667 0.116000
2 0.423000 0.567000 0.111333 0.155333
2 0.523000 0.612333 0.126000 0.170000
2 0.086667 0.589000 0.102667 0.135333
2 0.191333 0.613667 0.112000 0.115333
2 0.180333 0.704000 0.087333 0.062667
2 0.280667 0.675667 0.101333 0.079333
2 0.064000 0.707667 0.121333 0.107333
2 0.142667 0.821000 0.104000 0.106000
3 0.244333 0.778000 0.096667 0.110667
2 0.228000 0.881000 0.125333 0.106000
2 0.180667 0.943000 0.082667 0.066000
2 0.340000 0.893000 0.117333 0.118000
2 0.358000 0.768667 0.141333 0.142667
3 0.446667 0.834000 0.100000 0.133333
3 0.547667 0.773000 0.112667 0.147333
2 0.641000 0.739333 0.123333 0.136000
2 0.650000 0.859667 0.134667 0.100667
2 0.533333 0.928333 0.117333 0.132667
2 0.653667 0.953333 0.091333 0.085333
2 0.747333 0.951667 0.088000 0.094000
2 0.784667 0.566000 0.124000 0.150667
2 0.750333 0.679333 0.099333 0.100000
2 0.867000 0.695000 0.146000 0.099333
2 0.884667 0.585333 0.114667 0.110667
2 0.784333 0.773333 0.122000 0.112000
2 0.908333 0.792667 0.130000 0.118667
2 0.800000 0.893000 0.116000 0.130000
2 0.876333 0.916000 0.063333 0.133333
2 0.952000 0.920667 0.096000 0.130667
2 0.849000 0.463333 0.098000 0.089333
2 0.892333 0.363333 0.132667 0.113333
2 0.754000 0.249667 0.125333 0.131333
3 0.889667 0.247667 0.135333 0.116667
2 0.724000 0.125667 0.148000 0.134000
2 0.847667 0.139667 0.131333 0.119333
2 0.953667 0.102333 0.092667 0.143333
0 0.114000 0.959667 0.081333 0.080667
0 0.621000 0.061333 0.074000 0.089333
2 0.047667 0.184333 0.094000 0.158000
2 0.046333 0.806333 0.091333 0.111333
3 0.407667 0.946000 0.120667 0.108000
2 0.946000 0.481333 0.108000 0.157333
3 0.870667 0.043000 0.116000 0.084667
