3 0.633667 0.085667 0.107333 0.072667
2 0.576667 0.176667 0.084000 0.094667
2 0.651333 0.170333 0.081333 0.110000
3 0.501000 0.259000 0.090000 0.098000
2 0.614667 0.293000 0.172000 0.156667
1 0.562333 0.336333 0.060667 0.040667
2 0.461333 0.364333 0.090667 0.092667
2 0.572333 0.381000 0.134000 0.103333
2 0.709333 0.353667 0.065333 0.080667
2 0.517000 0.474667 0.102000 0.076000
2 0.670667 0.457333 0.165333 0.145333
2 0.499000 0.581667 0.168667 0.160667
2 0.649667 0.600000 0.155333 0.193333
2 0.385667 0.689000 0.098000 0.138000
2 0.488667 0.717667 0.126667 0.154000
2 0.609333 0.737667 0.126667 0.122000
2 0.710667 0.777333 0.136000 0.200000
2 0.584000 0.843667 0.137333 0.140667
2 0.453000 0.820667 0.122000 0.098667
2 0.330667 0.920667 0.086667 0.112000
2 0.331333 0.984333 0.034667 0.028667
2 0.433333 0.919667 0.134667 0.152667
2 0.554667 0.936000 0.097333 0.116000
2 0.656667 0.945667 0.101333 0.108667
3 0.756667 0.922333 0.101333 0.096667
2 0.860667 0.900000 0.130667 0.113333
2 0.930333 0.824000 0.130000 0.129333
2 0.844000 0.753000 0.170667 0.159333
3 0.849333 0.635667 0.081333 0.084667
2 0.793000 0.560667 0.148667 0.140000
2 0.898333 0.476333 0.126000 0.128667
2 0.792667 0.442667 0.078667 0.074667
2 0.813667 0.349000 0.139333 0.147333
2 0.937333 0.355000 0.110667 0.099333
3 0.934667 0.242000 0.130667 0.118667
2 0.874000 0.166333 0.114667 0.142000
2 0.774667 0.121333 0.153333 0.206667
2 0.890000 0.059333 0.121333 0.113333
0 0.380333 0.545333 0.131333 0.133333
0 0.951000 0.597000 0.096667 0.123333
0 0.032667 0.636333 0.054667 0.068667
0 0.029333 0.537667 0.057333 0.108667
0 0.074000 0.293333 0.146667 0.189333
0 0.077667 0.059667 0.102000 0.088667
0 0.051333 0.157333 0.101333 0.128000
0 0.039000 0.747333 0.076667 0.105333
0 0.031333 0.394667 0.061333 0.069333
