1 0.107333 0.117333 0.070667 0.084000
1 0.180000 0.123667 0.076000 0.102000
2 0.286333 0.114667 0.110000 0.116000
2 0.364000 0.088667 0.094667 0.114667
2 0.091000 0.211667 0.160667 0.119333
2 0.087667 0.316333 0.128667 0.107333
2 0.290000 0.228333 0.116000 0.104667
2 0.271333 0.316000 0.120000 0.096000
2 0.047333 0.395667 0.073333 0.059333
2 0.134000 0.400333 0.094667 0.100667
2 0.252333 0.422333 0.222000 0.155333
2 0.080000 0.491000 0.104000 0.100667
3 0.297333 0.500000 0.092000 0.077333
3 0.270000 0.585333 0.080000 0.085333
3 0.188000 0.557667 0.089333 0.079333
3 0.227333 0.796333 0.053333 0.050000
3 0.624000 0.869000 0.096000 0.115333
2 0.721667 0.897333 0.103333 0.114667
3 0.853667 0.907000 0.127333 0.119333
2 0.951667 0.938333 0.064667 0.066000
3 0.647667 0.770667 0.082000 0.081333
3 0.752000 0.768333 0.108000 0.108667
2 0.673333 0.674333 0.125333 0.110000
3 0.785667 0.650333 0.070000 0.080667
2 0.911333 0.756333 0.168000 0.131333
2 0.919667 0.618000 0.158000 0.157333
2 0.676000 0.508333 0.089333 0.096667
2 0.764333 0.508333 0.124667 0.124667
3 0.721667 0.328333 0.120667 0.127333
2 0.794000 0.392333 0.213333 0.168667
1 0.935333 0.360667 0.109333 0.090667
2 0.855667 0.231667 0.103333 0.127333
2 0.741667 0.201667 0.140667 0.131333
3 0.880000 0.127667 0.061333 0.078000
0 0.943333 0.855000 0.094667 0.098000
0 0.804667 0.839667 0.105333 0.079333
0 0.206333 0.679000 0.120667 0.118000
0 0.859667 0.053000 0.192667 0.103333
0 0.951667 0.285333 0.096667 0.100000
0 0.730333 0.616333 0.099333 0.067333
2 0.115333 0.046333 0.161333 0.091333
