3 0.144667 0.092000 0.092000 0.070667
2 0.140000 0.162667 0.161333 0.116000
3 0.042333 0.124667 0.083333 0.110667
3 0.088000 0.252333 0.072000 0.063333
3 0.231000 0.196667 0.062000 0.072000
2 0.181000 0.267000 0.132667 0.134000
2 0.062000 0.357667 0.109333 0.114000
2 0.157667 0.385667 0.110000 0.111333
2 0.257000 0.409000 0.100667 0.143333
3 0.288000 0.300333 0.085333 0.076667
3 0.304000 0.203000 0.104000 0.118000
2 0.251333 0.100333 0.090667 0.095333
2 0.339333 0.100333 0.090667 0.092667
2 0.441000 0.115333 0.111333 0.137333
2 0.417000 0.228333 0.122000 0.134000
3 0.384333 0.313667 0.070000 0.056667
3 0.356333 0.400667 0.104667 0.142667
2 0.453000 0.409333 0.099333 0.122667
2 0.535333 0.146667 0.106667 0.156000
2 0.641333 0.101333 0.120000 0.149333
2 0.612667 0.258667 0.124000 0.150667
2 0.690667 0.304000 0.150667 0.108000
2 0.749333 0.237333 0.072000 0.082667
2 0.177333 0.490667 0.113333 0.093333
2 0.193000 0.555667 0.024667 0.026000
2 0.282667 0.509667 0.082667 0.090000
3 0.379000 0.519333 0.107333 0.124000
2 0.339667 0.577667 0.042000 0.047333
2 0.472333 0.517333 0.087333 0.098667
3 0.568667 0.538667 0.105333 0.098667
2 0.565667 0.431667 0.115333 0.123333
2 0.681667 0.404000 0.112667 0.106667
3 0.701333 0.497333 0.088000 0.069333
3 0.705000 0.590667 0.132667 0.120000
2 0.552000 0.651333 0.132000 0.104000
2 0.349667 0.630667 0.071333 0.054667
2 0.098000 0.590000 0.073333 0.061333
2 0.060333 0.662333 0.111333 0.083333
2 0.182667 0.684667 0.082667 0.116000
2 0.276333 0.696667 0.107333 0.142667
2 0.405333 0.715000 0.109333 0.128667
2 0.537000 0.763000 0.148667 0.147333
2 0.644667 0.780000 0.038667 0.041333
3 0.694333 0.713333 0.138000 0.121333
2 0.915333 0.799667 0.088000 0.086000
2 0.830667 0.726667 0.080000 0.073333
2 0.810667 0.636333 0.102667 0.118000
3 0.914667 0.657667 0.110667 0.159333
3 0.810000 0.526333 0.093333 0.079333
3 0.784000 0.422333 0.088000 0.103333
2 0.885000 0.444667 0.132667 0.152000
2 0.948667 0.341333 0.096000 0.076000
2 0.762667 0.129667 0.112000 0.132667
2 0.877000 0.087000 0.120667 0.127333
2 0.916667 0.260667 0.158667 0.128000
2 0.244000 0.856000 0.097333 0.097333
2 0.337667 0.851333 0.142000 0.148000
3 0.447667 0.850333 0.047333 0.051333
2 0.592667 0.867667 0.098667 0.127333
2 0.683667 0.889667 0.052667 0.079333
2 0.913000 0.890000 0.123333 0.097333
2 0.775000 0.726333 0.043333 0.063333
0 0.454333 0.914000 0.095333 0.074667
0 0.303667 0.954667 0.084667 0.074667
0 0.163333 0.912000 0.078667 0.090667
0 0.924000 0.964667 0.089333 0.070667
0 0.270000 0.610667 0.089333 0.064000
0 0.138333 0.816333 0.128667 0.075333
0 0.781667 0.927667 0.062000 0.084667
0 0.461000 0.670333 0.087333 0.052667
2 0.035000 0.246000 0.068667 0.126667
2 0.073667 0.927000 0.116667 0.123333
2 0.958333 0.469667 0.080667 0.139333
2 0.576000 0.038333 0.116000 0.074000
2 0.952333 0.163333 0.095333 0.121333
2 0.961667 0.053000 0.076667 0.104667
