1 0.103333 0.056000 0.098667 0.106667
1 0.231333 0.059333 0.158667 0.116000
1 0.163667 0.159667 0.110000 0.126000
1 0.279667 0.171000 0.134000 0.154000
1 0.044667 0.247667 0.086667 0.119333
1 0.140333 0.262000 0.112667 0.118667
2 0.229667 0.285000 0.075333 0.072667
1 0.489000 0.117333 0.174000 0.165333
1 0.472000 0.213667 0.080000 0.068667
2 0.547333 0.239667 0.089333 0.092667
2 0.593667 0.165333 0.067333 0.069333
2 0.646000 0.088000 0.112000 0.108000
1 0.338000 0.277667 0.128000 0.144667
2 0.456000 0.325333 0.218667 0.220000
2 0.117000 0.380000 0.138000 0.142667
2 0.289333 0.407667 0.201333 0.194000
2 0.422333 0.478333 0.091333 0.088667
2 0.087667 0.490667 0.095333 0.104000
2 0.173667 0.523667 0.087333 0.096667
2 0.265667 0.562667 0.096667 0.112000
2 0.396333 0.563000 0.122000 0.090000
2 0.723667 0.582333 0.110000 0.102000
1 0.345667 0.617667 0.138000 0.140667
2 0.332000 0.736667 0.114667 0.121333
2 0.261667 0.703000 0.091333 0.114000
2 0.139333 0.702000 0.134667 0.121333
2 0.059333 0.662333 0.116000 0.126000
2 0.063333 0.747333 0.060000 0.049333
2 0.044333 0.813667 0.086000 0.087333
2 0.147333 0.793667 0.082667 0.074000
2 0.121000 0.853333 0.070000 0.061333
2 0.309667 0.829667 0.118000 0.115333
2 0.279000 0.915333 0.088667 0.090667
2 0.187000 0.889333 0.126000 0.154667
2 0.834333 0.890333 0.211333 0.218000
2 0.909667 0.802333 0.152667 0.143333
3 0.866333 0.584000 0.143333 0.121333
2 0.925667 0.485667 0.148667 0.120667
0 0.807333 0.668000 0.110667 0.138667
0 0.706333 0.697000 0.136667 0.126000
0 0.691333 0.918667 0.084000 0.092000
0 0.754667 0.956667 0.070667 0.074667
0 0.827667 0.415000 0.092667 0.103333
0 0.213000 0.627000 0.076667 0.082000
0 0.756000 0.451333 0.078667 0.090667
2 0.420667 0.052000 0.166667 0.102667
2 0.041000 0.137000 0.079333 0.123333
