2 0.112000 0.192667 0.061333 0.062667
2 0.088667 0.269000 0.053333 0.056667
3 0.070667 0.357333 0.066667 0.057333
2 0.259000 0.283333 0.059333 0.076000
3 0.228333 0.365000 0.088667 0.080667
3 0.424000 0.396333 0.085333 0.079333
2 0.383333 0.454333 0.082667 0.071333
2 0.312667 0.430000 0.104000 0.084000
3 0.040333 0.427667 0.074000 0.076667
3 0.121667 0.398333 0.084667 0.114000
3 0.177333 0.439000 0.100000 0.102000
3 0.228000 0.503667 0.080000 0.088667
3 0.310000 0.529333 0.090667 0.104000
2 0.110667 0.558000 0.137333 0.113333
2 0.217000 0.579000 0.052667 0.060667
3 0.122000 0.655000 0.118667 0.112667
2 0.258000 0.655000 0.105333 0.142000
3 0.336000 0.658333 0.066667 0.072667
3 0.425667 0.585333 0.091333 0.108000
2 0.501667 0.620333 0.078000 0.108667
2 0.600000 0.584667 0.065333 0.081333
2 0.725333 0.565000 0.081333 0.075333
3 0.526667 0.545000 0.018667 0.023333
2 0.692667 0.626333 0.092000 0.088667
3 0.554667 0.651000 0.050667 0.044667
3 0.046667 0.718333 0.090667 0.078000
3 0.226667 0.787000 0.113333 0.118000
3 0.434333 0.760333 0.127333 0.124667
3 0.616000 0.687667 0.104000 0.120667
3 0.668333 0.742333 0.102000 0.102000
3 0.646667 0.868000 0.132000 0.140000
3 0.516667 0.887333 0.118667 0.121333
3 0.536333 0.782667 0.088667 0.101333
2 0.113000 0.839667 0.127333 0.166000
2 0.238000 0.889667 0.106667 0.094000
3 0.052000 0.950000 0.097333 0.094667
2 0.344667 0.878333 0.050667 0.066000
3 0.762667 0.779667 0.101333 0.123333
2 0.882333 0.666333 0.047333 0.055333
2 0.948667 0.689667 0.056000 0.050000
2 0.888000 0.747000 0.061333 0.058000
2 0.956000 0.790000 0.056000 0.065333
3 0.933667 0.857000 0.083333 0.086000
3 0.978333 0.894333 0.043333 0.056667
3 0.868333 0.812333 0.064667 0.062000
0 0.466333 0.189667 0.384667 0.378000
0 0.776667 0.163333 0.306667 0.325333
0 0.826000 0.690333 0.053333 0.075333
0 0.818667 0.620000 0.068000 0.074667
0 0.765000 0.677333 0.074000 0.076000
0 0.819000 0.846667 0.062000 0.068000
0 0.945667 0.957333 0.108667 0.076000
0 0.800000 0.942333 0.056000 0.066000
0 0.726000 0.956000 0.080000 0.088000
0 0.861000 0.951667 0.066000 0.096667
0 0.331000 0.723333 0.092667 0.054667
3 0.039333 0.825667 0.077333 0.128667
3 0.402667 0.937000 0.117333 0.126000
3 0.509333 0.962333 0.098667 0.075333
