3 0.105000 0.156000 0.124667 0.130667
2 0.215667 0.174333 0.118000 0.110000
3 0.302333 0.214333 0.067333 0.064667
3 0.089667 0.264333 0.146000 0.130000
2 0.410000 0.254000 0.086667 0.094667
2 0.353333 0.325000 0.122667 0.120667
2 0.482667 0.325333 0.144000 0.105333
2 0.455667 0.415000 0.098000 0.091333
3 0.330333 0.427000 0.147333 0.106000
3 0.129667 0.382333 0.146000 0.139333
2 0.587000 0.212333 0.138000 0.124667
3 0.585333 0.310333 0.093333 0.086000
3 0.727667 0.224333 0.100667 0.095333
3 0.699667 0.316000 0.118000 0.094667
2 0.188667 0.475000 0.138667 0.111333
2 0.099000 0.613333 0.063333 0.070667
2 0.190000 0.597667 0.125333 0.142000
2 0.313000 0.556333 0.119333 0.130000
3 0.522333 0.467333 0.131333 0.097333
3 0.507333 0.582667 0.177333 0.144000
2 0.292333 0.662667 0.111333 0.093333
2 0.058667 0.734000 0.114667 0.148000
2 0.163000 0.737667 0.114000 0.154000
2 0.283000 0.766667 0.114000 0.134667
2 0.413667 0.749000 0.138000 0.198000
3 0.601333 0.780333 0.154667 0.159333
3 0.258000 0.881333 0.174667 0.114667
3 0.131667 0.936667 0.126000 0.126667
2 0.365667 0.928000 0.103333 0.132000
2 0.482000 0.901667 0.122667 0.134000
2 0.775667 0.909333 0.215333 0.177333
2 0.809000 0.818333 0.140667 0.136667
3 0.733333 0.617667 0.064000 0.064667
2 0.789333 0.691000 0.222667 0.155333
3 0.941667 0.766667 0.112667 0.122667
3 0.673000 0.417333 0.096667 0.088000
3 0.655667 0.516000 0.123333 0.137333
3 0.774000 0.533667 0.108000 0.132667
2 0.788000 0.411333 0.141333 0.109333
3 0.874667 0.504333 0.106667 0.116667
3 0.815333 0.226000 0.084000 0.082667
3 0.894000 0.231667 0.080000 0.072667
2 0.807333 0.315333 0.102667 0.097333
3 0.893667 0.310667 0.076667 0.089333
3 0.968667 0.336667 0.050667 0.064000
3 0.969000 0.437000 0.054000 0.056667
0 0.251333 0.337000 0.110667 0.103333
0 0.582000 0.412333 0.077333 0.078000
0 0.497000 0.782000 0.064667 0.112000
0 0.098000 0.865000 0.085333 0.080667
0 0.182333 0.827333 0.064667 0.070667
0 0.608000 0.926333 0.141333 0.116667
0 0.537667 0.690333 0.095333 0.074000
0 0.609667 0.607333 0.076667 0.102667
0 0.913333 0.414333 0.069333 0.074000
0 0.918667 0.895333 0.053333 0.057333
