0 0.370000 0.122333 0.224000 0.175333
0 0.113333 0.102333 0.208000 0.203333
0 0.111000 0.235333 0.220667 0.164000
0 0.170000 0.368667 0.148000 0.144000
0 0.343000 0.357667 0.218000 0.238000
0 0.318667 0.548667 0.242667 0.204000
0 0.272000 0.765667 0.254667 0.258000
0 0.132667 0.699000 0.181333 0.206000
0 0.066667 0.626667 0.132000 0.158667
0 0.602333 0.841333 0.228667 0.220000
0 0.816667 0.696000 0.184000 0.192000
0 0.850000 0.407000 0.157333 0.171333
0 0.745667 0.520333 0.155333 0.171333
0 0.594333 0.531333 0.208667 0.274667
0 0.687333 0.756333 0.164000 0.127333
0 0.784333 0.881667 0.196667 0.236667
0 0.905667 0.875667 0.188667 0.207333
0 0.662000 0.165667 0.250667 0.234000
0 0.789333 0.102000 0.117333 0.118667
0 0.861000 0.181000 0.163333 0.159333
0 0.876667 0.053000 0.140000 0.104667
0 0.518333 0.089000 0.076667 0.088667
0 0.159000 0.911000 0.214000 0.178000
