2 0.111667 0.093667 0.075333 0.083333
2 0.201333 0.080000 0.102667 0.102667
2 0.440333 0.055667 0.082000 0.088667
2 0.519667 0.065000 0.084667 0.090000
2 0.431667 0.143333 0.066000 0.086667
2 0.506333 0.167333 0.107333 0.148000
2 0.583667 0.176333 0.074000 0.092667
2 0.669000 0.197000 0.099333 0.146000
2 0.722667 0.104000 0.134667 0.161333
2 0.579667 0.267667 0.099333 0.102000
3 0.501000 0.258667 0.051333 0.060000
2 0.409667 0.232000 0.138000 0.134667
2 0.319000 0.195333 0.127333 0.134667
2 0.211667 0.187333 0.134000 0.130667
2 0.111000 0.199333 0.083333 0.112000
2 0.040333 0.265333 0.079333 0.097333
3 0.119333 0.296000 0.052000 0.050667
2 0.192000 0.301333 0.074667 0.084000
2 0.284667 0.309333 0.134667 0.114667
2 0.398000 0.321000 0.145333 0.112667
2 0.111000 0.379000 0.084667 0.099333
2 0.197333 0.394333 0.102667 0.100667
2 0.280667 0.412333 0.081333 0.096667
2 0.381000 0.429333 0.178000 0.122667
2 0.478000 0.429667 0.084000 0.082000
2 0.131000 0.486667 0.098000 0.102667
2 0.224000 0.490667 0.085333 0.080000
2 0.407333 0.517333 0.078667 0.064000
2 0.278667 0.585667 0.120000 0.127333
2 0.185667 0.560333 0.068667 0.068667
2 0.126000 0.631000 0.110667 0.126000
2 0.220333 0.656667 0.119333 0.121333
2 0.299667 0.680333 0.039333 0.044667
2 0.218333 0.737667 0.055333 0.044667
2 0.056333 0.713333 0.088667 0.080000
2 0.072333 0.808000 0.111333 0.106667
2 0.343667 0.779333 0.086000 0.096000
2 0.292333 0.835000 0.079333 0.086000
2 0.175000 0.837333 0.136667 0.157333
2 0.407667 0.701333 0.038000 0.042667
2 0.467000 0.738000 0.020667 0.021333
2 0.453333 0.640000 0.105333 0.096000
0 0.742667 0.422333 0.230667 0.186000
0 0.711667 0.620000 0.288667 0.246667
0 0.886667 0.813667 0.226667 0.286000
0 0.700333 0.899000 0.230000 0.186000
0 0.646000 0.758667 0.145333 0.106667
0 0.523333 0.747333 0.074667 0.101333
0 0.547000 0.668667 0.080667 0.101333
0 0.503333 0.340333 0.094667 0.095333
0 0.034333 0.540667 0.067333 0.114667
2 0.877667 0.049667 0.091333 0.098000
2 0.067000 0.951667 0.131333 0.096667
