2 0.068667 0.056333 0.092000 0.099333
2 0.174000 0.072667 0.114667 0.134667
2 0.049667 0.164000 0.092667 0.094667
2 0.116333 0.232333 0.130000 0.115333
2 0.270333 0.204667 0.180667 0.161333
2 0.228333 0.313000 0.132667 0.118000
2 0.096000 0.352667 0.141333 0.149333
2 0.489667 0.102333 0.080667 0.088667
2 0.471667 0.214667 0.127333 0.140000
2 0.575333 0.191333 0.104000 0.108000
2 0.576667 0.107667 0.057333 0.050000
2 0.627333 0.312667 0.130667 0.129333
2 0.602667 0.404000 0.109333 0.104000
2 0.488000 0.397000 0.124000 0.139333
2 0.299333 0.423000 0.150667 0.120667
2 0.721333 0.327667 0.065333 0.060667
2 0.474333 0.511333 0.102000 0.094667
2 0.153667 0.478333 0.134000 0.127333
2 0.067667 0.551667 0.107333 0.095333
2 0.257333 0.558667 0.156000 0.164000
2 0.357000 0.589000 0.100667 0.115333
2 0.564333 0.563667 0.115333 0.154000
2 0.657000 0.534667 0.108667 0.121333
2 0.464000 0.626000 0.120000 0.121333
2 0.204000 0.658333 0.090667 0.110000
2 0.094000 0.690333 0.128000 0.124667
2 0.063667 0.818000 0.123333 0.124000
2 0.182000 0.797000 0.078667 0.084667
2 0.160000 0.874667 0.074667 0.073333
2 0.299000 0.784333 0.164667 0.123333
2 0.316000 0.864000 0.049333 0.056000
2 0.323000 0.694000 0.118000 0.108000
2 0.445333 0.735333 0.129333 0.098667
2 0.424667 0.841000 0.116000 0.112667
2 0.384667 0.929000 0.130667 0.140667
2 0.587000 0.927333 0.102000 0.086667
3 0.689333 0.949000 0.084000 0.102000
3 0.806000 0.939667 0.138667 0.112667
2 0.924667 0.952333 0.097333 0.094000
3 0.956333 0.872000 0.055333 0.070667
2 0.853667 0.850000 0.162000 0.133333
2 0.736667 0.786333 0.142667 0.148667
2 0.610333 0.848667 0.155333 0.128000
2 0.610000 0.713667 0.140000 0.135333
2 0.758000 0.669667 0.140000 0.130000
2 0.866333 0.728667 0.134000 0.132000
2 0.768333 0.577000 0.107333 0.068667
1 0.648000 0.620667 0.034667 0.044000
3 0.869333 0.613000 0.105333 0.106000
2 0.796667 0.483667 0.205333 0.132667
3 0.812333 0.369333 0.126000 0.098667
2 0.916333 0.359333 0.087333 0.101333
3 0.827667 0.292667 0.068667 0.058667
2 0.785667 0.193333 0.168667 0.162667
2 0.928000 0.164333 0.122667 0.159333
2 0.934333 0.040333 0.096667 0.075333
3 0.823000 0.071000 0.091333 0.086000
0 0.402000 0.372667 0.106667 0.090667
0 0.655333 0.149333 0.109333 0.113333
0 0.052333 0.904667 0.103333 0.109333
0 0.148333 0.572667 0.080667 0.078667
0 0.512000 0.313000 0.085333 0.068667
0 0.418333 0.271667 0.096667 0.075333
2 0.391000 0.075333 0.174000 0.149333
2 0.719333 0.043667 0.108000 0.086000
2 0.242667 0.933333 0.181333 0.133333
3 0.955333 0.771333 0.089333 0.156000
3 0.954667 0.542667 0.090667 0.134667
