2 0.141333 0.066667 0.136000 0.112000
2 0.051667 0.158667 0.088667 0.085333
2 0.152667 0.157000 0.169333 0.123333
2 0.279667 0.104667 0.132667 0.114667
2 0.439333 0.114667 0.174667 0.169333
2 0.539667 0.046000 0.103333 0.088000
2 0.638000 0.065333 0.117333 0.125333
2 0.639000 0.135333 0.054000 0.054667
2 0.727333 0.087667 0.092000 0.096667
2 0.702000 0.227333 0.085333 0.086667
2 0.617667 0.226000 0.116667 0.121333
2 0.505000 0.201667 0.116667 0.123333
2 0.310000 0.195667 0.098667 0.091333
2 0.041667 0.246333 0.080667 0.107333
2 0.140667 0.257333 0.137333 0.116000
2 0.239333 0.263000 0.102667 0.083333
2 0.347333 0.283333 0.092000 0.100000
2 0.442000 0.290333 0.100000 0.112667
2 0.542000 0.295000 0.110667 0.115333
2 0.737333 0.306000 0.108000 0.085333
2 0.368000 0.374333 0.046667 0.056667
2 0.461333 0.380667 0.112000 0.094667
2 0.336000 0.451333 0.069333 0.068000
2 0.090667 0.347000 0.089333 0.076667
1 0.178333 0.367000 0.083333 0.114000
2 0.271667 0.355333 0.132667 0.142667
2 0.080333 0.442000 0.148667 0.122667
2 0.161000 0.445000 0.050000 0.039333
2 0.243333 0.444333 0.112000 0.083333
2 0.445000 0.467333 0.164667 0.106667
2 0.451000 0.596333 0.140667 0.160667
2 0.337333 0.556333 0.110667 0.110000
2 0.133333 0.531000 0.061333 0.056667
2 0.232333 0.528000 0.158000 0.124000
2 0.066333 0.596667 0.128667 0.116000
2 0.354333 0.662667 0.156667 0.134667
2 0.219000 0.661333 0.135333 0.176000
2 0.325667 0.748667 0.163333 0.126667
2 0.169333 0.727333 0.057333 0.044000
2 0.085333 0.728000 0.169333 0.156000
2 0.045667 0.823333 0.088667 0.084000
2 0.062000 0.904667 0.121333 0.094667
2 0.202333 0.837333 0.139333 0.153333
2 0.309667 0.845333 0.107333 0.081333
2 0.417000 0.766667 0.107333 0.142667
2 0.534667 0.748000 0.164000 0.201333
2 0.615667 0.772000 0.052667 0.073333
2 0.541000 0.886333 0.111333 0.106000
2 0.427000 0.872667 0.148667 0.116000
1 0.373667 0.928667 0.131333 0.101333
2 0.705000 0.802667 0.120667 0.133333
2 0.636000 0.885000 0.101333 0.112667
2 0.730333 0.908000 0.091333 0.092000
2 0.814667 0.918000 0.082667 0.089333
3 0.911333 0.918000 0.097333 0.089333
2 0.876000 0.839000 0.088000 0.102000
2 0.798333 0.814333 0.088667 0.111333
2 0.797000 0.731667 0.056667 0.055333
2 0.855000 0.733000 0.047333 0.054000
2 0.834333 0.318667 0.088667 0.084000
2 0.805667 0.236000 0.083333 0.077333
2 0.915000 0.266333 0.116667 0.124667
2 0.829333 0.077667 0.086667 0.076667
2 0.770333 0.149000 0.135333 0.104667
2 0.866333 0.161667 0.080667 0.096667
2 0.942000 0.152000 0.116000 0.116000
0 0.950333 0.390000 0.099333 0.153333
0 0.938000 0.754333 0.124000 0.151333
0 0.961333 0.833333 0.077333 0.082667
0 0.478333 0.951667 0.068667 0.072667
0 0.149000 0.966667 0.080667 0.066667
0 0.532667 0.641333 0.097333 0.094667
2 0.571333 0.965667 0.121333 0.068667
1 0.338667 0.049667 0.113333 0.098000
