2 0.131000 0.247667 0.146000 0.155333
2 0.243667 0.291000 0.130000 0.154000
2 0.269667 0.381333 0.036667 0.026667
2 0.141333 0.398333 0.206667 0.178000
2 0.594667 0.140333 0.168000 0.158000
2 0.625333 0.257000 0.138667 0.140667
3 0.051333 0.471333 0.101333 0.105333
2 0.420000 0.324667 0.030667 0.041333
2 0.484667 0.434000 0.193333 0.189333
2 0.629667 0.454000 0.108667 0.142667
2 0.610333 0.571333 0.119333 0.120000
2 0.092000 0.572333 0.165333 0.118000
2 0.187000 0.586667 0.100667 0.109333
2 0.725333 0.586667 0.121333 0.141333
2 0.711333 0.684333 0.096000 0.079333
2 0.634000 0.663667 0.020000 0.026000
2 0.554000 0.678000 0.121333 0.138667
2 0.457333 0.677000 0.078667 0.102000
2 0.356000 0.668333 0.108000 0.158000
2 0.263667 0.643000 0.084667 0.131333
3 0.074667 0.671000 0.120000 0.099333
2 0.167000 0.705333 0.123333 0.132000
2 0.694667 0.769333 0.142667 0.122667
2 0.410000 0.758333 0.110667 0.099333
2 0.293333 0.747667 0.108000 0.084667
2 0.284000 0.821000 0.113333 0.100667
2 0.128333 0.828333 0.027333 0.024667
2 0.378667 0.840333 0.060000 0.078000
2 0.466333 0.844000 0.115333 0.149333
3 0.548000 0.856000 0.058667 0.064000
3 0.040667 0.921000 0.072000 0.082000
3 0.114667 0.962333 0.062667 0.068667
2 0.220667 0.917667 0.152000 0.164667
2 0.331333 0.941000 0.098667 0.108667
2 0.639000 0.873667 0.132667 0.155333
2 0.767667 0.886667 0.134000 0.141333
2 0.872000 0.829333 0.090667 0.090667
2 0.917000 0.733333 0.147333 0.162667
2 0.810000 0.720333 0.122667 0.122000
3 0.821333 0.623000 0.086667 0.083333
3 0.810667 0.496667 0.094667 0.100000
2 0.923333 0.535000 0.153333 0.224667
2 0.838000 0.406333 0.114667 0.107333
2 0.941333 0.319333 0.098667 0.126667
2 0.835667 0.306667 0.148667 0.170667
2 0.744333 0.287333 0.115333 0.161333
2 0.729667 0.150333 0.114000 0.131333
2 0.836333 0.155667 0.110000 0.142000
2 0.685667 0.059333 0.155333 0.117333
0 0.271333 0.139333 0.084000 0.072000
0 0.352333 0.770333 0.044667 0.052667
0 0.169000 0.802333 0.055333 0.044667
0 0.904667 0.921667 0.082667 0.074000
0 0.776333 0.781000 0.062000 0.059333
0 0.909333 0.637333 0.057333 0.065333
0 0.574333 0.334000 0.095333 0.116000
0 0.901333 0.101000 0.093333 0.103333
0 0.522333 0.550333 0.076667 0.078000
2 0.055667 0.133667 0.110000 0.166000
2 0.199667 0.072000 0.174000 0.142667
3 0.495000 0.943333 0.159333 0.113333
2 0.954667 0.867333 0.090667 0.120000
