2 0.064333 0.943667 0.127333 0.110000
2 0.079667 0.545000 0.128667 0.139333
2 0.145667 0.449667 0.110000 0.123333
2 0.168000 0.606667 0.146667 0.149333
2 0.257000 0.669333 0.166000 0.138667
2 0.242333 0.515667 0.147333 0.162000
2 0.240000 0.386667 0.133333 0.121333
2 0.262333 0.262333 0.140667 0.131333
2 0.348333 0.338333 0.146000 0.146000
1 0.415333 0.434333 0.112000 0.140667
2 0.327333 0.470333 0.116000 0.128667
2 0.340667 0.599333 0.118667 0.113333
2 0.405667 0.808000 0.170000 0.188000
1 0.397667 0.671000 0.140667 0.134000
1 0.472333 0.596333 0.120667 0.107333
2 0.548667 0.674667 0.130667 0.145333
1 0.507333 0.502000 0.148000 0.142667
1 0.553000 0.402333 0.160667 0.139333
1 0.606000 0.477333 0.049333 0.049333
1 0.470667 0.337667 0.097333 0.103333
1 0.487000 0.877000 0.138000 0.140667
1 0.568333 0.919333 0.106000 0.108000
2 0.552333 0.802667 0.110000 0.117333
1 0.639333 0.862000 0.133333 0.108000
1 0.724333 0.902000 0.091333 0.133333
1 0.718333 0.788333 0.114000 0.107333
1 0.642333 0.729000 0.147333 0.110000
2 0.660333 0.630000 0.134000 0.112000
1 0.757667 0.687667 0.107333 0.094000
1 0.779333 0.601333 0.081333 0.090667
1 0.808667 0.766667 0.117333 0.133333
1 0.703667 0.551333 0.118000 0.113333
1 0.701667 0.439667 0.128667 0.116667
1 0.648333 0.376667 0.095333 0.092000
1 0.762333 0.345000 0.111333 0.096667
1 0.824333 0.443333 0.143333 0.169333
1 0.672000 0.286333 0.122667 0.102000
1 0.742333 0.220333 0.123333 0.114000
1 0.821333 0.277000 0.141333 0.119333
1 0.781667 0.143333 0.124667 0.124000
1 0.834667 0.066667 0.118667 0.121333
1 0.745000 0.037667 0.072667 0.075333
1 0.690667 0.074333 0.092000 0.090000
2 0.653000 0.165333 0.122000 0.124000
2 0.591000 0.222000 0.076667 0.078667
1 0.558667 0.295000 0.148000 0.120667
2 0.537333 0.166667 0.081333 0.082667
2 0.566333 0.099333 0.099333 0.105333
2 0.477333 0.095000 0.081333 0.082000
2 0.467000 0.187667 0.120667 0.108667
2 0.407333 0.242333 0.153333 0.140667
1 0.851333 0.910667 0.142667 0.113333
1 0.893000 0.811333 0.140667 0.116000
1 0.936000 0.746333 0.128000 0.143333
1 0.855333 0.661667 0.122667 0.108667
1 0.860000 0.562000 0.168000 0.110667
1 0.950667 0.622667 0.098667 0.106667
1 0.933333 0.479667 0.114667 0.099333
1 0.887667 0.357667 0.110000 0.080667
1 0.951333 0.404000 0.097333 0.097333
1 0.927333 0.257000 0.125333 0.135333
1 0.853333 0.193667 0.097333 0.095333
2 0.911667 0.132667 0.102000 0.085333
0 0.040667 0.421333 0.080000 0.081333
0 0.121000 0.412000 0.072667 0.074667
0 0.156667 0.318333 0.090667 0.100667
0 0.061667 0.325333 0.103333 0.094667
0 0.040667 0.199000 0.080000 0.084667
0 0.073667 0.117333 0.123333 0.098667
0 0.418333 0.076667 0.084667 0.070667
0 0.361667 0.142667 0.092667 0.093333
0 0.281000 0.078000 0.084667 0.093333
0 0.216333 0.145667 0.096667 0.095333
0 0.178667 0.221333 0.086667 0.085333
0 0.314000 0.216333 0.078667 0.075333
0 0.166667 0.058667 0.070667 0.078667
0 0.092333 0.035000 0.106000 0.070000
0 0.349333 0.027000 0.089333 0.054000
2 0.931333 0.960000 0.118667 0.078667
2 0.951000 0.883667 0.098000 0.111333
2 0.965333 0.069667 0.069333 0.115333
1 0.963667 0.176667 0.072667 0.094667
1 0.630000 0.041667 0.129333 0.083333
