0 0.264062 0.0195312 0.06875 0.0390625
3 0.471875 0.142969 0.084375 0.0796875
3 0.321875 0.830469 0.15 0.129688
3 0.657812 0.428906 0.15 0.123438
2 0.988281 0.326562 0.0234375 0.140625
3 0.0164062 0.046875 0.0328125 0.071875
3 0.827344 0.0203125 0.117188 0.040625
2 0.158594 0.715625 0.114063 0.109375
3 0.0203125 0.500781 0.040625 0.0953125
2 0.969531 0.817969 0.0578125 0.0953125
3 0.0398437 0.946094 0.0796875 0.107813
2 0.657812 0.428906 0.153125 0.126563
3 0.942969 0.021875 0.114063 0.04375
3 0.157031 0.714844 0.114063 0.107813
0 0.435156 0.266406 0.226562 0.270312
0 0.525781 0.523438 0.0578125 0.06875
2 0.649219 0.349219 0.110937 0.0734375
0 0.221094 0.173438 0.104687 0.128125
2 0.46875 0.0515625 0.175 0.103125
2 0.321875 0.83125 0.146875 0.134375
2 0.736719 0.713281 0.139062 0.110937
3 0.771875 0.935938 0.10625 0.125
2 0.946094 0.424219 0.104687 0.0796875
3 0.882031 0.0890625 0.129688 0.134375
0 0.421875 0.439844 0.05625 0.0671875
0 0.14375 0.0539063 0.040625 0.0453125
3 0.970312 0.114844 0.059375 0.0953125
2 0.792188 0.827344 0.1 0.110937
2 0.930469 0.732813 0.139062 0.115625
2 0.0421875 0.394531 0.084375 0.145313
0 0.534375 0.595312 0.059375 0.0625
3 0.178125 0.282813 0.109375 0.109375
3 0.341406 0.936719 0.160938 0.120312
2 0.0890625 0.591406 0.153125 0.145313
2 0.0445312 0.16875 0.0890625 0.15625
0 0.238281 0.909375 0.0609375 0.065625
2 0.947656 0.50625 0.101562 0.1
2 0.071875 0.267188 0.11875 0.125
2 0.817187 0.43125 0.1125 0.0875
3 0.1375 0.157031 0.078125 0.0984375
2 0.336719 0.582031 0.151562 0.123438
2 0.154687 0.392969 0.153125 0.135937
2 0.776563 0.604688 0.1125 0.121875
3 0.607813 0.701563 0.109375 0.08125
0 0.16875 0.911719 0.06875 0.0609375
0 0.472656 0.592188 0.0890625 0.084375
3 0.736719 0.492969 0.0953125 0.0921875
3 0.307031 0.460156 0.129688 0.135937
2 0.184375 0.49375 0.1375 0.109375
2 0.0539063 0.713281 0.107813 0.126563
0 0.476562 0.45625 0.0875 0.084375
3 0.600781 0.808594 0.107813 0.139062
2 0.757031 0.2375 0.101562 0.11875
0 0.460156 0.524219 0.0890625 0.0921875
2 0.939844 0.223438 0.120312 0.16875
2 0.782031 0.342969 0.107813 0.104687
3 0.846094 0.507812 0.0921875 0.0875
2 0.0664062 0.842969 0.132812 0.154687
2 0.283594 0.702344 0.142188 0.145313
2 0.910937 0.350781 0.15 0.120312
2 0.848437 0.229687 0.096875 0.128125
2 0.626562 0.235156 0.184375 0.164062
2 0.922656 0.616406 0.154687 0.142188
0 0.5125 0.670313 0.09375 0.1
2 0.185937 0.827344 0.14375 0.154687
3 0.482031 0.801562 0.145313 0.153125
2 0.639063 0.589844 0.171875 0.164062
2 0.210938 0.608594 0.11875 0.132812
3 0.413281 0.704687 0.135937 0.14375
2 0.714844 0.107031 0.167187 0.135937
