0 0.971094 0.0664062 0.0578125 0.0640625
3 0.93125 0.967969 0.1375 0.0609375
0 0.110156 0.603125 0.0984375 0.14375
2 0.978906 0.53125 0.0390625 0.11875
2 0.990625 0.194531 0.01875 0.110937
2 0.746094 0.0132813 0.107813 0.0265625
3 0.346094 0.167969 0.0734375 0.104687
3 0.785937 0.355469 0.071875 0.0671875
3 0.429688 0.377344 0.05625 0.0453125
3 0.817969 0.634375 0.101562 0.090625
3 0.691406 0.76875 0.0484375 0.05
3 0.75 0.496875 0.115625 0.096875
0 0.955469 0.107813 0.0703125 0.06875
0 0.76875 0.896875 0.246875 0.203125
0 0.917969 0.649219 0.0515625 0.0671875
0 0.307031 0.991406 0.0453125 0.0171875
0 0.0265625 0.871875 0.053125 0.075
3 0.425781 0.0203125 0.0828125 0.040625
0 0.976562 0.732031 0.040625 0.0359375
3 0.890625 0.974219 0.090625 0.0515625
3 0.2375 0.0148437 0.078125 0.0296875
0 0.642969 0.6625 0.173438 0.178125
3 0.486719 0.211719 0.0703125 0.0828125
0 0.652344 0.0460938 0.0640625 0.0671875
2 0.788281 0.350781 0.0515625 0.0546875
2 0.971094 0.6125 0.0578125 0.096875
3 0.749219 0.201562 0.101562 0.1125
2 0.978906 0.292969 0.0421875 0.0828125
3 0.839844 0.647656 0.0640625 0.0703125
3 0.677344 0.4625 0.0578125 0.05
3 0.967188 0.8625 0.065625 0.1125
2 0.548437 0.192188 0.065625 0.08125
3 0.610937 0.408594 0.059375 0.0796875
0 0.907031 0.271094 0.0578125 0.0609375
3 0.939844 0.479688 0.101562 0.09375
0 0.0742188 0.55625 0.148438 0.2875
3 0.971875 0.960156 0.05625 0.0703125
2 0.63125 0.548437 0.075 0.084375
3 0.959375 0.376563 0.08125 0.10625
3 0.933594 0.783594 0.0734375 0.0734375
3 0.760938 0.454688 0.1 0.078125
0 0.0710938 0.142969 0.142188 0.251563
3 0.720312 0.0609375 0.090625 0.096875
3 0.430469 0.146875 0.0796875 0.071875
3 0.747656 0.374219 0.110937 0.0984375
3 0.335938 0.147656 0.059375 0.0609375
0 0.823438 0.186719 0.053125 0.0703125
3 0.692969 0.142969 0.0890625 0.0828125
3 0.614062 0.16875 0.078125 0.090625
0 0.0625 0.796094 0.0875 0.117188
3 0.663281 0.244531 0.0765625 0.101562
3 0.377344 0.421094 0.0546875 0.0515625
3 0.71875 0.524219 0.125 0.0921875
3 0.215625 0.06875 0.06875 0.08125
3 0.538281 0.040625 0.114063 0.08125
3 0.878906 0.710938 0.101562 0.109375
3 0.395312 0.332031 0.090625 0.0796875
3 0.382812 0.107031 0.053125 0.0609375
3 0.910156 0.895312 0.0953125 0.09375
3 0.779688 0.742188 0.121875 0.1125
3 0.452344 0.075 0.0734375 0.084375
3 0.667188 0.39375 0.06875 0.096875
0 0.191406 0.883594 0.292188 0.232812
0 0.184375 0.114844 0.09375 0.0828125
2 0.852344 0.817187 0.0953125 0.090625
3 0.367969 0.196094 0.0609375 0.0640625
3 0.528125 0.117969 0.1 0.0984375
0 0.43125 0.795313 0.09375 0.1
3 0.589844 0.257031 0.0828125 0.0859375
3 0.420312 0.234375 0.075 0.09375
3 0.588281 0.330469 0.0890625 0.0765625
3 0.353906 0.040625 0.0765625 0.078125
3 0.786719 0.601562 0.114063 0.10625
3 0.517969 0.576563 0.107813 0.096875
3 0.809375 0.278906 0.1125 0.101562
0 0.108594 0.309375 0.217187 0.253125
3 0.501562 0.282813 0.090625 0.084375
3 0.290625 0.0679687 0.078125 0.104687
0 0.226562 0.488281 0.178125 0.226562
0 0.239063 0.264062 0.2375 0.28125
0 0.514844 0.724219 0.139062 0.154687
0 0.516406 0.428125 0.223438 0.215625
0 0.614844 0.908594 0.264062 0.182812
