2 0.021875 0.932031 0.0375 0.0390625
0 0.0726563 0.564844 0.142188 0.154687
1 0.305469 0.497656 0.0453125 0.0421875
0 0.200781 0.79375 0.0453125 0.04375
2 0.30625 0.498437 0.046875 0.04375
2 0.025 0.813281 0.046875 0.0484375
0 0.114844 0.0414063 0.160938 0.0828125
2 0.610937 0.146875 0.078125 0.084375
0 0.30625 0.5 0.046875 0.04375
0 0.417188 0.464844 0.040625 0.0390625
0 0.100781 0.9875 0.0453125 0.025
0 0.151562 0.752344 0.09375 0.0796875
0 0.0601562 0.988281 0.0484375 0.0234375
0 0.244531 0.021875 0.176563 0.04375
0 0.125781 0.961719 0.0328125 0.0421875
0 0.610156 0.148438 0.0859375 0.0875
0 0.629687 0.0523437 0.175 0.104687
0 0.277344 0.933594 0.295312 0.132812
0 0.075 0.239063 0.059375 0.0625
0 0.175 0.390625 0.125 0.125
0 0.742188 0.65625 0.440625 0.415625
0 0.742969 0.08125 0.173438 0.146875
0 0.503125 0.460938 0.096875 0.090625
0 0.360156 0.525 0.0453125 0.04375
0 0.0757812 0.938281 0.0703125 0.0796875
0 0.171094 0.903125 0.0671875 0.075
0 0.313281 0.104687 0.301562 0.209375
0 0.866406 0.860156 0.260938 0.232812
0 0.078125 0.405469 0.15625 0.195312
2 0.33125 0.667188 0.071875 0.075
0 0.197656 0.33125 0.182812 0.178125
0 0.432031 0.903906 0.0796875 0.0859375
0 0.657031 0.855469 0.0640625 0.0765625
0 0.0554687 0.078125 0.110937 0.15625
0 0.405469 0.401563 0.0484375 0.04375
0 0.199219 0.557813 0.132812 0.15
0 0.783594 0.303906 0.432813 0.345313
