2 0.0109375 0.675781 0.021875 0.104687
2 0.976562 0.271875 0.04375 0.084375
2 0.975 0.528125 0.05 0.084375
0 0.0148437 0.277344 0.0296875 0.0359375
3 0.0125 0.673437 0.025 0.103125
3 0.977344 0.528125 0.0453125 0.08125
2 0.167187 0.96875 0.10625 0.0625
0 0.928125 0.311719 0.071875 0.0671875
2 0.216406 0.535937 0.0546875 0.075
3 0.0726563 0.514844 0.0390625 0.0421875
1 0.963281 0.834375 0.0734375 0.15
2 0.963281 0.830469 0.0734375 0.142188
0 0.689062 0.54375 0.075 0.084375
3 0.422656 0.194531 0.0890625 0.0703125
2 0.028125 0.928125 0.05625 0.078125
3 0.0164062 0.578125 0.0328125 0.0875
3 0.964063 0.710938 0.06875 0.06875
0 0.771875 0.149219 0.45625 0.298438
3 0.982031 0.347656 0.0328125 0.0734375
2 0.0359375 0.828906 0.071875 0.142188
2 0.0585938 0.971094 0.0984375 0.0578125
2 0.1125 0.939844 0.1125 0.0984375
0 0.0164062 0.385156 0.0328125 0.0515625
2 0.579687 0.5375 0.13125 0.109375
1 0.753125 0.978125 0.10625 0.04375
2 0.942187 0.967969 0.115625 0.0640625
1 0.273438 0.945312 0.096875 0.103125
2 0.879687 0.83125 0.11875 0.146875
1 0.847656 0.98125 0.101562 0.0375
3 0.785156 0.446875 0.0703125 0.075
3 0.0796875 0.440625 0.075 0.0625
3 0.155469 0.301562 0.0765625 0.071875
3 0.455469 0.51875 0.114063 0.10625
0 0.344531 0.188281 0.0390625 0.0421875
2 0.439844 0.266406 0.101562 0.104687
3 0.2625 0.514063 0.08125 0.0875
2 0.892187 0.539062 0.10625 0.1
2 0.215625 0.898438 0.084375 0.1
3 0.352344 0.502344 0.0953125 0.0984375
2 0.965625 0.614062 0.06875 0.103125
2 0.0820312 0.66875 0.101562 0.084375
2 0.210156 0.667969 0.0703125 0.0765625
2 0.964063 0.439844 0.071875 0.101562
1 0.64375 0.9625 0.109375 0.075
3 0.460938 0.444531 0.078125 0.0671875
1 0.513281 0.95 0.151562 0.1
3 0.557031 0.435937 0.114063 0.103125
1 0.375 0.792188 0.090625 0.1
0 0.669531 0.792969 0.0546875 0.0609375
3 0.121875 0.238281 0.08125 0.0765625
3 0.164062 0.427344 0.078125 0.0703125
2 0.792969 0.630469 0.120312 0.107813
3 0.890625 0.625781 0.08125 0.0828125
2 0.597656 0.63125 0.0890625 0.090625
3 0.227344 0.242188 0.0921875 0.10625
3 0.160938 0.504687 0.0875 0.084375
1 0.294531 0.880469 0.0765625 0.0984375
3 0.54375 0.263281 0.09375 0.101562
2 0.122656 0.85625 0.135937 0.096875
3 0.132031 0.350781 0.0734375 0.0671875
2 0.382812 0.704687 0.090625 0.08125
0 0.0695312 0.380469 0.0765625 0.0765625
1 0.396875 0.9625 0.121875 0.075
2 0.78125 0.529688 0.121875 0.103125
2 0.49375 0.358594 0.078125 0.0734375
3 0.25625 0.435937 0.08125 0.071875
3 0.222656 0.346094 0.107813 0.107813
2 0.288281 0.669531 0.101562 0.120312
2 0.18125 0.590625 0.10625 0.09375
3 0.321875 0.263281 0.103125 0.110937
2 0.683594 0.721875 0.0921875 0.08125
2 0.0882813 0.766406 0.0984375 0.104687
2 0.473437 0.817969 0.134375 0.176563
1 0.708594 0.895312 0.132812 0.1875
2 0.690625 0.635938 0.096875 0.10625
2 0.507031 0.707812 0.110937 0.078125
1 0.904688 0.9125 0.096875 0.0875
3 0.7125 0.350781 0.10625 0.110937
3 0.829687 0.361719 0.125 0.139062
3 0.68125 0.455469 0.13125 0.123438
3 0.3875 0.360938 0.125 0.11875
1 0.291406 0.774219 0.104687 0.104687
2 0.775781 0.823438 0.123438 0.121875
2 0.378125 0.609375 0.13125 0.115625
3 0.879687 0.444531 0.096875 0.0890625
2 0.491406 0.617969 0.107813 0.104687
2 0.08125 0.582031 0.090625 0.0890625
2 0.592969 0.798437 0.132812 0.146875
1 0.384375 0.890625 0.153125 0.14375
2 0.782812 0.727344 0.109375 0.101562
1 0.591406 0.904688 0.126563 0.096875
1 0.81875 0.925 0.1125 0.1125
2 0.879687 0.717969 0.09375 0.101562
2 0.182031 0.782031 0.114063 0.117188
