0 0.00625 0.882031 0.0125 0.0765625
0 0.05 0.984375 0.084375 0.03125
3 0.967969 0.703125 0.0640625 0.08125
2 0.0664062 0.917188 0.0953125 0.10625
0 0.0859375 0.446875 0.040625 0.046875
0 0.575 0.109375 0.071875 0.075
3 0.905469 0.717188 0.0921875 0.090625
2 0.889063 0.900781 0.11875 0.107813
2 0.142969 0.928125 0.0546875 0.05
0 0.76875 0.572656 0.075 0.0671875
0 0.015625 0.955469 0.03125 0.0734375
0 0.154687 0.698438 0.05 0.053125
0 0.701563 0.980469 0.121875 0.0390625
2 0.758594 0.727344 0.107813 0.139062
0 0.299219 0.835938 0.0453125 0.040625
3 0.141406 0.941406 0.0671875 0.0609375
0 0.405469 0.0429688 0.114063 0.0859375
0 0.69375 0.665625 0.034375 0.034375
3 0.860156 0.959375 0.160938 0.078125
0 0.965625 0.526563 0.040625 0.034375
3 0.964844 0.971875 0.0578125 0.05625
2 0.972656 0.589063 0.0546875 0.096875
0 0.784375 0.516406 0.053125 0.0546875
0 0.910156 0.127344 0.0609375 0.0859375
2 0.903906 0.71875 0.0953125 0.090625
2 0.967969 0.700781 0.0640625 0.0765625
3 0.755469 0.74375 0.0984375 0.1125
3 0.970312 0.889844 0.059375 0.107813
2 0.883594 0.815625 0.151562 0.1
3 0.146875 0.971875 0.09375 0.05625
3 0.683594 0.933594 0.110937 0.0953125
2 0.132031 0.858594 0.110937 0.120312
3 0.967969 0.790625 0.0640625 0.10625
0 0.0804688 0.775 0.0484375 0.046875
0 0.589844 0.040625 0.160938 0.08125
3 0.829687 0.735156 0.0625 0.0734375
2 0.239844 0.959375 0.0734375 0.071875
3 0.879687 0.9 0.146875 0.109375
3 0.0664062 0.917969 0.0984375 0.107813
0 0.226562 0.782812 0.1 0.08125
3 0.717969 0.849219 0.101562 0.0796875
0 0.0320312 0.723437 0.0578125 0.065625
0 0.0648438 0.107031 0.129688 0.214062
0 0.291406 0.85625 0.0546875 0.071875
2 0.433594 0.96875 0.123438 0.0625
0 0.971094 0.326562 0.0453125 0.05
0 0.460938 0.714844 0.034375 0.0390625
2 0.54375 0.954687 0.15 0.090625
0 0.797656 0.10625 0.298438 0.2125
0 0.0226563 0.783594 0.0453125 0.0546875
0 0.707031 0.635938 0.0484375 0.04375
0 0.122656 0.757812 0.0390625 0.05
0 0.683594 0.376563 0.145313 0.1625
2 0.352344 0.769531 0.114063 0.110937
0 0.610156 0.516406 0.0546875 0.0515625
0 0.157813 0.771875 0.053125 0.0625
0 0.638281 0.247656 0.0609375 0.0671875
0 0.633594 0.474219 0.0421875 0.0421875
2 0.621875 0.845312 0.0875 0.1
2 0.217187 0.884375 0.1 0.11875
0 0.771094 0.307813 0.223438 0.209375
0 0.0375 0.847656 0.065625 0.0703125
2 0.767187 0.680469 0.1 0.0921875
0 0.915625 0.332812 0.065625 0.059375
0 0.507812 0.289062 0.246875 0.190625
0 0.942187 0.275 0.059375 0.059375
0 0.23125 0.707812 0.10625 0.09375
2 0.670313 0.75625 0.125 0.128125
2 0.897656 0.632812 0.117188 0.1
0 0.778125 0.439063 0.090625 0.08125
0 0.270312 0.594531 0.25 0.229687
2 0.510938 0.873438 0.128125 0.140625
0 0.0664062 0.616406 0.132812 0.142188
