2 0.984375 0.716406 0.028125 0.114063
2 0.0414063 0.4875 0.0828125 0.1375
2 0.630469 0.0242187 0.0890625 0.0484375
1 0.770312 0.640625 0.15625 0.15
2 0.93125 0.742969 0.1375 0.139062
2 0.985937 0.0664062 0.028125 0.132812
1 0.435156 0.945312 0.107813 0.103125
2 0.375781 0.128906 0.139062 0.126563
1 0.880469 0.411719 0.164062 0.132812
0 0.221094 0.239844 0.0234375 0.0296875
0 0.555469 0.260938 0.0546875 0.046875
3 0.0125 0.417969 0.025 0.0796875
2 0.435156 0.946875 0.107813 0.10625
2 0.667969 0.980469 0.157813 0.0390625
1 0.1375 0.585156 0.096875 0.0828125
1 0.651563 0.89375 0.15625 0.159375
0 0.964063 0.43125 0.0625 0.071875
3 0.630469 0.0210938 0.0890625 0.0421875
1 0.0398437 0.488281 0.0796875 0.132812
2 0.539062 0.0226563 0.096875 0.0421875
2 0.138281 0.585156 0.0984375 0.0859375
2 0.172656 0.0757812 0.101562 0.120312
3 0.375 0.129688 0.146875 0.13125
2 0.0765625 0.892969 0.06875 0.101562
2 0.650781 0.895312 0.157813 0.159375
2 0.0835937 0.796875 0.0921875 0.09375
3 0.400781 0.0382813 0.132812 0.0765625
2 0.967188 0.261719 0.065625 0.185937
1 0.93125 0.74375 0.1375 0.14375
2 0.0289063 0.726562 0.0578125 0.115625
2 0.0375 0.840625 0.075 0.153125
0 0.503906 0.825781 0.0734375 0.0546875
2 0.2 0.963281 0.14375 0.0734375
2 0.722656 0.0296875 0.110937 0.059375
2 0.321875 0.953906 0.13125 0.0921875
0 0.0789063 0.329688 0.0515625 0.05625
2 0.79375 0.66875 0.140625 0.125
2 0.778906 0.463281 0.167187 0.198437
1 0.778906 0.463281 0.164062 0.195312
2 0.882031 0.413281 0.170312 0.135937
1 0.654688 0.782031 0.096875 0.0828125
2 0.576563 0.30625 0.090625 0.0875
2 0.790625 0.964844 0.128125 0.0703125
2 0.0414063 0.603906 0.0828125 0.126563
2 0.485156 0.335938 0.0921875 0.08125
2 0.879687 0.860937 0.146875 0.13125
2 0.489062 0.726562 0.11875 0.159375
2 0.396875 0.747656 0.159375 0.176563
2 0.603906 0.419531 0.204688 0.185937
2 0.113281 0.185937 0.114063 0.09375
2 0.0765625 0.10625 0.10625 0.090625
2 0.264062 0.0734375 0.08125 0.103125
2 0.467187 0.547656 0.209375 0.214062
2 0.134375 0.690625 0.184375 0.146875
2 0.905469 0.0632813 0.154687 0.126563
2 0.221875 0.151562 0.1 0.090625
2 0.921875 0.953906 0.14375 0.0921875
1 0.380469 0.874219 0.182812 0.126563
1 0.285156 0.778906 0.0953125 0.126563
2 0.886719 0.171094 0.0890625 0.101562
2 0.310937 0.239844 0.134375 0.123438
2 0.146094 0.485156 0.167187 0.142188
2 0.374219 0.323438 0.117188 0.103125
2 0.73125 0.120312 0.1375 0.15
2 0.515625 0.182031 0.11875 0.135937
1 0.691406 0.71875 0.126563 0.1125
2 0.184375 0.896875 0.159375 0.11875
2 0.396094 0.43125 0.157813 0.15
2 0.527344 0.915625 0.110937 0.13125
2 0.285156 0.360938 0.0890625 0.0875
2 0.9125 0.614062 0.175 0.1375
2 0.771094 0.879687 0.110937 0.128125
1 0.675 0.514063 0.128125 0.115625
2 0.778906 0.197656 0.164062 0.164062
2 0.617188 0.128125 0.115625 0.18125
2 0.929688 0.513281 0.140625 0.117188
2 0.253906 0.589844 0.148438 0.142188
2 0.182812 0.784375 0.128125 0.134375
2 0.800781 0.78125 0.142188 0.109375
2 0.41875 0.21875 0.115625 0.125
2 0.855469 0.278906 0.170312 0.148438
2 0.273438 0.459375 0.1125 0.121875
1 0.613281 0.6125 0.154687 0.153125
2 0.167969 0.353906 0.148438 0.139062
1 0.582031 0.724219 0.104687 0.129688
2 0.3125 0.653125 0.146875 0.146875
2 0.517187 0.0804688 0.1125 0.0921875
1 0.733594 0.603125 0.123438 0.125
