3 0.575 0.664062 0.1 0.08125
2 0.75 0.348437 0.1125 0.0875
2 0.958594 0.444531 0.0765625 0.114063
2 0.765625 0.863281 0.096875 0.101562
3 0.560156 0.969531 0.0984375 0.0609375
2 0.363281 0.147656 0.0390625 0.0390625
3 0.363281 0.146875 0.0421875 0.0375
3 0.961719 0.445312 0.0765625 0.11875
3 0.0382813 0.36875 0.0671875 0.13125
0 0.457031 0.142188 0.0421875 0.046875
0 0.460156 0.991406 0.0640625 0.0171875
0 0.914844 0.742969 0.0515625 0.0640625
3 0.971094 0.104687 0.0578125 0.071875
0 0.0375 0.110937 0.0375 0.0375
3 0.325781 0.522656 0.142188 0.0953125
2 0.563281 0.967969 0.0984375 0.0640625
2 0.960156 0.0515625 0.0796875 0.096875
0 0.786719 0.0921875 0.129688 0.10625
2 0.944531 0.953125 0.107813 0.09375
2 0.505469 0.0492188 0.120312 0.0984375
2 0.286719 0.09375 0.0890625 0.096875
3 0.350781 0.0625 0.0671875 0.109375
2 0.671094 0.713281 0.0671875 0.0859375
3 0.753906 0.678125 0.0984375 0.103125
3 0.96875 0.232812 0.05625 0.06875
3 0.717969 0.533594 0.0921875 0.0921875
0 0.186719 0.946094 0.0609375 0.0859375
3 0.959375 0.0523437 0.08125 0.0984375
3 0.842969 0.194531 0.0609375 0.0546875
0 0.0625 0.734375 0.121875 0.346875
3 0.771094 0.947656 0.0859375 0.0640625
0 0.0765625 0.983594 0.103125 0.0328125
3 0.550781 0.897656 0.0515625 0.0515625
2 0.982031 0.765625 0.0359375 0.090625
3 0.364062 0.727344 0.04375 0.0515625
2 0.717969 0.533594 0.0921875 0.0921875
3 0.983594 0.275 0.0328125 0.0875
2 0.721875 0.98125 0.11875 0.0375
3 0.289844 0.090625 0.0828125 0.096875
2 0.350781 0.0625 0.0671875 0.10625
3 0.671875 0.714063 0.06875 0.0875
2 0.769531 0.946875 0.0859375 0.065625
2 0.7875 0.09375 0.13125 0.109375
0 0.105469 0.830469 0.210938 0.339063
2 0.755469 0.676562 0.0984375 0.10625
3 0.979688 0.160156 0.040625 0.0953125
2 0.4375 0.253125 0.059375 0.05
3 0.503906 0.0476562 0.120312 0.0953125
3 0.120312 0.0679687 0.084375 0.0703125
3 0.945312 0.953906 0.109375 0.0921875
3 0.958594 0.865625 0.0828125 0.11875
3 0.369531 0.198437 0.101562 0.1
2 0.282031 0.0273438 0.110937 0.0546875
3 0.833594 0.325 0.0578125 0.059375
3 0.159375 0.360156 0.084375 0.0828125
3 0.750781 0.348437 0.104687 0.0875
2 0.7875 0.823438 0.06875 0.0625
3 0.824219 0.021875 0.0890625 0.04375
2 0.535156 0.36875 0.0796875 0.1
0 0.0890625 0.604688 0.146875 0.128125
0 0.667969 0.791406 0.0421875 0.0484375
2 0.563281 0.207031 0.104687 0.123438
3 0.107031 0.289844 0.0609375 0.0578125
2 0.366406 0.274219 0.0828125 0.0640625
3 0.239844 0.24375 0.0953125 0.0875
2 0.2 0.034375 0.059375 0.05625
3 0.889844 0.135156 0.0984375 0.0859375
0 0.25625 0.660937 0.125 0.0875
3 0.600781 0.742969 0.0828125 0.0828125
0 0.782031 0.529688 0.0484375 0.05
3 0.378906 0.875781 0.0390625 0.0453125
2 0.495313 0.686719 0.06875 0.0890625
3 0.377344 0.338281 0.104687 0.0859375
3 0.753906 0.869531 0.0953125 0.0953125
3 0.440625 0.624219 0.08125 0.0703125
3 0.0359375 0.336719 0.05625 0.0640625
3 0.341406 0.615625 0.0703125 0.06875
3 0.26875 0.170312 0.075 0.078125
0 0.832031 0.640625 0.0484375 0.065625
3 0.903125 0.2375 0.08125 0.103125
3 0.691406 0.615625 0.101562 0.08125
3 0.391406 0.578906 0.0609375 0.0578125
3 0.040625 0.402344 0.071875 0.0609375
3 0.735156 0.445312 0.107813 0.1
3 0.645312 0.317187 0.10625 0.121875
3 0.738281 0.285156 0.0703125 0.0609375
3 0.53125 0.601562 0.09375 0.078125
0 0.188281 0.58125 0.0828125 0.078125
3 0.676562 0.875 0.06875 0.1
3 0.882812 0.0578125 0.065625 0.084375
3 0.771875 0.220313 0.075 0.06875
3 0.697656 0.242188 0.0734375 0.075
3 0.904688 0.396094 0.1125 0.107813
3 0.595312 0.824219 0.078125 0.0828125
3 0.175 0.271875 0.059375 0.059375
3 0.376563 0.66875 0.0625 0.05625
3 0.636719 0.096875 0.0859375 0.071875
3 0.255469 0.397656 0.0640625 0.0609375
3 0.2375 0.464844 0.075 0.0703125
0 0.034375 0.059375 0.05625 0.065625
2 0.555469 0.669531 0.0609375 0.0703125
3 0.817969 0.261719 0.0890625 0.0859375
3 0.821875 0.419531 0.084375 0.0953125
3 0.429688 0.705469 0.071875 0.0859375
2 0.502344 0.1625 0.0953125 0.109375
3 0.409375 0.0625 0.071875 0.11875
2 0.278906 0.302344 0.0921875 0.0984375
3 0.196094 0.183594 0.0796875 0.0890625
3 0.920313 0.310937 0.103125 0.075
3 0.623438 0.653125 0.08125 0.096875
3 0.127344 0.44375 0.0953125 0.096875
3 0.610937 0.896094 0.06875 0.0796875
3 0.542188 0.5 0.115625 0.125
3 0.211719 0.100781 0.0828125 0.0921875
3 0.113281 0.148438 0.101562 0.10625
3 0.735937 0.171094 0.071875 0.0796875
3 0.400781 0.795313 0.0796875 0.078125
3 0.461719 0.555469 0.0671875 0.0671875
0 0.658594 0.500781 0.0609375 0.0671875
3 0.508594 0.764063 0.0984375 0.084375
3 0.392969 0.407813 0.0890625 0.06875
3 0.0492188 0.464844 0.0828125 0.0828125
3 0.440625 0.847656 0.08125 0.0859375
3 0.470313 0.314844 0.09375 0.104687
3 0.222656 0.539844 0.0734375 0.0828125
3 0.31875 0.425781 0.08125 0.0890625
3 0.296875 0.535156 0.078125 0.0890625
3 0.432813 0.474219 0.09375 0.0953125
3 0.357812 0.507031 0.08125 0.0984375
3 0.821875 0.764063 0.1125 0.11875
3 0.657031 0.178906 0.0921875 0.110937
3 0.520312 0.844531 0.08125 0.0859375
0 0.253125 0.828906 0.228125 0.292188
