2 0.0664062 0.989062 0.0765625 0.021875
2 0.257812 0.310156 0.13125 0.0828125
2 0.967188 0.0179687 0.065625 0.0359375
3 0.496094 0.349219 0.0515625 0.0453125
3 0.689062 0.675781 0.103125 0.0953125
3 0.569531 0.427344 0.110937 0.179688
2 0.558594 0.964844 0.123438 0.0703125
3 0.282031 0.982031 0.0734375 0.0359375
2 0.349219 0.0226563 0.129688 0.0453125
3 0.76875 0.009375 0.0875 0.01875
2 0.847656 0.714844 0.135937 0.123438
3 0.946094 0.907031 0.107813 0.0984375
2 0.228125 0.382812 0.096875 0.115625
3 0.175781 0.389062 0.148438 0.090625
3 0.985156 0.149219 0.0296875 0.0890625
3 0.414062 0.321875 0.10625 0.103125
3 0.0742188 0.852344 0.107813 0.114063
3 0.514844 0.0132813 0.0765625 0.0265625
2 0.957031 0.975781 0.0765625 0.0484375
3 0.0671875 0.227344 0.096875 0.110937
2 0.11875 0.557813 0.096875 0.096875
2 0.04375 0.820312 0.0875 0.11875
2 0.407031 0.496094 0.110937 0.0765625
3 0.582031 0.892969 0.0984375 0.101562
0 0.823438 0.530469 0.065625 0.0828125
3 0.275781 0.903125 0.132812 0.121875
2 0.196875 0.570312 0.075 0.0875
0 0.796875 0.442969 0.078125 0.0703125
3 0.346094 0.0226563 0.123438 0.0453125
3 0.741406 0.51875 0.139062 0.1375
3 0.271875 0.775781 0.128125 0.126563
3 0.846094 0.0171875 0.0921875 0.034375
3 0.216406 0.484375 0.104687 0.1
3 0.959375 0.975 0.08125 0.05
2 0.58125 0.894531 0.09375 0.0953125
2 0.840625 0.960938 0.153125 0.078125
2 0.277344 0.903125 0.132812 0.11875
2 0.492188 0.289062 0.096875 0.096875
3 0.407813 0.497656 0.109375 0.0796875
3 0.49375 0.289844 0.096875 0.0984375
2 0.215625 0.483594 0.103125 0.0984375
2 0.948438 0.907812 0.103125 0.096875
2 0.257031 0.0515625 0.0703125 0.05625
3 0.486719 0.644531 0.0796875 0.0890625
2 0.413281 0.320312 0.101562 0.103125
3 0.565625 0.964844 0.1 0.0703125
3 0.975 0.263281 0.05 0.129688
3 0.38125 0.905469 0.0875 0.117188
3 0.383594 0.980469 0.123438 0.0390625
3 0.0226563 0.146094 0.0453125 0.101562
2 0.375 0.814062 0.084375 0.078125
2 0.05625 0.948438 0.1125 0.090625
2 0.0460938 0.726562 0.0921875 0.096875
2 0.841406 0.814844 0.101562 0.0921875
2 0.482031 0.974219 0.0734375 0.0484375
2 0.730469 0.714063 0.0734375 0.071875
3 0.11875 0.55625 0.096875 0.096875
3 0.400781 0.563281 0.107813 0.0734375
2 0.842969 0.623438 0.0890625 0.075
2 0.0414063 0.504687 0.0828125 0.13125
2 0.742969 0.519531 0.142188 0.139062
3 0.564844 0.465625 0.151562 0.09375
3 0.898438 0.264062 0.096875 0.065625
2 0.0671875 0.44375 0.078125 0.071875
3 0.195312 0.570312 0.075 0.0875
3 0.739844 0.400781 0.0890625 0.0890625
2 0.438281 0.0265625 0.0671875 0.053125
2 0.98125 0.369531 0.0375 0.0921875
3 0.0429688 0.360938 0.0859375 0.1125
3 0.225 0.382812 0.096875 0.109375
2 0.0765625 0.850781 0.1125 0.117188
2 0.658594 0.340625 0.0953125 0.128125
2 0.264844 0.325 0.0640625 0.059375
3 0.570312 0.38125 0.078125 0.09375
3 0.474219 0.891406 0.114063 0.117188
3 0.677344 0.0390625 0.104687 0.078125
3 0.425781 0.183594 0.104687 0.114063
3 0.928125 0.397656 0.090625 0.0796875
2 0.25 0.236719 0.184375 0.135937
3 0.845312 0.715625 0.14375 0.125
3 0.288281 0.578906 0.123438 0.126563
2 0.854688 0.9 0.078125 0.06875
3 0.735156 0.858594 0.148438 0.179688
3 0.666406 0.196094 0.0609375 0.0703125
3 0.471875 0.790625 0.1 0.096875
2 0.0460938 0.635156 0.0921875 0.120312
3 0.904688 0.101562 0.14375 0.11875
3 0.538281 0.539844 0.135937 0.0828125
3 0.141406 0.642969 0.114063 0.0859375
3 0.917969 0.553125 0.151562 0.115625
3 0.772656 0.0570313 0.0859375 0.0953125
2 0.757812 0.142969 0.084375 0.0640625
3 0.510156 0.05625 0.0734375 0.08125
0 0.330469 0.514844 0.0578125 0.0515625
3 0.949219 0.667188 0.101562 0.134375
3 0.0796875 0.203906 0.078125 0.0640625
3 0.492188 0.407031 0.090625 0.101562
3 0.0890625 0.127344 0.096875 0.101562
2 0.271875 0.776563 0.13125 0.128125
3 0.167187 0.167969 0.0875 0.104687
3 0.90625 0.190625 0.11875 0.090625
3 0.174219 0.961719 0.123438 0.0765625
3 0.664062 0.871094 0.084375 0.114063
0 0.635156 0.419531 0.0609375 0.0578125
3 0.9375 0.467187 0.121875 0.096875
3 0.446875 0.0867188 0.08125 0.0859375
2 0.166406 0.853906 0.114063 0.154687
3 0.48125 0.716406 0.084375 0.0671875
2 0.389844 0.742188 0.0671875 0.0625
3 0.835938 0.394531 0.09375 0.0984375
2 0.133594 0.475781 0.0796875 0.0828125
3 0.56875 0.814062 0.103125 0.09375
3 0.592188 0.215625 0.090625 0.075
3 0.678125 0.960156 0.13125 0.0796875
3 0.139844 0.398438 0.0734375 0.078125
3 0.767187 0.213281 0.15 0.101562
3 0.583594 0.0476562 0.0796875 0.0828125
3 0.0539063 0.271875 0.107813 0.1125
3 0.946094 0.810938 0.107813 0.115625
3 0.573438 0.720312 0.115625 0.10625
3 0.591406 0.289844 0.110937 0.0984375
3 0.307813 0.422656 0.10625 0.135937
2 0.919531 0.321875 0.120312 0.0875
3 0.663281 0.542969 0.0921875 0.117188
2 0.739062 0.635156 0.128125 0.0953125
3 0.334375 0.169531 0.0875 0.0921875
3 0.696875 0.110937 0.1 0.10625
0 0.709375 0.771875 0.090625 0.075
3 0.510156 0.209375 0.0890625 0.0875
3 0.239844 0.116406 0.114063 0.107813
3 0.40625 0.414844 0.09375 0.0984375
3 0.56875 0.616406 0.134375 0.0953125
3 0.6 0.128906 0.096875 0.107813
3 0.504687 0.135156 0.09375 0.0828125
3 0.76875 0.308594 0.14375 0.107813
2 0.29375 0.675781 0.075 0.0765625
3 0.154687 0.315625 0.10625 0.103125
3 0.3875 0.655469 0.121875 0.120312
3 0.197656 0.686719 0.114063 0.110937
3 0.346094 0.084375 0.114063 0.109375
