1 0.628906 0.9125 0.173438 0.175
2 0.978906 0.477344 0.0421875 0.0921875
1 0.514063 0.983594 0.134375 0.0328125
2 0.704687 0.0179687 0.1125 0.0359375
1 0.697656 0.733594 0.104687 0.0921875
2 0.0773437 0.824219 0.135937 0.142188
1 0.976562 0.207031 0.046875 0.110937
1 0.9875 0.0984375 0.025 0.14375
2 0.835156 0.01875 0.120312 0.0375
0 0.422656 0.704687 0.0859375 0.075
2 0.627344 0.914062 0.176563 0.165625
2 0.598437 0.474219 0.13125 0.129688
0 0.353125 0.815625 0.10625 0.1125
2 0.640625 0.148438 0.065625 0.065625
1 0.353906 0.814062 0.104687 0.115625
2 0.698438 0.734375 0.1 0.09375
1 0.596875 0.471094 0.1375 0.129688
2 0.452344 0.776563 0.126563 0.121875
2 0.957031 0.407813 0.0859375 0.09375
2 0.0375 0.824219 0.075 0.192188
2 0.809375 0.344531 0.140625 0.117188
2 0.742969 0.107813 0.198437 0.196875
2 0.603125 0.786719 0.128125 0.0921875
2 0.355469 0.946094 0.167187 0.107813
2 0.310937 0.738281 0.128125 0.114063
2 0.748438 0.917969 0.1125 0.164062
2 0.825781 0.424219 0.107813 0.0859375
2 0.065625 0.955469 0.128125 0.0890625
2 0.941406 0.930469 0.117188 0.139062
2 0.090625 0.720312 0.134375 0.13125
2 0.951563 0.6375 0.096875 0.209375
2 0.234375 0.949219 0.109375 0.101562
2 0.832812 0.652344 0.10625 0.0859375
2 0.926562 0.354688 0.109375 0.1
1 0.65 0.557031 0.109375 0.0984375
2 0.485156 0.882812 0.170312 0.18125
1 0.551562 0.709375 0.128125 0.125
2 0.482812 0.636719 0.121875 0.104687
2 0.839844 0.935156 0.120312 0.129688
1 0.653125 0.651563 0.146875 0.109375
2 0.819531 0.550781 0.0921875 0.0890625
3 0.957812 0.810938 0.078125 0.09375
2 0.940625 0.258594 0.11875 0.101562
2 0.123438 0.825 0.125 0.1
2 0.750781 0.780469 0.110937 0.0984375
2 0.157813 0.635156 0.121875 0.110937
2 0.607813 0.0507812 0.10625 0.0953125
2 0.659375 0.369531 0.14375 0.139062
2 0.179688 0.878906 0.096875 0.123438
2 0.475 0.242188 0.10625 0.096875
2 0.863281 0.789844 0.123438 0.135937
1 0.855469 0.173438 0.129688 0.11875
2 0.255469 0.641406 0.0765625 0.0984375
2 0.198437 0.730469 0.109375 0.117188
2 0.227344 0.511719 0.135937 0.129688
2 0.310937 0.421094 0.125 0.110937
1 0.532812 0.558594 0.15 0.154687
2 0.341406 0.654688 0.107813 0.1
2 0.275 0.867969 0.10625 0.107813
1 0.913281 0.102344 0.164062 0.157813
2 0.690625 0.242969 0.103125 0.104687
2 0.735937 0.513281 0.1375 0.154687
2 0.46875 0.463281 0.134375 0.142188
1 0.796875 0.239844 0.1125 0.107813
2 0.516406 0.342969 0.129688 0.129688
2 0.374219 0.303906 0.173438 0.173438
2 0.61875 0.291406 0.10625 0.107813
2 0.542969 0.132031 0.160938 0.170312
2 0.33125 0.559375 0.10625 0.09375
