0 0.185937 0.867969 0.05 0.0453125
0 0.713281 0.58125 0.0640625 0.071875
0 0.714844 0.965625 0.164062 0.06875
0 0.982031 0.90625 0.0359375 0.121875
0 0.957031 0.960938 0.0328125 0.0375
0 0.629687 0.833594 0.040625 0.0515625
0 0.766406 0.684375 0.101562 0.096875
0 0.909375 0.970312 0.034375 0.0375
0 0.578906 0.978906 0.160938 0.0421875
0 0.61875 0.153906 0.109375 0.154687
0 0.150781 0.832812 0.0703125 0.065625
0 0.695312 0.285937 0.0625 0.04375
0 0.91875 0.661719 0.096875 0.0953125
0 0.122656 0.675 0.0671875 0.084375
0 0.305469 0.492188 0.0328125 0.0375
0 0.267188 0.239844 0.203125 0.201562
0 0.313281 0.396094 0.0484375 0.0515625
0 0.090625 0.776563 0.053125 0.046875
0 0.345313 0.778906 0.065625 0.0515625
0 0.155469 0.659375 0.0359375 0.040625
0 0.535937 0.782031 0.05625 0.0828125
0 0.08125 0.95625 0.06875 0.071875
0 0.375781 0.675 0.0859375 0.0875
0 0.26875 0.541406 0.05 0.0515625
0 0.690625 0.475781 0.084375 0.0921875
0 0.852344 0.385156 0.0953125 0.0953125
0 0.889063 0.257812 0.171875 0.19375
0 0.485938 0.776563 0.059375 0.078125
0 0.871094 0.713281 0.0734375 0.0765625
0 0.238281 0.36875 0.0765625 0.084375
0 0.151562 0.957812 0.084375 0.084375
0 0.828125 0.797656 0.121875 0.117188
0 0.357812 0.969531 0.075 0.0609375
0 0.739062 0.132812 0.25 0.2625
0 0.459375 0.144531 0.240625 0.289062
