3 0.859375 0.475781 0.090625 0.101562
3 0.225781 0.473437 0.104687 0.1
0 0.678906 0.655469 0.0734375 0.0953125
3 0.9375 0.0421875 0.125 0.084375
2 0.0492188 0.0351562 0.0984375 0.0703125
3 0.107031 0.959375 0.126563 0.08125
2 0.105469 0.961719 0.126563 0.0765625
0 0.442969 0.580469 0.0609375 0.0796875
2 0.676562 0.655469 0.075 0.0921875
2 0.16875 0.0210938 0.134375 0.0421875
3 0.976562 0.0882813 0.046875 0.120312
2 0.567187 0.971875 0.196875 0.05625
3 0.232031 0.396875 0.0609375 0.075
2 0.021875 0.951563 0.04375 0.09375
2 0.583594 0.0671875 0.0796875 0.08125
2 0.278906 0.034375 0.0890625 0.06875
2 0.410156 0.984375 0.145313 0.03125
2 0.813281 0.0820312 0.0984375 0.0984375
2 0.0328125 0.832812 0.065625 0.146875
2 0.547656 0.294531 0.139062 0.154687
3 0.03125 0.239063 0.0625 0.159375
0 0.0554687 0.355469 0.104687 0.145313
2 0.3375 0.4875 0.08125 0.078125
2 0.969531 0.946094 0.0609375 0.104687
3 0.0429688 0.115625 0.0859375 0.103125
2 0.226562 0.475781 0.103125 0.101562
2 0.869531 0.780469 0.132812 0.210938
2 0.696094 0.553125 0.157813 0.1375
2 0.340625 0.616406 0.1875 0.148438
2 0.476562 0.0671875 0.178125 0.134375
2 0.714844 0.198437 0.0953125 0.10625
2 0.949219 0.214844 0.101562 0.173438
2 0.246875 0.959375 0.16875 0.08125
2 0.084375 0.659375 0.16875 0.190625
2 0.75 0.326562 0.096875 0.090625
2 0.109375 0.864844 0.128125 0.129688
2 0.963281 0.816406 0.0734375 0.157813
3 0.363281 0.0445312 0.0703125 0.0859375
3 0.432813 0.167187 0.075 0.08125
2 0.691406 0.0742188 0.126563 0.145313
2 0.634375 0.898438 0.096875 0.125
2 0.4125 0.283594 0.153125 0.151562
2 0.527344 0.884375 0.126563 0.140625
2 0.621094 0.425781 0.151562 0.145313
2 0.508594 0.757031 0.123438 0.126563
2 0.465625 0.419531 0.115625 0.107813
2 0.195312 0.279687 0.178125 0.165625
2 0.898438 0.357031 0.16875 0.154687
2 0.732031 0.764063 0.173438 0.221875
2 0.763281 0.432031 0.154687 0.145313
2 0.389062 0.751562 0.146875 0.159375
3 0.0851562 0.478125 0.139062 0.134375
2 0.658594 0.303125 0.104687 0.115625
0 0.753906 0.622656 0.0578125 0.0703125
2 0.541406 0.51875 0.145313 0.140625
2 0.557813 0.647656 0.165625 0.142188
2 0.616406 0.766406 0.0890625 0.101562
2 0.574219 0.1625 0.170312 0.140625
2 0.239844 0.861719 0.145313 0.151562
2 0.867969 0.936719 0.142188 0.126563
2 0.167187 0.1125 0.1625 0.15625
2 0.322656 0.155469 0.148438 0.154687
2 0.385156 0.896094 0.185937 0.173438
2 0.339844 0.385938 0.132812 0.134375
2 0.253125 0.730469 0.153125 0.185937
2 0.435156 0.504687 0.0859375 0.0875
2 0.8375 0.203906 0.15625 0.148438
2 0.738281 0.925781 0.123438 0.126563
