2 0.408594 0.735156 0.117188 0.126563
2 0.457031 0.957031 0.189063 0.0859375
1 0.765625 0.767969 0.1625 0.0984375
2 0.922656 0.696094 0.132812 0.110937
1 0.0445312 0.809375 0.0640625 0.084375
1 0.0289063 0.84375 0.0546875 0.15625
2 0.257031 0.0320312 0.120312 0.0640625
1 0.921875 0.0429688 0.153125 0.0859375
2 0.98125 0.813281 0.0375 0.139062
1 0.151562 0.08125 0.125 0.134375
1 0.982813 0.8125 0.034375 0.128125
2 0.21875 0.703906 0.128125 0.148438
2 0.065625 0.195312 0.125 0.15
1 0.0648438 0.196094 0.126563 0.148438
2 0.128906 0.971094 0.123438 0.0546875
2 0.835938 0.884375 0.0875 0.10625
2 0.741406 0.974219 0.0890625 0.0515625
1 0.596875 0.533594 0.184375 0.167187
1 0.125781 0.971875 0.123438 0.05625
2 0.239063 0.966406 0.125 0.0671875
2 0.989062 0.690625 0.021875 0.115625
2 0.932813 0.570312 0.134375 0.14375
1 0.916406 0.800781 0.120312 0.117188
2 0.646875 0.222656 0.11875 0.126563
2 0.152344 0.911719 0.120312 0.0828125
2 0.916406 0.8 0.123438 0.115625
2 0.607813 0.66875 0.1375 0.10625
1 0.153125 0.910937 0.121875 0.08125
1 0.741406 0.973437 0.0921875 0.053125
1 0.60625 0.669531 0.134375 0.104687
2 0.383594 0.9625 0.142188 0.075
1 0.379687 0.0210938 0.11875 0.0421875
1 0.646875 0.75625 0.125 0.121875
1 0.350781 0.842969 0.0796875 0.120312
2 0.954687 0.974219 0.090625 0.0515625
2 0.920313 0.040625 0.159375 0.08125
1 0.95 0.346875 0.1 0.109375
1 0.646875 0.221875 0.1125 0.125
1 0.219531 0.705469 0.129688 0.151562
1 0.835938 0.885156 0.09375 0.101562
1 0.933594 0.570312 0.132812 0.146875
2 0.647656 0.755469 0.129688 0.120312
2 0.8 0.671875 0.134375 0.109375
2 0.949219 0.346094 0.101562 0.107813
1 0.409375 0.739062 0.115625 0.121875
2 0.597656 0.533594 0.185937 0.164062
2 0.488281 0.0203125 0.101562 0.040625
2 0.291406 0.598437 0.110937 0.109375
1 0.257812 0.0320312 0.125 0.0640625
1 0.289844 0.598437 0.114063 0.109375
2 0.150781 0.08125 0.120312 0.1375
2 0.574219 0.328906 0.0921875 0.0984375
2 0.0453125 0.948438 0.0875 0.1
1 0.923437 0.69375 0.1375 0.115625
1 0.617188 0.0210938 0.125 0.0421875
2 0.515625 0.734375 0.128125 0.146875
1 0.0617188 0.0796875 0.0890625 0.1
1 0.953125 0.908594 0.09375 0.104687
2 0.81875 0.785937 0.103125 0.103125
1 0.473437 0.955469 0.134375 0.0890625
2 0.0609375 0.365625 0.121875 0.2
1 0.732813 0.0257812 0.109375 0.0515625
1 0.0476562 0.692187 0.0953125 0.1625
2 0.530469 0.227344 0.139062 0.129688
2 0.427344 0.507031 0.107813 0.107813
2 0.773438 0.220313 0.15625 0.1375
1 0.247656 0.0976562 0.101562 0.104687
2 0.185937 0.360938 0.134375 0.134375
1 0.839844 0.553906 0.0921875 0.0953125
2 0.734375 0.88125 0.14375 0.146875
1 0.580469 0.9625 0.0953125 0.075
2 0.304688 0.297656 0.19375 0.160938
2 0.508594 0.414062 0.139062 0.178125
2 0.159375 0.205469 0.096875 0.114063
2 0.0359375 0.559375 0.071875 0.125
2 0.261719 0.201562 0.114063 0.1
1 0.421875 0.864062 0.1125 0.134375
2 0.417969 0.6125 0.157813 0.134375
1 0.217187 0.839063 0.09375 0.13125
2 0.935938 0.253125 0.128125 0.103125
2 0.136719 0.563281 0.148438 0.145313
2 0.627344 0.421875 0.0984375 0.09375
2 0.224219 0.473437 0.132812 0.1375
1 0.844531 0.961719 0.139062 0.0765625
1 0.286719 0.842188 0.0828125 0.134375
1 0.73125 0.759375 0.078125 0.096875
1 0.86875 0.35 0.084375 0.09375
1 0.601562 0.871094 0.128125 0.139062
2 0.332031 0.479688 0.110937 0.13125
1 0.513281 0.865625 0.104687 0.115625
1 0.942969 0.453125 0.114063 0.125
2 0.410937 0.375781 0.128125 0.145313
1 0.314063 0.717188 0.096875 0.121875
1 0.770312 0.0835937 0.10625 0.148438
1 0.8625 0.123438 0.13125 0.1625
1 0.725781 0.43125 0.117188 0.10625
1 0.955469 0.133594 0.0890625 0.126563
1 0.735156 0.564844 0.139062 0.173438
1 0.521875 0.100781 0.153125 0.179688
1 0.778906 0.334375 0.123438 0.125
2 0.663281 0.328906 0.135937 0.117188
1 0.123438 0.815625 0.125 0.134375
1 0.657812 0.090625 0.134375 0.15
1 0.832812 0.435937 0.125 0.14375
1 0.123438 0.690625 0.090625 0.10625
1 0.367969 0.128906 0.179688 0.220313
