0 0.0429688 0.0195312 0.0859375 0.0390625
0 0.685938 0.0304688 0.128125 0.0609375
0 0.025 0.235156 0.05 0.145313
0 0.940625 0.129688 0.11875 0.2125
0 0.0835937 0.257812 0.0484375 0.05
0 0.3625 0.491406 0.0875 0.0859375
0 0.447656 0.345313 0.0671875 0.071875
0 0.569531 0.119531 0.101562 0.114063
0 0.189844 0.860156 0.0796875 0.0984375
0 0.828125 0.734375 0.34375 0.5125
0 0.028125 0.35625 0.05625 0.146875
0 0.792188 0.560938 0.3125 0.309375
0 0.703125 0.104687 0.046875 0.05
0 0.0273438 0.535156 0.0546875 0.0984375
0 0.213281 0.758594 0.101562 0.101562
0 0.584375 0.676562 0.06875 0.059375
0 0.175 0.170312 0.21875 0.196875
0 0.3375 0.0570313 0.0625 0.0578125
0 0.257031 0.829687 0.0734375 0.08125
0 0.836719 0.113281 0.110937 0.117188
