1 0.746094 0.0179687 0.0921875 0.0359375
0 0.980469 0.7375 0.0359375 0.1625
0 0.0328125 0.851562 0.065625 0.196875
0 0.983594 0.692187 0.0296875 0.11875
0 0.0757812 0.964063 0.151562 0.06875
2 0.980469 0.107031 0.0390625 0.167187
2 0.7625 0.877344 0.11875 0.117188
2 0.942187 0.6125 0.115625 0.165625
0 0.208594 0.978125 0.170312 0.04375
1 0.0695312 0.964063 0.139062 0.071875
1 0.0335938 0.853906 0.0671875 0.182812
1 0.483594 0.0320312 0.223438 0.0640625
1 0.657031 0.0351562 0.164062 0.0703125
1 0.617188 0.930469 0.2 0.139062
2 0.474219 0.03125 0.201562 0.0625
1 0.0453125 0.442969 0.090625 0.235938
0 0.525 0.834375 0.246875 0.178125
1 0.882812 0.329688 0.103125 0.115625
2 0.913281 0.075 0.142188 0.14375
2 0.617188 0.930469 0.18125 0.139062
2 0.960938 0.471875 0.078125 0.215625
1 0.0585938 0.06875 0.117188 0.1375
1 0.0585938 0.19375 0.117188 0.15
1 0.942969 0.614062 0.114063 0.16875
1 0.527344 0.835156 0.251563 0.182812
1 0.820312 0.589844 0.153125 0.160938
1 0.807031 0.307813 0.151562 0.153125
1 0.90625 0.199219 0.109375 0.160938
1 0.104687 0.347656 0.15 0.195312
1 0.564062 0.684375 0.190625 0.209375
0 0.552344 0.544531 0.0765625 0.0984375
1 0.757031 0.878125 0.135937 0.121875
1 0.2375 0.9 0.14375 0.1375
0 0.68125 0.735937 0.06875 0.1125
0 0.303906 0.0414063 0.123438 0.0828125
1 0.660156 0.116406 0.132812 0.148438
1 0.794531 0.145313 0.173438 0.178125
1 0.661719 0.560156 0.198437 0.245312
1 0.378125 0.902344 0.203125 0.195312
1 0.149219 0.0835937 0.132812 0.148438
1 0.4375 0.516406 0.165625 0.173438
2 0.80625 0.442969 0.203125 0.145313
1 0.11875 0.892187 0.14375 0.15
1 0.54375 0.25625 0.109375 0.13125
1 0.663281 0.294531 0.151562 0.217187
1 0.284375 0.347656 0.253125 0.229687
0 0.0328125 0.585156 0.065625 0.117188
1 0.269531 0.520312 0.189063 0.165625
1 0.105469 0.689844 0.210938 0.282813
1 0.815625 0.741406 0.23125 0.189063
1 0.904688 0.888281 0.190625 0.214062
1 0.503906 0.115625 0.220313 0.178125
1 0.539844 0.410937 0.201562 0.184375
1 0.258594 0.736719 0.192188 0.214062
1 0.169531 0.204688 0.129688 0.13125
1 0.395312 0.678125 0.19375 0.203125
1 0.263281 0.110156 0.139062 0.139062
1 0.392969 0.224219 0.214062 0.267188
