0 0.782812 0.560938 0.0625 0.065625
0 0.985937 0.767187 0.028125 0.134375
0 0.96875 0.220313 0.059375 0.121875
0 0.827344 0.794531 0.0734375 0.0796875
0 0.8 0.45 0.05625 0.053125
2 0.115625 0.948438 0.128125 0.103125
0 0.971094 0.0476562 0.0578125 0.0890625
2 0.314844 0.0351562 0.198437 0.0703125
0 0.585938 0.825 0.228125 0.234375
0 0.785156 0.964063 0.0859375 0.071875
2 0.288281 0.965625 0.0609375 0.065625
0 0.853125 0.582031 0.0875 0.0953125
0 0.949219 0.420312 0.0765625 0.0875
0 0.660937 0.101562 0.2125 0.196875
2 0.349219 0.482031 0.145313 0.148438
0 0.750781 0.872656 0.0921875 0.104687
2 0.377344 0.871875 0.151562 0.128125
0 0.935938 0.75625 0.10625 0.115625
3 0.450781 0.508594 0.0671875 0.0859375
3 0.0570313 0.292188 0.0984375 0.13125
0 0.89375 0.286719 0.059375 0.0546875
2 0.229687 0.875 0.15625 0.184375
0 0.945312 0.660937 0.09375 0.071875
3 0.217187 0.725781 0.0625 0.0640625
2 0.178906 0.477344 0.220313 0.195312
0 0.955469 0.507812 0.0890625 0.109375
2 0.0554687 0.1375 0.110937 0.178125
0 0.792188 0.336719 0.1 0.123438
0 0.514844 0.571875 0.0921875 0.10625
0 0.888281 0.172656 0.195312 0.229687
2 0.163281 0.284375 0.129688 0.134375
2 0.371094 0.736719 0.217187 0.204688
2 0.24375 0.591406 0.159375 0.132812
2 0.04375 0.810938 0.0875 0.1
2 0.164062 0.140625 0.13125 0.15625
2 0.330469 0.14375 0.245312 0.178125
0 0.90625 0.926562 0.14375 0.146875
2 0.321094 0.307031 0.198437 0.173438
2 0.136719 0.838281 0.0828125 0.0921875
0 0.73125 0.690625 0.084375 0.0875
