1 0.0171875 0.867969 0.034375 0.107813
2 0.992188 0.526563 0.015625 0.078125
0 0.510156 0.0390625 0.0890625 0.078125
0 0.602344 0.015625 0.0703125 0.03125
2 0.01875 0.492188 0.0375 0.115625
2 0.625 0.909375 0.14375 0.11875
2 0.817969 0.64375 0.123438 0.096875
2 0.211719 0.49375 0.0578125 0.06875
2 0.971094 0.0960938 0.0578125 0.132812
2 0.227344 0.739844 0.139062 0.142188
1 0.851562 0.98125 0.125 0.0375
2 0.100781 0.751562 0.129688 0.134375
1 0.485938 0.533594 0.075 0.0703125
2 0.0296875 0.944531 0.059375 0.110937
1 0.0578125 0.1375 0.09375 0.078125
2 0.967969 0.0289063 0.0640625 0.0578125
1 0.0296875 0.945312 0.059375 0.109375
2 0.652344 0.728125 0.0703125 0.06875
2 0.0179687 0.0554687 0.0359375 0.101562
2 0.661719 0.980469 0.107813 0.0390625
2 0.498437 0.642969 0.084375 0.0921875
2 0.0585938 0.1375 0.0984375 0.08125
1 0.560938 0.914062 0.05625 0.078125
3 0.144531 0.125 0.0578125 0.046875
2 0.009375 0.599219 0.01875 0.0640625
2 0.561719 0.914062 0.0546875 0.0625
2 0.98125 0.715625 0.0375 0.065625
1 0.48125 0.867969 0.121875 0.120312
2 0.807813 0.564844 0.109375 0.0921875
2 0.220313 0.0898438 0.078125 0.0765625
2 0.885156 0.0304688 0.0921875 0.0609375
2 0.985937 0.2 0.028125 0.115625
2 0.0445312 0.65 0.0890625 0.090625
2 0.421875 0.0289063 0.059375 0.0578125
1 0.0445312 0.651563 0.0890625 0.090625
2 0.508594 0.0320312 0.107813 0.0640625
1 0.157031 0.332812 0.0953125 0.10625
0 0.510938 0.0921875 0.05625 0.05625
3 0.221094 0.0929687 0.0765625 0.0765625
2 0.220313 0.0257812 0.065625 0.0515625
2 0.977344 0.633594 0.0453125 0.126563
2 0.713281 0.742188 0.0546875 0.046875
2 0.973437 0.4375 0.053125 0.1
2 0.483594 0.535937 0.0828125 0.071875
2 0.851562 0.229687 0.1125 0.1
2 0.146094 0.124219 0.0578125 0.0484375
2 0.607813 0.0695312 0.090625 0.0984375
1 0.808594 0.564062 0.114063 0.09375
2 0.157031 0.332031 0.0921875 0.104687
2 0.482031 0.867969 0.120312 0.120312
2 0.0390625 0.392188 0.078125 0.06875
2 0.30625 0.0375 0.125 0.075
1 0.498437 0.642187 0.08125 0.09375
2 0.713281 0.05625 0.101562 0.103125
2 0.0664062 0.0523437 0.0734375 0.0703125
1 0.249219 0.849219 0.123438 0.104687
2 0.0273438 0.753906 0.0546875 0.117188
2 0.932813 0.625 0.08125 0.06875
1 0.228125 0.739844 0.140625 0.145313
1 0.103125 0.749219 0.128125 0.135937
1 0.589063 0.682031 0.1625 0.135937
2 0.94375 0.926562 0.109375 0.1375
2 0.326562 0.784375 0.071875 0.084375
1 0.717188 0.663281 0.10625 0.117188
2 0.927344 0.173438 0.114063 0.125
2 0.773438 0.8125 0.0625 0.065625
2 0.153125 0.207031 0.14375 0.139062
1 0.81875 0.64375 0.125 0.090625
2 0.875 0.321875 0.165625 0.1125
2 0.132031 0.661719 0.0921875 0.0859375
2 0.425781 0.625 0.0734375 0.06875
2 0.754687 0.263281 0.075 0.0828125
2 0.464063 0.963281 0.128125 0.0734375
2 0.272656 0.417188 0.0703125 0.06875
2 0.344531 0.260938 0.107813 0.103125
2 0.247656 0.324219 0.114063 0.142188
2 0.430469 0.108594 0.120312 0.126563
2 0.817969 0.723437 0.117188 0.08125
2 0.919531 0.699219 0.0859375 0.0765625
1 0.846875 0.926562 0.1 0.1125
2 0.703906 0.547656 0.107813 0.120312
2 0.7625 0.911719 0.096875 0.117188
2 0.9625 0.788281 0.075 0.0890625
1 0.921875 0.532031 0.140625 0.123438
2 0.685156 0.829687 0.0890625 0.103125
1 0.625 0.909375 0.146875 0.11875
1 0.0484375 0.225 0.096875 0.125
2 0.599219 0.811719 0.104687 0.101562
2 0.898438 0.424219 0.121875 0.107813
2 0.589063 0.571875 0.146875 0.11875
2 0.821875 0.128906 0.096875 0.107813
2 0.809375 0.0453125 0.09375 0.090625
2 0.78125 0.455469 0.15 0.120312
3 0.759375 0.353125 0.078125 0.084375
2 0.15 0.56875 0.09375 0.103125
2 0.0570313 0.532031 0.114063 0.142188
2 0.317187 0.678906 0.109375 0.139062
2 0.392969 0.539844 0.114063 0.123438
2 0.128906 0.434375 0.104687 0.103125
1 0.0671875 0.332812 0.1 0.1
2 0.735937 0.158594 0.10625 0.107813
2 0.304688 0.144531 0.134375 0.148438
1 0.121094 0.955469 0.148438 0.0890625
2 0.282031 0.510156 0.123438 0.132812
2 0.498437 0.765625 0.1 0.103125
2 0.859375 0.807813 0.096875 0.096875
2 0.402344 0.728125 0.117188 0.14375
1 0.276563 0.9375 0.2 0.11875
2 0.225 0.615625 0.115625 0.125
1 0.366406 0.870313 0.126563 0.14375
0 0.515625 0.348437 0.440625 0.365625
1 0.116406 0.864844 0.151562 0.114063
