0 0.439063 0.386719 0.04375 0.0578125
3 0.982031 0.0351562 0.0359375 0.0703125
0 0.775 0.338281 0.05 0.0484375
2 0.0117188 0.0390625 0.0203125 0.078125
2 0.141406 0.0210938 0.120312 0.0421875
0 0.425 0.976562 0.1875 0.046875
0 0.442187 0.530469 0.0875 0.0984375
0 0.04375 0.311719 0.084375 0.0953125
3 0.720312 0.0328125 0.15625 0.065625
3 0.911719 0.015625 0.123438 0.03125
0 0.855469 0.965625 0.123438 0.06875
1 0.355469 0.0929687 0.120312 0.123438
0 0.842969 0.209375 0.314063 0.334375
0 0.573438 0.78125 0.184375 0.296875
2 0.35625 0.09375 0.121875 0.125
0 0.141406 0.83125 0.267188 0.3375
2 0.0570313 0.0335938 0.0703125 0.0671875
0 0.603906 0.517969 0.0671875 0.104687
0 0.435937 0.689062 0.165625 0.14375
2 0.610937 0.235938 0.0875 0.075
0 0.702344 0.955469 0.164062 0.0890625
0 0.339063 0.3625 0.10625 0.0875
3 0.516406 0.182812 0.101562 0.1125
2 0.711719 0.1375 0.126563 0.128125
2 0.261719 0.0757812 0.145313 0.151562
0 0.885156 0.522656 0.229687 0.395312
2 0.603125 0.158594 0.08125 0.0828125
2 0.592188 0.0664062 0.11875 0.117188
2 0.248437 0.196875 0.090625 0.084375
2 0.138281 0.123438 0.135937 0.171875
0 0.289844 0.294531 0.0765625 0.0765625
2 0.371875 0.217969 0.15625 0.148438
2 0.439844 0.0625 0.151562 0.125
0 0.208594 0.5875 0.410937 0.390625
0 0.729688 0.628906 0.3375 0.320312
