0 0.926562 0.8125 0.078125 0.1375
0 0.204688 0.717188 0.09375 0.096875
0 0.759375 0.0328125 0.1125 0.065625
0 0.742969 0.179688 0.157813 0.190625
0 0.73125 0.384375 0.096875 0.08125
1 0.74375 0.180469 0.15625 0.189063
2 0.950781 0.977344 0.0984375 0.0421875
1 0.775 0.929688 0.121875 0.1375
0 0.54375 0.176563 0.08125 0.090625
0 0.589844 0.260156 0.114063 0.0703125
0 0.429688 0.0179687 0.0875 0.0359375
0 0.982813 0.663281 0.03125 0.120312
0 0.848437 0.166406 0.075 0.0828125
2 0.774219 0.929688 0.123438 0.134375
0 0.539062 0.0773437 0.053125 0.0546875
0 0.511719 0.0234375 0.101562 0.046875
0 0.0242187 0.640625 0.0484375 0.1125
0 0.951563 0.15 0.096875 0.075
0 0.238281 0.885156 0.0578125 0.0609375
0 0.366406 0.340625 0.0953125 0.0875
0 0.0148437 0.494531 0.0296875 0.132812
0 0.280469 0.478906 0.0671875 0.0640625
0 0.617188 0.328906 0.084375 0.0796875
0 0.327344 0.133594 0.0734375 0.0640625
0 0.847656 0.0679687 0.176563 0.135937
0 0.967188 0.0609375 0.065625 0.121875
0 0.915625 0.853906 0.075 0.0796875
2 0.236719 0.967969 0.114063 0.0640625
0 0.391406 0.203125 0.0890625 0.08125
2 0.4375 0.966406 0.090625 0.0671875
1 0.632031 0.171875 0.126563 0.125
0 0.7125 0.321875 0.078125 0.075
0 0.267969 0.0304688 0.0921875 0.0609375
0 0.225781 0.8375 0.0765625 0.075
0 0.459375 0.345313 0.1 0.115625
0 0.0859375 0.729688 0.134375 0.096875
0 0.488281 0.180469 0.0640625 0.0671875
0 0.980469 0.4875 0.0390625 0.05625
2 0.584375 0.941406 0.09375 0.107813
0 0.128125 0.782812 0.071875 0.065625
2 0.510938 0.9625 0.075 0.075
0 0.499219 0.603906 0.114063 0.126563
0 0.114063 0.630469 0.1125 0.0921875
0 0.55625 0.353125 0.0875 0.084375
0 0.851562 0.25625 0.0875 0.084375
0 0.182031 0.210938 0.117188 0.084375
0 0.327344 0.759375 0.0453125 0.05
0 0.0820312 0.0328125 0.120312 0.065625
0 0.915625 0.7125 0.16875 0.134375
2 0.33125 0.957031 0.103125 0.0859375
0 0.176563 0.691406 0.078125 0.0671875
2 0.874219 0.9375 0.101562 0.1125
0 0.969531 0.875 0.0609375 0.115625
0 0.277344 0.550781 0.0921875 0.101562
0 0.510156 0.447656 0.0953125 0.120312
0 0.515625 0.294531 0.075 0.0765625
0 0.2875 0.696875 0.075 0.065625
0 0.607813 0.696875 0.1625 0.153125
0 0.357812 0.046875 0.10625 0.09375
0 0.360156 0.630469 0.0953125 0.0953125
0 0.383594 0.808594 0.0578125 0.0609375
0 0.0304688 0.370313 0.0609375 0.115625
0 0.144531 0.874219 0.117188 0.107813
0 0.885156 0.35 0.0671875 0.065625
0 0.610937 0.0679687 0.1125 0.104687
0 0.717969 0.664844 0.0921875 0.0953125
0 0.942969 0.783594 0.0859375 0.0703125
0 0.410937 0.277344 0.096875 0.0828125
0 0.621875 0.6 0.121875 0.1125
0 0.475 0.09375 0.05625 0.05
0 0.383594 0.513281 0.101562 0.110937
0 0.896094 0.611719 0.154687 0.123438
0 0.413281 0.0984375 0.0671875 0.059375
0 0.783594 0.590625 0.0859375 0.09375
0 0.257812 0.417969 0.125 0.104687
0 0.3625 0.448438 0.1 0.084375
0 0.040625 0.0804688 0.078125 0.0953125
0 0.283594 0.19375 0.0828125 0.071875
0 0.221875 0.735156 0.06875 0.0703125
0 0.152344 0.564062 0.0859375 0.090625
0 0.821875 0.68125 0.103125 0.096875
0 0.0421875 0.189844 0.084375 0.114063
0 0.282813 0.754687 0.05625 0.059375
0 0.208594 0.501562 0.0890625 0.096875
0 0.51875 0.814844 0.08125 0.0859375
0 0.303125 0.842188 0.078125 0.06875
0 0.761719 0.732813 0.117188 0.103125
0 0.165625 0.276563 0.13125 0.1
0 0.2375 0.63125 0.1 0.1
0 0.780469 0.832812 0.0765625 0.084375
2 0.680469 0.942969 0.104687 0.110937
0 0.692969 0.809375 0.120312 0.13125
0 0.065625 0.50625 0.10625 0.11875
0 0.617969 0.840625 0.142188 0.140625
0 0.842969 0.860937 0.0765625 0.103125
0 0.617969 0.461719 0.139062 0.135937
0 0.107031 0.380469 0.123438 0.120312
0 0.227344 0.359375 0.114063 0.103125
0 0.145313 0.457812 0.090625 0.084375
0 0.119531 0.108594 0.0921875 0.0953125
0 0.288281 0.270312 0.114063 0.109375
