0 0.110156 0.807031 0.0703125 0.0734375
2 0.166406 0.960156 0.0765625 0.0765625
1 0.260938 0.685156 0.065625 0.0671875
0 0.260156 0.685156 0.0640625 0.0640625
2 0.108594 0.80625 0.0671875 0.075
2 0.723437 0.360156 0.090625 0.0671875
3 0.989062 0.492969 0.01875 0.0390625
0 0.31875 0.0648438 0.05625 0.0578125
0 0.408594 0.659375 0.0421875 0.034375
1 0.246875 0.0164062 0.05 0.0328125
0 0.914844 0.653125 0.0296875 0.025
1 0.11875 0.74375 0.03125 0.034375
2 0.0390625 0.754687 0.075 0.1125
3 0.153906 0.624219 0.0484375 0.0484375
0 0.4125 0.292969 0.05625 0.0421875
0 0.930469 0.439844 0.0265625 0.0265625
3 0.853906 0.275781 0.0421875 0.0390625
3 0.809375 0.751562 0.096875 0.1
3 0.829687 0.622656 0.04375 0.0453125
3 0.982813 0.780469 0.034375 0.0546875
2 0.364062 0.220313 0.05 0.05625
0 0.294531 0.986719 0.0421875 0.0234375
2 0.628125 0.183594 0.05625 0.0609375
0 0.0117188 0.897656 0.0234375 0.0609375
0 0.285937 0.135937 0.046875 0.0375
0 0.236719 0.0421875 0.0765625 0.06875
3 0.469531 0.95625 0.0953125 0.08125
3 0.869531 0.0476562 0.114063 0.0953125
2 0.303906 0.425781 0.0703125 0.0578125
0 0.972656 0.44375 0.0484375 0.05
2 0.869531 0.046875 0.114063 0.09375
0 0.513281 0.0125 0.0609375 0.025
2 0.238281 0.0421875 0.0796875 0.065625
2 0.899219 0.15 0.0703125 0.078125
0 0.875 0.492969 0.046875 0.0421875
3 0.99375 0.498437 0.0125 0.028125
2 0.430469 0.625 0.0609375 0.059375
3 0.767969 0.8875 0.0859375 0.0875
2 0.81875 0.420312 0.071875 0.08125
3 0.519531 0.0773437 0.0671875 0.0703125
3 0.984375 0.704687 0.028125 0.040625
3 0.735156 0.980469 0.0984375 0.0390625
0 0.988281 0.64375 0.0234375 0.053125
1 0.167187 0.959375 0.08125 0.08125
2 0.651563 0.127344 0.059375 0.0484375
0 0.623438 0.270312 0.05625 0.05625
3 0.651563 0.830469 0.08125 0.104687
2 0.714844 0.561719 0.0546875 0.0734375
3 0.139062 0.601562 0.059375 0.0625
2 0.510156 0.417969 0.0734375 0.0734375
2 0.322656 0.0664062 0.0578125 0.0546875
3 0.457031 0.115625 0.0296875 0.034375
0 0.714063 0.785937 0.0875 0.071875
3 0.702344 0.36875 0.0546875 0.059375
3 0.677344 0.464844 0.0234375 0.0234375
3 0.739844 0.71875 0.0734375 0.075
3 0.81875 0.417969 0.071875 0.0796875
2 0.985937 0.70625 0.028125 0.0375
0 0.898438 0.413281 0.065625 0.0703125
2 0.178906 0.807031 0.0796875 0.104687
2 0.460156 0.664844 0.0515625 0.0546875
3 0.307031 0.490625 0.104687 0.0875
2 0.828125 0.123438 0.046875 0.053125
2 0.470313 0.957812 0.09375 0.078125
3 0.975 0.957031 0.05 0.0546875
0 0.160156 0.0140625 0.0609375 0.028125
3 0.714844 0.103125 0.0609375 0.065625
3 0.357812 0.635156 0.059375 0.0640625
0 0.901563 0.7 0.025 0.025
0 0.975781 0.486719 0.0328125 0.0359375
3 0.330469 0.021875 0.0890625 0.04375
2 0.040625 0.388281 0.078125 0.0609375
1 0.332031 0.939062 0.0515625 0.053125
1 0.382812 0.972656 0.0625 0.0515625
1 0.109375 0.80625 0.06875 0.078125
3 0.211719 0.464844 0.0921875 0.0703125
2 0.30625 0.492188 0.103125 0.084375
3 0.570312 0.189063 0.059375 0.0625
3 0.888281 0.640625 0.0421875 0.0375
0 0.0820312 0.460156 0.0328125 0.0390625
3 0.714844 0.560156 0.0578125 0.0734375
0 0.792188 0.364844 0.03125 0.0328125
3 0.557813 0.630469 0.0875 0.0890625
3 0.935938 0.924219 0.071875 0.0796875
3 0.75625 0.636719 0.08125 0.0828125
2 0.598437 0.332031 0.059375 0.0703125
3 0.567187 0.400781 0.059375 0.0578125
3 0.511719 0.41875 0.0734375 0.075
3 0.982813 0.378125 0.034375 0.06875
3 0.646875 0.982813 0.071875 0.034375
3 0.597656 0.332812 0.0609375 0.06875
2 0.480469 0.728906 0.0609375 0.0546875
2 0.211719 0.464844 0.0921875 0.0703125
3 0.160938 0.315625 0.059375 0.053125
0 0.0375 0.757031 0.075 0.120312
3 0.430469 0.625781 0.0609375 0.0578125
3 0.600781 0.932031 0.0828125 0.0890625
0 0.964844 0.586719 0.0234375 0.0234375
0 0.652344 0.332812 0.0359375 0.03125
0 0.579687 0.0359375 0.05625 0.053125
2 0.6875 0.169531 0.05 0.0640625
2 0.741406 0.71875 0.0734375 0.075
3 0.859375 0.700781 0.0375 0.0390625
0 0.88125 0.608594 0.04375 0.0421875
3 0.732031 0.0335938 0.101562 0.0671875
3 0.05625 0.448438 0.04375 0.05
0 0.305469 0.767187 0.0609375 0.05625
2 0.6 0.93125 0.08125 0.0875
0 0.85625 0.40625 0.034375 0.0375
2 0.65 0.829687 0.08125 0.103125
2 0.55625 0.630469 0.0875 0.0890625
2 0.819531 0.198437 0.0671875 0.075
2 0.767187 0.8875 0.0875 0.0875
2 0.517969 0.814062 0.0703125 0.05625
3 0.897656 0.149219 0.0734375 0.0734375
0 0.30625 0.115625 0.034375 0.04375
2 0.084375 0.263281 0.09375 0.0828125
3 0.614062 0.25 0.06875 0.065625
3 0.508594 0.535156 0.0515625 0.0484375
2 0.700781 0.36875 0.0546875 0.059375
2 0.613281 0.478125 0.0671875 0.078125
3 0.742188 0.4625 0.071875 0.05625
1 0.253906 0.836719 0.0515625 0.0578125
3 0.628125 0.185156 0.05625 0.0609375
0 0.0617188 0.814844 0.0359375 0.0453125
3 0.436719 0.173438 0.0703125 0.078125
0 0.446094 0.705469 0.0328125 0.0359375
3 0.161719 0.684375 0.0703125 0.06875
2 0.383594 0.535937 0.0765625 0.08125
3 0.592188 0.790625 0.059375 0.078125
2 0.303906 0.589063 0.0859375 0.090625
2 0.714063 0.105469 0.05625 0.0703125
0 0.761719 0.146875 0.0546875 0.05
3 0.5375 0.282813 0.075 0.084375
3 0.505469 0.155469 0.0703125 0.0859375
3 0.96875 0.180469 0.0625 0.0921875
3 0.854688 0.555469 0.078125 0.0765625
0 0.0671875 0.8875 0.040625 0.046875
2 0.567969 0.398438 0.0578125 0.059375
0 0.132812 0.497656 0.0375 0.0421875
2 0.51875 0.0757812 0.065625 0.0703125
1 0.18125 0.896875 0.06875 0.075
3 0.255469 0.327344 0.0734375 0.0578125
3 0.669531 0.0679687 0.0640625 0.0703125
2 0.0742188 0.960938 0.0828125 0.078125
3 0.197656 0.614062 0.0484375 0.0625
2 0.291406 0.189844 0.0859375 0.0734375
3 0.877344 0.969531 0.0546875 0.0609375
1 0.246875 0.922656 0.075 0.0703125
3 0.588281 0.546094 0.0703125 0.0703125
0 0.882031 0.897656 0.0390625 0.0453125
3 0.154687 0.392188 0.053125 0.046875
0 0.674219 0.217187 0.0390625 0.0375
3 0.303906 0.425 0.0734375 0.05625
3 0.957031 0.689844 0.0703125 0.0609375
0 0.483594 0.866406 0.0515625 0.0546875
3 0.695312 0.871875 0.05 0.05625
3 0.510156 0.341406 0.0484375 0.0546875
2 0.782031 0.0929687 0.0609375 0.0609375
3 0.826563 0.872656 0.053125 0.0546875
3 0.229687 0.3875 0.096875 0.08125
3 0.0179687 0.253906 0.0359375 0.0453125
2 0.753906 0.349219 0.0609375 0.0609375
3 0.882812 0.838281 0.071875 0.0671875
2 0.454688 0.560938 0.078125 0.084375
2 0.0648438 0.636719 0.104687 0.0953125
2 0.594531 0.0914062 0.0921875 0.117188
2 0.446094 0.800781 0.0828125 0.0984375
2 0.933594 0.755469 0.0890625 0.0765625
2 0.333594 0.875 0.0890625 0.115625
2 0.410156 0.907031 0.0828125 0.0984375
3 0.534375 0.765625 0.0625 0.065625
2 0.8125 0.752344 0.09375 0.0984375
2 0.785937 0.285937 0.0625 0.078125
3 0.675 0.692187 0.0875 0.084375
2 0.641406 0.409375 0.0765625 0.071875
3 0.567969 0.884375 0.0671875 0.0625
3 0.741406 0.409375 0.0515625 0.04375
3 0.246875 0.630469 0.053125 0.0578125
3 0.475781 0.266406 0.0484375 0.0578125
3 0.626562 0.653125 0.059375 0.065625
0 0.255469 0.734375 0.0546875 0.059375
3 0.4625 0.071875 0.053125 0.05625
2 0.215625 0.113281 0.0875 0.0921875
3 0.466406 0.4875 0.0703125 0.065625
3 0.0484375 0.114063 0.084375 0.071875
3 0.671094 0.924219 0.0578125 0.0703125
3 0.940625 0.54375 0.071875 0.071875
3 0.789062 0.505469 0.071875 0.0734375
3 0.648438 0.573438 0.075 0.075
0 0.817969 0.676562 0.0609375 0.065625
2 0.375781 0.755469 0.0828125 0.110937
3 0.382812 0.385156 0.065625 0.0609375
3 0.345313 0.301562 0.065625 0.053125
3 0.810938 0.957812 0.078125 0.08125
3 0.107813 0.173438 0.1 0.1
0 0.171094 0.735937 0.0546875 0.04375
2 0.139062 0.0867188 0.090625 0.0984375
3 0.273438 0.260156 0.078125 0.0703125
2 0.546094 0.482812 0.0671875 0.08125
2 0.391406 0.110937 0.101562 0.11875
2 0.0867188 0.540625 0.132812 0.103125
3 0.942969 0.260156 0.0796875 0.0765625
3 0.767187 0.817969 0.06875 0.0546875
3 0.321094 0.357031 0.0671875 0.0765625
3 0.192188 0.521094 0.075 0.0546875
3 0.191406 0.250781 0.0890625 0.0859375
3 0.930469 0.339844 0.0796875 0.0703125
2 0.95625 0.0515625 0.0875 0.103125
2 0.710156 0.253906 0.0921875 0.104687
