0 0.595312 0.527344 0.1 0.0890625
2 0.185937 0.236719 0.090625 0.0734375
1 0.246875 0.289844 0.115625 0.0953125
0 0.239063 0.03125 0.090625 0.0625
3 0.989844 0.782812 0.0203125 0.090625
0 0.615625 0.161719 0.10625 0.0859375
0 0.624219 0.485938 0.0359375 0.04375
2 0.279687 0.440625 0.04375 0.046875
3 0.288281 0.735937 0.0609375 0.0625
3 0.7875 0.969531 0.096875 0.0609375
2 0.2875 0.734375 0.059375 0.0625
0 0.05 0.178906 0.040625 0.0421875
3 0.173438 0.928125 0.11875 0.065625
3 0.396875 0.801562 0.06875 0.0875
1 0.989844 0.0304688 0.0203125 0.0609375
0 0.682031 0.467969 0.0890625 0.0734375
3 0.679688 0.354688 0.05625 0.053125
2 0.971875 0.370313 0.05625 0.071875
2 0.708594 0.145313 0.0953125 0.084375
2 0.217187 0.104687 0.071875 0.071875
3 0.0179687 0.8875 0.0328125 0.0625
2 0.0132813 0.632812 0.0265625 0.084375
1 0.186719 0.2375 0.0828125 0.071875
3 0.599219 0.440625 0.0640625 0.065625
3 0.189063 0.501562 0.08125 0.0625
2 0.785937 0.96875 0.096875 0.0625
1 0.210156 0.426562 0.0921875 0.090625
3 0.213281 0.679688 0.0984375 0.0875
0 0.633594 0.0171875 0.0796875 0.034375
3 0.436719 0.473437 0.0546875 0.05625
3 0.135156 0.986719 0.0546875 0.0265625
3 0.492188 0.579687 0.090625 0.096875
3 0.949219 0.680469 0.101562 0.0890625
2 0.814844 0.823438 0.0671875 0.0625
2 0.267188 0.536719 0.046875 0.0546875
2 0.421875 0.291406 0.05625 0.0515625
3 0.811719 0.899219 0.0953125 0.101562
3 0.279687 0.439844 0.04375 0.0484375
3 0.134375 0.68125 0.053125 0.05625
3 0.423438 0.292969 0.059375 0.0484375
3 0.0757812 0.923437 0.0609375 0.0625
0 0.3125 0.935156 0.0625 0.0671875
2 0.525 0.417969 0.084375 0.0859375
2 0.15 0.928906 0.06875 0.0703125
2 0.0203125 0.555469 0.040625 0.0640625
2 0.9375 0.257031 0.08125 0.0734375
2 0.749219 0.0578125 0.129688 0.109375
3 0.296875 0.659375 0.08125 0.078125
3 0.647656 0.988281 0.0703125 0.0234375
1 0.621875 0.161719 0.084375 0.0828125
3 0.546875 0.671094 0.078125 0.0890625
2 0.45 0.709375 0.071875 0.071875
0 0.467969 0.313281 0.0453125 0.0421875
3 0.813281 0.821875 0.0671875 0.0625
2 0.621875 0.161719 0.084375 0.0828125
0 0.242188 0.511719 0.03125 0.0390625
1 0.238281 0.0304688 0.0890625 0.0609375
1 0.1 0.235156 0.05625 0.0546875
2 0.1375 0.290625 0.1 0.090625
1 0.136719 0.289844 0.104687 0.0953125
3 0.814062 0.576563 0.06875 0.096875
1 0.525 0.419531 0.084375 0.0828125
0 0.0765625 0.921875 0.059375 0.0625
2 0.61875 0.389062 0.059375 0.053125
3 0.9125 0.975 0.05625 0.046875
0 0.928125 0.385156 0.046875 0.0390625
0 0.45625 0.859375 0.05625 0.0625
1 0.0492188 0.180469 0.0390625 0.0421875
2 0.98125 0.296875 0.0375 0.071875
2 0.546094 0.671875 0.0765625 0.0875
2 0.485156 0.0804688 0.0796875 0.0859375
2 0.210156 0.428125 0.0953125 0.090625
1 0.707812 0.145313 0.1 0.084375
3 0.879687 0.895312 0.05 0.05625
3 0.447656 0.710156 0.0703125 0.0703125
2 0.813281 0.902344 0.0890625 0.101562
2 0.15625 0.053125 0.06875 0.071875
2 0.295312 0.660937 0.08125 0.075
2 0.978125 0.09375 0.04375 0.046875
2 0.189844 0.501562 0.0796875 0.0625
2 0.0164062 0.349219 0.0328125 0.0703125
2 0.98125 0.615625 0.0375 0.06875
3 0.188281 0.56875 0.0453125 0.05
3 0.913281 0.597656 0.0671875 0.0765625
3 0.734375 0.88125 0.021875 0.021875
3 0.109375 0.854688 0.046875 0.059375
2 0.713281 0.710156 0.0984375 0.0765625
2 0.255469 0.285937 0.117188 0.084375
3 0.0710938 0.863281 0.0484375 0.0609375
3 0.78125 0.477344 0.0625 0.0671875
1 0.457812 0.421094 0.046875 0.0515625
3 0.342969 0.770312 0.0703125 0.0625
3 0.682031 0.46875 0.0859375 0.06875
3 0.471875 0.96875 0.053125 0.05625
3 0.391406 0.9375 0.0640625 0.065625
0 0.0570313 0.767187 0.0359375 0.04375
2 0.0554687 0.648438 0.0671875 0.078125
2 0.0554687 0.415625 0.0578125 0.05625
3 0.484375 0.892187 0.06875 0.075
3 0.0375 0.728125 0.053125 0.05
3 0.276563 0.972656 0.071875 0.0546875
3 0.571094 0.600781 0.0484375 0.0484375
2 0.529688 0.753906 0.096875 0.0796875
2 0.214062 0.680469 0.096875 0.0859375
0 0.667969 0.523438 0.0578125 0.05
2 0.28125 0.228906 0.09375 0.0734375
0 0.410937 0.359375 0.0375 0.040625
2 0.940625 0.760938 0.10625 0.0875
2 0.851562 0.586719 0.059375 0.0734375
1 0.217187 0.105469 0.071875 0.0765625
1 0.749219 0.0578125 0.132812 0.115625
2 0.508594 0.307031 0.0546875 0.0546875
1 0.871094 0.0304688 0.123438 0.0609375
2 0.600781 0.440625 0.0640625 0.0625
0 0.850781 0.752344 0.0546875 0.0578125
0 0.660156 0.417188 0.0453125 0.05625
3 0.585156 0.315625 0.0546875 0.05
3 0.113281 0.789062 0.0765625 0.071875
1 0.402344 0.132031 0.0953125 0.0921875
1 0.948438 0.040625 0.08125 0.078125
3 0.163281 0.851562 0.0546875 0.05625
2 0.025 0.483594 0.046875 0.0734375
2 0.203125 0.182812 0.059375 0.053125
3 0.839844 0.507031 0.0546875 0.0578125
3 0.757812 0.561719 0.06875 0.0671875
2 0.928906 0.842969 0.0890625 0.0734375
2 0.914844 0.330469 0.0640625 0.0640625
3 0.858594 0.675 0.0453125 0.05
2 0.950781 0.458594 0.0953125 0.120312
3 0.590625 0.7875 0.040625 0.040625
2 0.953906 0.682031 0.0921875 0.0890625
2 0.0992187 0.582812 0.0828125 0.06875
2 0.508594 0.827344 0.0859375 0.0734375
2 0.113281 0.429688 0.0671875 0.0625
0 0.965625 0.564062 0.05625 0.05625
3 0.195312 0.760938 0.078125 0.075
2 0.682813 0.354688 0.05625 0.053125
2 0.95625 0.928125 0.078125 0.09375
2 0.325 0.349219 0.084375 0.0765625
2 0.9625 0.166406 0.075 0.0984375
2 0.483594 0.360938 0.0953125 0.06875
1 0.146094 0.363281 0.0765625 0.0765625
3 0.580469 0.864062 0.0734375 0.059375
3 0.66875 0.851562 0.046875 0.04375
2 0.0960938 0.489844 0.110937 0.0890625
3 0.466406 0.646094 0.0546875 0.0546875
3 0.870313 0.414062 0.0625 0.053125
3 0.416406 0.565625 0.0578125 0.05
2 0.883594 0.207813 0.0984375 0.0875
3 0.213281 0.940625 0.0609375 0.065625
2 0.367188 0.702344 0.084375 0.0796875
3 0.615625 0.689844 0.075 0.0765625
2 0.844531 0.30625 0.0953125 0.103125
2 0.128125 0.142969 0.103125 0.110937
1 0.896094 0.128906 0.0671875 0.0734375
2 0.303906 0.138281 0.0984375 0.0921875
2 0.808594 0.669531 0.0609375 0.0765625
0 0.371094 0.384375 0.0671875 0.071875
3 0.0320312 0.814062 0.0609375 0.059375
2 0.799219 0.175781 0.0859375 0.0828125
2 0.491406 0.578906 0.0921875 0.0921875
2 0.513281 0.496094 0.0859375 0.0703125
0 0.0921875 0.0429688 0.065625 0.0796875
2 0.321094 0.0414063 0.0953125 0.0828125
0 0.642187 0.614062 0.06875 0.075
0 0.396875 0.803125 0.071875 0.0875
3 0.257812 0.797656 0.06875 0.0609375
3 0.696094 0.7875 0.0921875 0.078125
3 0.65625 0.934375 0.075 0.08125
2 0.348437 0.475781 0.165625 0.132812
2 0.313281 0.570312 0.104687 0.10625
1 0.834375 0.0976562 0.11875 0.117188
2 0.653125 0.304688 0.06875 0.06875
1 0.224219 0.336719 0.0890625 0.0890625
2 0.59375 0.527344 0.090625 0.0890625
0 0.542969 0.15625 0.0703125 0.059375
3 0.784375 0.765625 0.0875 0.08125
2 0.584375 0.046875 0.090625 0.09375
2 0.0546875 0.308594 0.096875 0.120312
3 0.342187 0.842969 0.065625 0.0671875
2 0.746875 0.366406 0.096875 0.107813
2 0.726562 0.635938 0.11875 0.1125
2 0.596875 0.236719 0.1 0.0921875
2 0.39375 0.627344 0.1 0.0953125
3 0.254687 0.871875 0.096875 0.090625
2 0.689844 0.226562 0.0984375 0.10625
