2 0.85 0.396875 0.125 0.125
0 0.0273438 0.104687 0.0546875 0.19375
2 0.385156 0.139062 0.132812 0.134375
1 0.982813 0.282031 0.03125 0.157813
2 0.415625 0.0359375 0.15 0.071875
1 0.927344 0.0570313 0.145313 0.114063
2 0.354688 0.879687 0.125 0.10625
2 0.175781 0.691406 0.110937 0.0828125
2 0.414844 0.333594 0.148438 0.126563
2 0.774219 0.110156 0.145313 0.0984375
2 0.930469 0.0585938 0.139062 0.117188
2 0.964844 0.970312 0.0703125 0.059375
1 0.415625 0.0390625 0.15625 0.078125
1 0.850781 0.394531 0.126563 0.126563
2 0.0382813 0.957031 0.0765625 0.0859375
1 0.175781 0.689062 0.114063 0.0875
2 0.208594 0.870313 0.176563 0.134375
3 0.35 0.876562 0.128125 0.115625
2 0.480469 0.975781 0.0796875 0.0484375
1 0.207813 0.871094 0.16875 0.135937
1 0.415625 0.335156 0.14375 0.129688
1 0.973437 0.414062 0.053125 0.1125
2 0.275 0.966406 0.115625 0.0671875
1 0.953125 0.710156 0.090625 0.142188
1 0.775781 0.108594 0.148438 0.101562
1 0.957812 0.507031 0.084375 0.0859375
2 0.384375 0.971094 0.1 0.0578125
2 0.14375 0.958594 0.15625 0.0828125
1 0.920313 0.182031 0.159375 0.201562
2 0.889063 0.289844 0.075 0.0703125
1 0.919531 0.430469 0.123438 0.139062
2 0.246875 0.74375 0.165625 0.153125
2 0.6875 0.0375 0.109375 0.075
1 0.06875 0.882031 0.1375 0.157813
1 0.385156 0.1375 0.132812 0.14375
1 0.861719 0.93125 0.142188 0.1375
1 0.760938 0.1875 0.084375 0.084375
2 0.791406 0.0351562 0.107813 0.0703125
1 0.773438 0.780469 0.178125 0.170312
1 0.2375 0.523438 0.165625 0.146875
1 0.886719 0.546094 0.0828125 0.0921875
1 0.822656 0.516406 0.0765625 0.110937
1 0.942969 0.872656 0.114063 0.170312
1 0.725 0.942969 0.175 0.114063
1 0.5375 0.664062 0.09375 0.075
1 0.196094 0.607031 0.142188 0.117188
1 0.740625 0.865625 0.128125 0.09375
1 0.934375 0.594531 0.13125 0.135937
1 0.573438 0.521094 0.096875 0.0703125
2 0.369531 0.598437 0.207813 0.2
1 0.842969 0.602344 0.0765625 0.0828125
1 0.547656 0.589844 0.114063 0.0953125
1 0.892187 0.780469 0.1125 0.126563
1 0.391406 0.453125 0.126563 0.13125
1 0.671875 0.296875 0.1375 0.11875
1 0.753125 0.521875 0.103125 0.1125
1 0.677344 0.492188 0.0765625 0.0625
2 0.117188 0.784375 0.13125 0.13125
1 0.825 0.213281 0.10625 0.0984375
1 0.535156 0.832812 0.0796875 0.071875
1 0.682031 0.7875 0.0828125 0.078125
1 0.692187 0.196094 0.15 0.117188
2 0.382812 0.772656 0.125 0.126563
2 0.272656 0.4125 0.157813 0.159375
1 0.489062 0.225781 0.159375 0.129688
1 0.582812 0.946094 0.125 0.107813
1 0.632812 0.872656 0.109375 0.129688
1 0.771875 0.644531 0.128125 0.132812
1 0.6625 0.634375 0.1375 0.178125
1 0.786719 0.317969 0.126563 0.123438
1 0.617969 0.454688 0.101562 0.084375
1 0.532031 0.355469 0.120312 0.126563
1 0.508594 0.466406 0.129688 0.126563
1 0.632812 0.374219 0.109375 0.107813
1 0.575781 0.739844 0.179688 0.157813
1 0.567187 0.269531 0.0875 0.0796875
1 0.735156 0.407031 0.104687 0.0984375
1 0.535156 0.116406 0.201562 0.192188
