0 0.9625 0.703125 0.053125 0.09375
2 0.0125 0.03125 0.025 0.0625
2 0.0164062 0.667969 0.0328125 0.0828125
1 0.407813 0.44375 0.09375 0.09375
0 0.950781 0.00703125 0.0453125 0.0140625
0 0.911719 0.533594 0.0796875 0.123438
1 0.247656 0.503906 0.0890625 0.0859375
1 0.0210938 0.592188 0.0421875 0.1
0 0.878906 0.553125 0.0609375 0.065625
1 0.01875 0.953906 0.0375 0.0890625
1 0.0257812 0.180469 0.0515625 0.123438
2 0.028125 0.182031 0.05625 0.129688
2 0.232031 0.977344 0.0984375 0.0453125
2 0.508594 0.975781 0.192188 0.0484375
1 0.267969 0.2125 0.148438 0.096875
2 0.0421875 0.503906 0.084375 0.129688
0 0.725 0.0257812 0.096875 0.0515625
2 0.247656 0.502344 0.0890625 0.0890625
2 0.267969 0.210938 0.142188 0.096875
0 0.978906 0.608594 0.0421875 0.104687
0 0.732813 0.170312 0.075 0.084375
2 0.150781 0.914844 0.0734375 0.0640625
2 0.0570313 0.0328125 0.0890625 0.065625
2 0.034375 0.710156 0.065625 0.0734375
0 0.974219 0.453906 0.0515625 0.0734375
0 0.984375 0.233594 0.03125 0.0703125
2 0.3375 0.932813 0.06875 0.075
2 0.10625 0.750781 0.121875 0.0984375
0 0.685156 0.232031 0.0734375 0.0734375
0 0.975 0.520312 0.05 0.071875
0 0.974219 0.777344 0.0515625 0.101562
2 0.235156 0.410156 0.160938 0.132812
2 0.335156 0.860156 0.0640625 0.0796875
2 0.0507812 0.090625 0.101562 0.0875
0 0.954687 0.682031 0.053125 0.0421875
2 0.297656 0.30625 0.120312 0.075
1 0.0601562 0.371094 0.120312 0.164062
2 0.484375 0.924219 0.2125 0.120312
2 0.128125 0.969531 0.121875 0.0609375
2 0.147656 0.546875 0.170312 0.184375
1 0.378906 0.579687 0.210938 0.109375
2 0.126563 0.417188 0.103125 0.09375
0 0.747656 0.245312 0.0671875 0.0625
1 0.182812 0.0367187 0.184375 0.0734375
1 0.365625 0.458594 0.19375 0.170312
0 0.878906 0.273438 0.0609375 0.071875
0 0.771094 0.0976562 0.0890625 0.0828125
0 0.939062 0.572656 0.075 0.0828125
2 0.06875 0.882031 0.134375 0.173438
2 0.0921875 0.191406 0.103125 0.110937
0 0.807813 0.495313 0.15625 0.14375
0 0.86875 0.2125 0.071875 0.065625
2 0.435937 0.832812 0.171875 0.15
1 0.174219 0.272656 0.173438 0.170312
0 0.920313 0.709375 0.075 0.071875
0 0.823438 0.0421875 0.1125 0.084375
0 0.874219 0.0960938 0.0609375 0.0640625
0 0.753906 0.395312 0.110937 0.096875
0 0.814062 0.626562 0.171875 0.153125
0 0.530469 0.046875 0.176563 0.09375
0 0.916406 0.247656 0.0546875 0.0640625
2 0.253906 0.908594 0.142188 0.151562
0 0.65 0.126563 0.171875 0.14375
1 0.301562 0.745313 0.1625 0.184375
0 0.904688 0.480469 0.071875 0.0859375
1 0.177344 0.817187 0.132812 0.13125
0 0.833594 0.366406 0.0640625 0.0671875
0 0.830469 0.264844 0.0546875 0.0640625
0 0.816406 0.172656 0.101562 0.107813
2 0.138281 0.678125 0.164062 0.115625
1 0.435937 0.678906 0.203125 0.107813
1 0.2125 0.111719 0.184375 0.139062
