2 0.678125 0.740625 0.040625 0.034375
0 0.546875 0.860937 0.05 0.053125
3 0.971094 0.30625 0.0578125 0.059375
0 0.71875 0.348437 0.046875 0.04375
1 0.254687 0.817187 0.065625 0.053125
2 0.548437 0.882812 0.034375 0.028125
2 0.642187 0.686719 0.040625 0.0453125
0 0.521875 0.63125 0.046875 0.05
3 0.369531 0.709375 0.0546875 0.096875
3 0.461719 0.466406 0.0484375 0.0453125
0 0.157031 0.453906 0.0453125 0.0359375
0 0.489844 0.854688 0.0734375 0.065625
0 0.788281 0.0554687 0.0421875 0.0484375
3 0.0179687 0.504687 0.0359375 0.0625
0 0.49375 0.242188 0.04375 0.0375
2 0.105469 0.855469 0.0515625 0.0578125
3 0.81875 0.264844 0.075 0.0765625
3 0.278906 0.992969 0.0421875 0.0140625
0 0.69375 0.263281 0.028125 0.0296875
2 0.942187 0.117969 0.059375 0.0546875
1 0.257812 0.875 0.059375 0.05625
0 0.11875 0.809375 0.04375 0.04375
0 0.422656 0.071875 0.0796875 0.090625
3 0.4375 0.975 0.084375 0.05
2 0.065625 0.916406 0.08125 0.0671875
0 0.985937 0.059375 0.028125 0.034375
0 0.742188 0.978125 0.0875 0.040625
0 0.38125 0.015625 0.0625 0.03125
3 0.250781 0.196094 0.0578125 0.0546875
0 0.152344 0.494531 0.0453125 0.0390625
0 0.292188 0.253125 0.053125 0.046875
0 0.148438 0.757031 0.05 0.0515625
0 0.503906 0.277344 0.0578125 0.0515625
3 0.0734375 0.478906 0.071875 0.0609375
0 0.732031 0.845312 0.0359375 0.04375
2 0.655469 0.896094 0.0734375 0.0734375
0 0.522656 0.502344 0.0609375 0.0546875
2 0.557031 0.115625 0.0890625 0.08125
2 0.304688 0.0234375 0.075 0.046875
3 0.819531 0.595312 0.0859375 0.09375
0 0.547656 0.841406 0.0640625 0.0609375
0 0.464063 0.146875 0.053125 0.0375
2 0.25 0.195312 0.059375 0.05625
3 0.0328125 0.975781 0.0625 0.0484375
2 0.577344 0.0546875 0.0703125 0.05625
1 0.3375 0.126563 0.084375 0.065625
3 0.533594 0.201562 0.0828125 0.075
2 0.497656 0.03125 0.0859375 0.0625
0 0.339844 0.578125 0.0484375 0.053125
0 0.609375 0.325781 0.034375 0.0453125
0 0.0359375 0.8625 0.053125 0.05
0 0.365625 0.053125 0.0625 0.059375
2 0.464063 0.146094 0.05 0.0421875
3 0.0179687 0.461719 0.0328125 0.0390625
3 0.853906 0.684375 0.0578125 0.05625
0 0.0703125 0.330469 0.034375 0.0328125
2 0.075 0.479688 0.071875 0.059375
3 0.599219 0.803906 0.0828125 0.0734375
3 0.490625 0.855469 0.078125 0.0671875
3 0.726562 0.338281 0.04375 0.0453125
2 0.615625 0.189844 0.040625 0.0515625
0 0.257031 0.875 0.0609375 0.05625
3 0.982031 0.366406 0.0359375 0.0640625
3 0.0664062 0.914844 0.0859375 0.0671875
0 0.336719 0.814844 0.0671875 0.0671875
2 0.260156 0.613281 0.0890625 0.0640625
3 0.630469 0.625781 0.0453125 0.0421875
2 0.973437 0.305469 0.053125 0.0609375
2 0.599219 0.802344 0.0859375 0.0734375
2 0.66875 0.225781 0.071875 0.0734375
0 0.775 0.128125 0.05 0.0375
3 0.971094 0.73125 0.0578125 0.08125
0 0.253906 0.81875 0.0671875 0.059375
3 0.667969 0.227344 0.0703125 0.0703125
3 0.908594 0.382031 0.0953125 0.0796875
1 0.555469 0.115625 0.0890625 0.084375
2 0.853906 0.684375 0.0578125 0.05625
2 0.0515625 0.0203125 0.059375 0.040625
0 0.160938 0.957031 0.040625 0.0546875
0 0.321875 0.682813 0.05 0.046875
3 0.0625 0.124219 0.04375 0.0515625
0 0.182812 0.634375 0.046875 0.046875
0 0.149219 0.303125 0.0421875 0.04375
3 0.557813 0.944531 0.046875 0.0484375
1 0.421875 0.0734375 0.08125 0.0875
2 0.228125 0.688281 0.0625 0.0578125
0 0.338281 0.127344 0.0859375 0.0671875
2 0.922656 0.496875 0.107813 0.103125
3 0.590625 0.269531 0.06875 0.0640625
3 0.982813 0.814062 0.034375 0.053125
3 0.978125 0.532812 0.04375 0.071875
3 0.460938 0.435156 0.05 0.0453125
2 0.532031 0.439063 0.0703125 0.06875
0 0.184375 0.435937 0.0625 0.0625
2 0.533594 0.202344 0.0859375 0.0765625
0 0.216406 0.936719 0.0609375 0.0578125
2 0.81875 0.264844 0.075 0.0765625
2 0.357812 0.252344 0.075 0.0796875
3 0.722656 0.942969 0.0359375 0.0328125
0 0.848437 0.4625 0.053125 0.04375
0 0.930469 0.78125 0.0578125 0.078125
3 0.685156 0.814844 0.0546875 0.0515625
0 0.947656 0.638281 0.0640625 0.0640625
3 0.0851562 0.202344 0.0703125 0.0796875
2 0.177344 0.0351562 0.129688 0.0703125
3 0.589063 0.547656 0.06875 0.0734375
2 0.851562 0.778125 0.090625 0.1
3 0.183594 0.36875 0.0640625 0.065625
3 0.739844 0.270312 0.0578125 0.05625
3 0.8125 0.352344 0.05625 0.0546875
2 0.151562 0.686719 0.06875 0.0765625
2 0.964844 0.889063 0.0703125 0.06875
3 0.722656 0.059375 0.0796875 0.071875
3 0.659375 0.313281 0.075 0.0765625
2 0.485156 0.590625 0.0765625 0.071875
0 0.021875 0.210156 0.04375 0.0484375
2 0.210938 0.285156 0.05625 0.0703125
0 0.127344 0.275 0.0453125 0.0375
3 0.769531 0.214062 0.0828125 0.071875
3 0.202344 0.751562 0.0609375 0.06875
3 0.835938 0.510938 0.046875 0.05
2 0.390625 0.885938 0.075 0.06875
2 0.0429688 0.554688 0.0734375 0.071875
0 0.628125 0.116406 0.05 0.0578125
3 0.683594 0.472656 0.0515625 0.0546875
2 0.341406 0.330469 0.0640625 0.0578125
3 0.726562 0.901563 0.0625 0.059375
3 0.65 0.553125 0.059375 0.05625
3 0.361719 0.7375 0.0515625 0.0625
3 0.65625 0.895312 0.071875 0.075
3 0.38125 0.685156 0.053125 0.0546875
3 0.367188 0.957812 0.0625 0.0625
3 0.46875 0.925 0.06875 0.071875
3 0.560938 0.617188 0.05625 0.053125
2 0.775 0.499219 0.084375 0.0828125
3 0.296875 0.946094 0.05 0.0546875
3 0.821875 0.433594 0.046875 0.0421875
2 0.314063 0.39375 0.084375 0.075
2 0.964063 0.228906 0.071875 0.0921875
2 0.196094 0.525781 0.0828125 0.0921875
0 0.0234375 0.660937 0.046875 0.075
2 0.457031 0.673437 0.0859375 0.075
3 0.300781 0.467969 0.0578125 0.0515625
2 0.285156 0.749219 0.0984375 0.0953125
2 0.81875 0.594531 0.0875 0.0921875
0 0.196094 0.185156 0.0578125 0.0734375
2 0.396875 0.614844 0.0625 0.0609375
2 0.0304688 0.396875 0.0609375 0.0875
3 0.692969 0.157813 0.0609375 0.05625
2 0.122656 0.101562 0.0765625 0.071875
2 0.874219 0.873438 0.107813 0.1
2 0.283594 0.538281 0.0953125 0.0828125
3 0.61875 0.415625 0.071875 0.05625
0 0.4875 0.0914062 0.0625 0.0703125
2 0.551562 0.69375 0.0875 0.0875
2 0.775 0.742188 0.08125 0.0875
2 0.864844 0.0664062 0.110937 0.110937
0 0.307813 0.189844 0.065625 0.0609375
3 0.747656 0.594531 0.0546875 0.0484375
2 0.0539063 0.811719 0.0703125 0.0578125
2 0.43125 0.266406 0.06875 0.0640625
3 0.625 0.740625 0.05625 0.05625
3 0.607031 0.474219 0.0765625 0.0640625
2 0.2375 0.392969 0.071875 0.0765625
2 0.434375 0.533594 0.09375 0.0984375
3 0.514063 0.775781 0.075 0.0640625
2 0.264062 0.310937 0.071875 0.078125
2 0.442187 0.184375 0.0875 0.078125
2 0.484375 0.350781 0.0875 0.0921875
3 0.628125 0.96875 0.0875 0.0625
2 0.0726563 0.739844 0.107813 0.0828125
2 0.565625 0.358594 0.0875 0.101562
3 0.725 0.661719 0.10625 0.0859375
2 0.121094 0.580469 0.0734375 0.0765625
0 0.725781 0.432813 0.110937 0.0875
2 0.0875 0.653906 0.0875 0.0796875
2 0.182031 0.833594 0.0859375 0.0859375
2 0.413281 0.804688 0.0859375 0.1
