2 0.434375 0.654688 0.0625 0.071875
2 0.198437 0.45625 0.034375 0.0375
3 0.751562 0.053125 0.046875 0.04375
3 0.192969 0.860156 0.0359375 0.0328125
2 0.647656 0.984375 0.0984375 0.03125
2 0.985937 0.9 0.025 0.075
0 0.326562 0.969531 0.0875 0.0546875
2 0.0867188 0.00703125 0.0703125 0.0140625
2 0.190625 0.934375 0.08125 0.125
2 0.321094 0.989844 0.0765625 0.0203125
3 0.009375 0.602344 0.01875 0.0921875
0 0.869531 0.399219 0.0578125 0.0546875
0 0.0101562 0.0429688 0.0203125 0.0453125
2 0.109375 0.682031 0.059375 0.0515625
2 0.15 0.839844 0.034375 0.0359375
2 0.91875 0.984375 0.1375 0.03125
3 0.650781 0.983594 0.0984375 0.0328125
2 0.832812 0.0726563 0.028125 0.0359375
2 0.357812 0.465625 0.06875 0.090625
2 0.647656 0.025 0.0515625 0.05
3 0.316406 0.83125 0.0390625 0.040625
3 0.0796875 0.988281 0.065625 0.0234375
0 0.802344 0.0476562 0.0390625 0.0515625
0 0.834375 0.2875 0.053125 0.05
3 0.117188 0.985937 0.053125 0.028125
2 0.417188 0.0132813 0.075 0.0234375
3 0.861719 0.214844 0.0640625 0.0609375
0 0.276563 0.758594 0.034375 0.0328125
3 0.989844 0.816406 0.0203125 0.0859375
0 0.851562 0.132812 0.040625 0.05
2 0.860156 0.216406 0.0671875 0.0609375
2 0.29375 0.132812 0.046875 0.046875
0 0.255469 0.54375 0.0890625 0.078125
2 0.982813 0.103906 0.034375 0.0390625
2 0.315625 0.833594 0.0375 0.0421875
1 0.359375 0.466406 0.06875 0.0921875
0 0.83125 0.0726563 0.03125 0.0390625
0 0.252344 0.671875 0.0484375 0.046875
3 0.660156 0.90625 0.0671875 0.071875
0 0.903906 0.44375 0.0671875 0.071875
3 0.126563 0.594531 0.071875 0.0671875
3 0.796875 0.208594 0.05 0.0484375
0 0.133594 0.0539063 0.0265625 0.0265625
2 0.560156 0.321875 0.0609375 0.046875
2 0.795313 0.607031 0.078125 0.0796875
2 0.398438 0.0476562 0.046875 0.0421875
0 0.015625 0.1125 0.03125 0.05
3 0.989062 0.0257812 0.021875 0.0484375
3 0.982813 0.104687 0.034375 0.04375
3 0.1625 0.789062 0.046875 0.05
3 0.766406 0.496094 0.0609375 0.0578125
2 0.459375 0.835156 0.084375 0.107813
3 0.960938 0.499219 0.078125 0.120312
3 0.648438 0.0242187 0.046875 0.0484375
2 0.167187 0.0179687 0.08125 0.0359375
0 0.80625 0.671094 0.040625 0.0328125
2 0.201562 0.901563 0.08125 0.0875
3 0.025 0.786719 0.05 0.0890625
0 0.0460938 0.075 0.0328125 0.03125
3 0.875781 0.348437 0.0484375 0.046875
2 0.178906 0.965625 0.0765625 0.06875
2 0.750781 0.053125 0.0515625 0.046875
0 0.721875 0.415625 0.028125 0.028125
3 0.909375 0.090625 0.09375 0.090625
2 0.254687 0.54375 0.0875 0.078125
2 0.0367187 0.9125 0.0734375 0.0625
3 0.0242187 0.970312 0.0484375 0.059375
2 0.119531 0.116406 0.0828125 0.0609375
3 0.794531 0.608594 0.0828125 0.0796875
3 0.492188 0.973437 0.1 0.053125
2 0.557031 0.676562 0.0421875 0.059375
2 0.522656 0.833594 0.0484375 0.0609375
2 0.45625 0.461719 0.075 0.107813
2 0.507031 0.564062 0.0484375 0.059375
2 0.9375 0.605469 0.125 0.104687
2 0.0640625 0.848437 0.084375 0.075
3 0.0671875 0.634375 0.0625 0.053125
3 0.115625 0.916406 0.06875 0.0765625
3 0.164844 0.53125 0.0484375 0.046875
3 0.110156 0.682813 0.0578125 0.053125
2 0.238281 0.807031 0.0765625 0.0765625
3 0.734375 0.317187 0.046875 0.046875
3 0.967188 0.151562 0.065625 0.059375
2 0.267188 0.729688 0.03125 0.0375
2 0.23125 0.608594 0.08125 0.0734375
3 0.255469 0.95625 0.0734375 0.06875
2 0.185156 0.710938 0.114063 0.096875
0 0.228125 0.0179687 0.05625 0.0359375
3 0.700781 0.0179687 0.0484375 0.0359375
2 0.936719 0.750781 0.0765625 0.0671875
2 0.914844 0.915625 0.145313 0.121875
2 0.275 0.895312 0.0625 0.0625
3 0.333594 0.267188 0.0515625 0.05
2 0.489844 0.651563 0.101562 0.121875
0 0.78125 0.309375 0.06875 0.06875
3 0.658594 0.836719 0.0453125 0.0390625
2 0.385938 0.392969 0.05625 0.0609375
0 0.855469 0.582031 0.0515625 0.0484375
2 0.19375 0.641406 0.059375 0.0578125
2 0.346094 0.902344 0.0734375 0.0796875
2 0.610937 0.673437 0.071875 0.065625
3 0.705469 0.2375 0.142188 0.11875
2 0.557031 0.742969 0.0484375 0.0609375
2 0.603125 0.938281 0.0875 0.117188
2 0.140625 0.292969 0.075 0.0546875
2 0.313281 0.0359375 0.123438 0.071875
2 0.957812 0.373437 0.084375 0.084375
2 0.136719 0.241406 0.0765625 0.0640625
2 0.0257812 0.432031 0.0515625 0.0953125
3 0.03125 0.723437 0.059375 0.05625
2 0.484375 0.3 0.05625 0.065625
2 0.355469 0.199219 0.0515625 0.0578125
3 0.840625 0.0203125 0.05 0.040625
3 0.310937 0.3375 0.059375 0.05625
2 0.408594 0.939844 0.0828125 0.101562
2 0.0609375 0.528906 0.11875 0.114063
2 0.208594 0.109375 0.0734375 0.06875
2 0.928906 0.267188 0.132812 0.14375
2 0.485938 0.367969 0.084375 0.0765625
2 0.114844 0.341406 0.0921875 0.0703125
2 0.345313 0.751562 0.06875 0.059375
2 0.833594 0.707812 0.104687 0.078125
3 0.942969 0.0242187 0.0734375 0.0484375
2 0.360156 0.667188 0.0953125 0.109375
2 0.075 0.184375 0.078125 0.075
2 0.096875 0.7625 0.075 0.075
2 0.291406 0.392969 0.0734375 0.0578125
2 0.0492188 0.263281 0.0984375 0.123438
2 0.488281 0.742969 0.0796875 0.0796875
2 0.160938 0.169531 0.08125 0.0796875
2 0.640625 0.742188 0.1125 0.11875
2 0.205469 0.376563 0.101562 0.09375
2 0.0992187 0.423438 0.107813 0.09375
2 0.416406 0.7375 0.0765625 0.0875
2 0.2625 0.4625 0.1 0.0875
2 0.385156 0.828906 0.0796875 0.0921875
2 0.410937 0.297656 0.1125 0.107813
2 0.539062 0.467969 0.109375 0.107813
2 0.945312 0.682031 0.10625 0.0921875
2 0.240625 0.2875 0.109375 0.084375
2 0.673437 0.0789063 0.09375 0.0890625
2 0.590625 0.585156 0.11875 0.114063
3 0.514844 0.910156 0.0953125 0.0921875
2 0.5875 0.825 0.090625 0.103125
2 0.841406 0.790625 0.151562 0.121875
2 0.402344 0.567187 0.0828125 0.103125
2 0.332812 0.55625 0.06875 0.084375
2 0.255469 0.178906 0.129688 0.129688
0 0.797656 0.416406 0.0921875 0.0828125
2 0.379687 0.103906 0.096875 0.114063
2 0.586719 0.392969 0.129688 0.126563
2 0.497656 0.0765625 0.142188 0.1125
2 0.466406 0.171875 0.129688 0.10625
2 0.745313 0.130469 0.175 0.114063
