2 0.009375 0.890625 0.01875 0.059375
0 0.289844 0.959375 0.0515625 0.06875
3 0.225781 0.935938 0.0515625 0.053125
2 0.664062 0.852344 0.046875 0.0484375
3 0.176563 0.345313 0.04375 0.04375
3 0.570312 0.403906 0.090625 0.0765625
0 0.399219 0.50625 0.0484375 0.046875
3 0.146094 0.009375 0.0515625 0.01875
3 0.364844 0.964844 0.110937 0.0703125
2 0.555469 0.484375 0.0546875 0.071875
0 0.692187 0.629687 0.04375 0.04375
2 0.786719 0.967188 0.0390625 0.0375
2 0.607813 0.71875 0.059375 0.059375
3 0.239063 0.0203125 0.040625 0.034375
3 0.615625 0.664062 0.046875 0.046875
2 0.253125 0.198437 0.06875 0.065625
0 0.514063 0.159375 0.05625 0.046875
2 0.692969 0.980469 0.101562 0.0390625
2 0.989062 0.420312 0.021875 0.09375
3 0.947656 0.0578125 0.0921875 0.078125
3 0.510938 0.957031 0.078125 0.0859375
2 0.185156 0.85625 0.0953125 0.0875
0 0.284375 0.01875 0.053125 0.0375
3 0.108594 0.838281 0.0546875 0.0546875
2 0.0234375 0.204688 0.046875 0.125
0 0.619531 0.0648438 0.0328125 0.0390625
2 0.109375 0.8375 0.05625 0.05625
2 0.239063 0.0203125 0.040625 0.034375
3 0.692187 0.978906 0.103125 0.0421875
2 0.615625 0.664844 0.046875 0.0484375
0 0.317969 0.0226563 0.0546875 0.0453125
3 0.148438 0.271875 0.10625 0.0875
2 0.148438 0.270312 0.10625 0.0875
3 0.185156 0.857031 0.0953125 0.0859375
3 0.250781 0.198437 0.0671875 0.065625
3 0.0507812 0.533594 0.0578125 0.0609375
2 0.364844 0.965625 0.114063 0.06875
3 0.664062 0.854688 0.046875 0.05
2 0.207031 0.980469 0.107813 0.0390625
3 0.603906 0.976562 0.0796875 0.046875
3 0.0242187 0.704687 0.0484375 0.09375
2 0.0320312 0.425781 0.0640625 0.104687
2 0.948438 0.0578125 0.090625 0.078125
3 0.650781 0.577344 0.0390625 0.0421875
2 0.983594 0.661719 0.0296875 0.0953125
3 0.553906 0.484375 0.0578125 0.06875
3 0.3375 0.189063 0.05 0.053125
0 0.327344 0.053125 0.0359375 0.040625
2 0.920313 0.674219 0.109375 0.101562
3 0.153906 0.510156 0.0453125 0.0484375
3 0.123438 0.773438 0.059375 0.05625
2 0.511719 0.95625 0.0828125 0.0875
2 0.0671875 0.963281 0.13125 0.0734375
2 0.421094 0.850781 0.126563 0.110937
2 0.974219 0.115625 0.0515625 0.0875
3 0.125781 0.592188 0.0515625 0.046875
0 0.322656 0.457812 0.0546875 0.0625
0 0.458594 0.507812 0.0609375 0.0875
2 0.522656 0.750781 0.110937 0.110937
2 0.165625 0.41875 0.13125 0.109375
2 0.0601562 0.257031 0.0828125 0.0734375
3 0.189063 0.608594 0.059375 0.0515625
2 0.160938 0.928906 0.05625 0.0546875
2 0.135937 0.046875 0.071875 0.0625
2 0.796875 0.198437 0.109375 0.09375
2 0.975781 0.196094 0.0484375 0.0671875
2 0.116406 0.119531 0.0515625 0.0515625
2 0.614844 0.485156 0.0796875 0.101562
0 0.203906 0.547656 0.0640625 0.0640625
3 0.45625 0.964063 0.040625 0.05
2 0.761719 0.835156 0.0640625 0.0609375
3 0.357031 0.110156 0.0453125 0.0546875
2 0.571875 0.405469 0.0875 0.0765625
2 0.375781 0.0304688 0.0453125 0.0546875
0 0.216406 0.0640625 0.0578125 0.059375
0 0.0335938 0.126563 0.0578125 0.05625
2 0.717188 0.0335938 0.115625 0.0671875
0 0.0773437 0.195312 0.0578125 0.053125
2 0.45 0.703906 0.096875 0.0734375
0 0.265625 0.898438 0.053125 0.059375
2 0.95625 0.580469 0.0875 0.0890625
3 0.685156 0.770312 0.0546875 0.059375
3 0.813281 0.454688 0.0484375 0.053125
2 0.892969 0.4375 0.0859375 0.065625
2 0.200781 0.767969 0.101562 0.0828125
2 0.746875 0.379687 0.090625 0.078125
0 0.541406 0.132812 0.0671875 0.0625
3 0.635938 0.624219 0.0625 0.0515625
2 0.964844 0.753906 0.0703125 0.0953125
3 0.300781 0.271094 0.0921875 0.0859375
2 0.539062 0.553125 0.103125 0.08125
2 0.847656 0.592969 0.114063 0.0890625
2 0.0484375 0.05625 0.096875 0.109375
3 0.608594 0.334375 0.0515625 0.053125
2 0.813281 0.674219 0.0921875 0.0703125
2 0.330469 0.376563 0.132812 0.115625
2 0.703906 0.465625 0.0984375 0.103125
2 0.673437 0.296875 0.121875 0.121875
3 0.674219 0.546094 0.0484375 0.0421875
2 0.0320312 0.325 0.0640625 0.090625
2 0.780469 0.525 0.0890625 0.084375
3 0.850781 0.021875 0.0484375 0.04375
3 0.757031 0.0992187 0.0515625 0.0609375
3 0.272656 0.603125 0.0734375 0.065625
3 0.913281 0.139062 0.0734375 0.0625
0 0.585938 0.820312 0.053125 0.05
2 0.0890625 0.353906 0.1 0.0921875
2 0.165625 0.183594 0.096875 0.0953125
0 0.0523437 0.788281 0.0890625 0.0796875
3 0.425 0.310156 0.05625 0.0578125
2 0.433594 0.775 0.0828125 0.08125
2 0.492188 0.625 0.15 0.109375
2 0.942187 0.81875 0.065625 0.06875
2 0.939844 0.371875 0.120312 0.1375
3 0.546875 0.249219 0.09375 0.0984375
3 0.65 0.1875 0.109375 0.096875
3 0.260156 0.442969 0.0671875 0.0734375
3 0.78125 0.761719 0.08125 0.0828125
2 0.947656 0.935938 0.104687 0.1125
3 0.353125 0.571875 0.078125 0.078125
3 0.714844 0.694531 0.0640625 0.0703125
2 0.789062 0.290625 0.1125 0.103125
3 0.3375 0.89375 0.1 0.09375
0 0.485156 0.03125 0.0546875 0.05625
3 0.453906 0.210156 0.0796875 0.0703125
3 0.747656 0.617969 0.0765625 0.0703125
2 0.871875 0.78125 0.0875 0.1
3 0.258594 0.680469 0.0796875 0.0765625
3 0.904688 0.867969 0.06875 0.0609375
2 0.879687 0.966406 0.078125 0.0671875
3 0.416406 0.129688 0.0703125 0.065625
2 0.900781 0.214062 0.117188 0.1125
2 0.139844 0.689844 0.129688 0.107813
2 0.680469 0.103125 0.0953125 0.078125
2 0.84375 0.363281 0.096875 0.101562
2 0.880469 0.517187 0.0984375 0.08125
0 0.417969 0.071875 0.0578125 0.05625
2 0.946094 0.267188 0.101562 0.0875
