2 0.0148437 0.146094 0.0296875 0.0796875
3 0.0117188 0.0664062 0.0234375 0.0859375
2 0.059375 0.982031 0.11875 0.0359375
2 0.464063 0.752344 0.128125 0.123438
3 0.660156 0.85625 0.173438 0.15625
2 0.0132813 0.701563 0.0265625 0.103125
0 0.194531 0.746094 0.0578125 0.0640625
2 0.967188 0.26875 0.065625 0.140625
2 0.703125 0.0554687 0.096875 0.107813
3 0.496875 0.33125 0.040625 0.046875
2 0.953906 0.040625 0.0921875 0.08125
3 0.314063 0.889063 0.06875 0.10625
3 0.725781 0.524219 0.0984375 0.104687
2 0.727344 0.526563 0.0984375 0.115625
2 0.0375 0.902344 0.075 0.167187
2 0.976562 0.872656 0.04375 0.123438
0 0.015625 0.339063 0.03125 0.096875
3 0.267969 0.809375 0.101562 0.078125
3 0.701563 0.05625 0.1 0.1125
2 0.659375 0.857813 0.171875 0.153125
2 0.188281 0.0984375 0.160938 0.1375
2 0.969531 0.775781 0.0609375 0.110937
3 0.964844 0.264844 0.0703125 0.157813
2 0.592188 0.0296875 0.103125 0.059375
2 0.0304688 0.471875 0.0609375 0.190625
2 0.490625 0.0367187 0.115625 0.0734375
2 0.953125 0.651563 0.09375 0.15625
0 0.514063 0.924219 0.153125 0.148438
2 0.382031 0.217187 0.0953125 0.0875
2 0.839844 0.45 0.110937 0.1875
0 0.953125 0.139844 0.090625 0.104687
3 0.461719 0.753125 0.129688 0.11875
2 0.9375 0.442969 0.125 0.226562
2 0.596094 0.0992187 0.120312 0.0859375
2 0.635156 0.961719 0.129688 0.0765625
0 0.721875 0.729688 0.0875 0.125
2 0.389844 0.9375 0.132812 0.121875
3 0.0648438 0.692969 0.0734375 0.0953125
2 0.295312 0.747656 0.140625 0.0984375
3 0.6125 0.419531 0.075 0.0734375
2 0.769531 0.9 0.170312 0.2
0 0.114063 0.3625 0.078125 0.08125
2 0.059375 0.075 0.071875 0.08125
2 0.819531 0.0625 0.148438 0.125
2 0.880469 0.653125 0.0890625 0.1125
2 0.271094 0.471875 0.126563 0.11875
3 0.794531 0.760156 0.0890625 0.0890625
2 0.634375 0.207031 0.2 0.154687
3 0.784375 0.639063 0.125 0.134375
2 0.721875 0.380469 0.178125 0.192188
2 0.60625 0.744531 0.175 0.170312
2 0.196875 0.919531 0.2 0.157813
0 0.507031 0.174219 0.101562 0.107813
0 0.0914062 0.257031 0.167187 0.142188
2 0.421094 0.833594 0.120312 0.114063
2 0.639063 0.321094 0.125 0.110937
2 0.364062 0.617969 0.2 0.226562
2 0.910937 0.903125 0.171875 0.19375
3 0.879687 0.761719 0.09375 0.0921875
2 0.110156 0.790625 0.198437 0.225
2 0.121094 0.472656 0.164062 0.185937
0 0.630469 0.560938 0.132812 0.1375
2 0.199219 0.614844 0.151562 0.207813
0 0.513281 0.649219 0.126563 0.126563
2 0.415625 0.0953125 0.146875 0.14375
2 0.34375 0.380469 0.215625 0.185937
