0 0.034375 0.115625 0.06875 0.075
2 0.978906 0.3125 0.0421875 0.115625
3 0.983594 0.313281 0.0328125 0.117188
0 0.380469 0.258594 0.0734375 0.0671875
3 0.0164062 0.05 0.0328125 0.096875
2 0.146875 0.0242187 0.096875 0.0484375
2 0.799219 0.0140625 0.117188 0.028125
2 0.567969 0.378906 0.0796875 0.0765625
3 0.194531 0.839063 0.0640625 0.059375
3 0.985937 0.0929687 0.028125 0.0609375
3 0.964844 0.135937 0.0640625 0.078125
2 0.388281 0.028125 0.139062 0.05625
0 0.945312 0.692969 0.09375 0.0859375
2 0.664062 0.0164062 0.13125 0.0328125
2 0.551562 0.980469 0.046875 0.0390625
0 0.152344 0.964063 0.0421875 0.05625
0 0.7625 0.504687 0.109375 0.103125
2 0.194531 0.840625 0.0640625 0.065625
2 0.110937 0.252344 0.15 0.139062
2 0.0757812 0.0382813 0.0828125 0.0765625
2 0.0125 0.175781 0.025 0.101562
2 0.0203125 0.0429688 0.040625 0.0828125
2 0.951563 0.4125 0.09375 0.096875
3 0.932813 0.685156 0.084375 0.0828125
3 0.241406 0.0492188 0.145313 0.0984375
3 0.521875 0.090625 0.159375 0.159375
3 0.624219 0.700781 0.0796875 0.0796875
3 0.447656 0.604688 0.129688 0.1125
3 0.803125 0.576563 0.05 0.046875
2 0.866406 0.472656 0.120312 0.126563
2 0.532031 0.0132813 0.151562 0.0265625
3 0.0242187 0.276563 0.0484375 0.1
3 0.1125 0.255469 0.153125 0.132812
2 0.913281 0.25625 0.170312 0.153125
2 0.241406 0.0476562 0.145313 0.0953125
2 0.949219 0.946094 0.101562 0.104687
2 0.934375 0.685156 0.08125 0.0796875
0 0.816406 0.271094 0.0671875 0.0703125
2 0.521875 0.0898438 0.15625 0.160938
2 0.204688 0.217969 0.103125 0.123438
2 0.803125 0.578125 0.05 0.046875
2 0.345313 0.45625 0.071875 0.078125
2 0.45625 0.4125 0.146875 0.121875
2 0.09375 0.466406 0.175 0.107813
3 0.36875 0.342187 0.125 0.153125
3 0.953125 0.034375 0.090625 0.06875
0 0.728906 0.0421875 0.0578125 0.059375
2 0.474219 0.957812 0.117188 0.084375
3 0.866406 0.474219 0.123438 0.123438
0 0.567969 0.378906 0.0796875 0.0765625
3 0.914062 0.257031 0.171875 0.154687
2 0.116406 0.3625 0.104687 0.10625
2 0.446094 0.605469 0.129688 0.110937
0 0.971875 0.710938 0.05625 0.06875
3 0.778906 0.959375 0.164062 0.08125
3 0.930469 0.142188 0.120312 0.096875
3 0.277344 0.875 0.0859375 0.075
2 0.832812 0.0828125 0.175 0.159375
2 0.785937 0.764063 0.0625 0.059375
2 0.442187 0.51875 0.128125 0.078125
2 0.0523437 0.382031 0.101562 0.129688
2 0.967969 0.847656 0.0640625 0.101562
2 0.673437 0.394531 0.1375 0.170312
0 0.198437 0.903906 0.115625 0.0984375
2 0.360938 0.940625 0.13125 0.115625
2 0.428125 0.158594 0.1 0.126563
2 0.25 0.551562 0.14375 0.11875
0 0.864062 0.583594 0.08125 0.0953125
0 0.717188 0.152344 0.090625 0.0828125
2 0.286719 0.25625 0.0828125 0.084375
3 0.107813 0.111719 0.09375 0.0890625
2 0.895312 0.778906 0.09375 0.0765625
2 0.565625 0.884375 0.06875 0.059375
3 0.628125 0.944531 0.165625 0.110937
2 0.294531 0.8 0.123438 0.1
2 0.499219 0.78125 0.101562 0.08125
3 0.154687 0.533594 0.0875 0.114063
2 0.957812 0.505469 0.084375 0.117188
2 0.314844 0.153906 0.176563 0.195312
2 0.946875 0.607031 0.1 0.0859375
0 0.177344 0.620313 0.0734375 0.075
2 0.401563 0.776563 0.096875 0.128125
0 0.0289063 0.68125 0.0578125 0.08125
0 0.642969 0.865625 0.0890625 0.08125
2 0.630469 0.58125 0.145313 0.1625
2 0.485938 0.264062 0.146875 0.140625
2 0.06875 0.928125 0.134375 0.140625
2 0.188281 0.736719 0.120312 0.151562
2 0.334375 0.585938 0.109375 0.11875
2 0.46875 0.875 0.11875 0.096875
2 0.79375 0.384375 0.121875 0.1375
2 0.0617188 0.583594 0.120312 0.135937
2 0.879687 0.872656 0.134375 0.135937
0 0.530469 0.7 0.0953125 0.096875
2 0.714063 0.241406 0.134375 0.135937
2 0.315625 0.692187 0.171875 0.128125
2 0.563281 0.466406 0.129688 0.151562
2 0.646094 0.09375 0.117188 0.15
0 0.80625 0.211719 0.0875 0.0828125
2 0.259375 0.346094 0.1 0.0953125
2 0.758594 0.863281 0.120312 0.120312
2 0.251563 0.44375 0.121875 0.103125
2 0.0703125 0.76875 0.128125 0.153125
2 0.821875 0.682031 0.146875 0.132812
2 0.603125 0.260938 0.1125 0.140625
