0 0.457812 0.365625 0.05625 0.075
0 0.753906 0.0992187 0.0578125 0.0765625
3 0.021875 0.015625 0.04375 0.03125
3 0.754687 0.0921875 0.053125 0.06875
0 0.957031 0.639844 0.0734375 0.0796875
3 0.513281 0.595312 0.120312 0.11875
2 0.727344 0.371875 0.132812 0.11875
1 0.363281 0.294531 0.101562 0.0796875
2 0.682031 0.173438 0.117188 0.13125
3 0.988281 0.413281 0.0234375 0.0765625
2 0.867188 0.350781 0.090625 0.0828125
2 0.364844 0.29375 0.104687 0.078125
3 0.202344 0.932813 0.139062 0.134375
0 0.557031 0.542969 0.0671875 0.0703125
3 0.928906 0.928906 0.0828125 0.123438
2 0.764844 0.911719 0.0953125 0.104687
2 0.316406 0.953125 0.123438 0.09375
2 0.0953125 0.0257812 0.121875 0.0515625
3 0.867188 0.349219 0.09375 0.0859375
3 0.765625 0.9125 0.09375 0.1
2 0.678125 0.889063 0.075 0.075
0 0.253906 0.497656 0.0703125 0.0890625
3 0.979688 0.921094 0.040625 0.151562
2 0.282813 0.19375 0.078125 0.103125
2 0.200781 0.93125 0.142188 0.134375
2 0.122656 0.239063 0.0640625 0.075
2 0.176563 0.530469 0.05625 0.0546875
2 0.7625 0.983594 0.046875 0.0328125
2 0.0234375 0.400781 0.046875 0.0828125
2 0.753125 0.0921875 0.05 0.065625
2 0.0171875 0.607031 0.034375 0.135937
3 0.282031 0.196094 0.0765625 0.101562
0 0.258594 0.583594 0.0796875 0.0953125
3 0.317969 0.953125 0.123438 0.09375
2 0.671875 0.95 0.115625 0.1
2 0.0289063 0.739844 0.0578125 0.126563
3 0.728906 0.373437 0.135937 0.11875
3 0.853125 0.974219 0.11875 0.0515625
2 0.100781 0.936719 0.0484375 0.0546875
0 0.075 0.404687 0.06875 0.078125
0 0.622656 0.0617188 0.0609375 0.0703125
3 0.659375 0.700781 0.1 0.0890625
2 0.435937 0.571875 0.078125 0.084375
3 0.682031 0.174219 0.120312 0.126563
0 0.0929687 0.521094 0.0703125 0.0515625
2 0.559375 0.334375 0.08125 0.05625
2 0.0382813 0.264062 0.0734375 0.128125
2 0.0460938 0.176563 0.0921875 0.159375
3 0.81875 0.559375 0.125 0.11875
0 0.728906 0.563281 0.0734375 0.0703125
2 0.515625 0.596875 0.128125 0.115625
2 0.947656 0.313281 0.0953125 0.101562
2 0.9 0.159375 0.10625 0.078125
2 0.0445312 0.949219 0.0890625 0.101562
0 0.203125 0.596094 0.071875 0.0765625
3 0.632031 0.557813 0.0828125 0.08125
2 0.0335938 0.486719 0.0671875 0.126563
2 0.503906 0.0359375 0.129688 0.071875
3 0.899219 0.567187 0.0453125 0.05
3 0.965625 0.577344 0.06875 0.0703125
3 0.635938 0.461719 0.0625 0.0671875
3 0.784375 0.621875 0.053125 0.059375
2 0.192188 0.0484375 0.1125 0.096875
0 0.904688 0.635938 0.11875 0.1
2 0.822656 0.473437 0.101562 0.071875
0 0.0921875 0.34375 0.08125 0.078125
2 0.510156 0.111719 0.0953125 0.0859375
2 0.935156 0.400781 0.0828125 0.0828125
3 0.53125 0.497656 0.075 0.0671875
2 0.427344 0.896094 0.126563 0.151562
2 0.06875 0.834375 0.1375 0.16875
2 0.446875 0.69375 0.103125 0.109375
2 0.766406 0.804688 0.0796875 0.11875
3 0.951563 0.223438 0.08125 0.08125
2 0.492188 0.210938 0.071875 0.071875
3 0.839063 0.413281 0.08125 0.0640625
0 0.892969 0.48125 0.0734375 0.08125
3 0.871875 0.239844 0.08125 0.0859375
2 0.448438 0.489844 0.071875 0.0703125
2 0.580469 0.773438 0.0671875 0.071875
2 0.685938 0.625 0.075 0.071875
2 0.298438 0.719531 0.15625 0.126563
2 0.566406 0.251563 0.110937 0.103125
0 0.972656 0.489062 0.0546875 0.09375
2 0.169531 0.386719 0.0921875 0.0796875
2 0.4875 0.777344 0.125 0.117188
2 0.85 0.819531 0.0875 0.0828125
3 0.7125 0.482031 0.1125 0.114063
2 0.554688 0.698438 0.10625 0.096875
3 0.938281 0.734375 0.110937 0.121875
0 0.210156 0.2 0.0796875 0.090625
2 0.667969 0.796875 0.117188 0.1125
2 0.342969 0.48125 0.148438 0.1375
2 0.129688 0.68125 0.1375 0.13125
3 0.872656 0.0835937 0.123438 0.120312
2 0.209375 0.803906 0.096875 0.114063
2 0.551562 0.917969 0.140625 0.160938
2 0.825 0.707031 0.125 0.139062
2 0.402344 0.0820312 0.132812 0.129688
2 0.3 0.0828125 0.103125 0.134375
2 0.309375 0.841406 0.13125 0.126563
2 0.372656 0.203125 0.139062 0.13125
3 0.659375 0.277344 0.075 0.0734375
2 0.367188 0.369531 0.15 0.107813
2 0.741406 0.248437 0.0921875 0.115625
2 0.545313 0.410156 0.140625 0.139062
2 0.152344 0.4625 0.117188 0.09375
2 0.265625 0.316406 0.096875 0.104687
2 0.0828125 0.595312 0.140625 0.134375
0 0.853125 0.892187 0.090625 0.084375
2 0.354688 0.629687 0.128125 0.125
2 0.109375 0.13125 0.13125 0.13125
2 0.260938 0.40625 0.096875 0.09375
2 0.565625 0.16875 0.0875 0.078125
2 0.167969 0.291406 0.117188 0.114063
