1 0.135937 0.732813 0.11875 0.128125
3 0.664844 0.0234375 0.104687 0.046875
2 0.0273438 0.0539063 0.0546875 0.104687
2 0.436719 0.015625 0.123438 0.03125
3 0.144531 0.973437 0.0921875 0.053125
2 0.147656 0.974219 0.0921875 0.0515625
3 0.434375 0.453906 0.165625 0.157813
3 0.539844 0.603125 0.107813 0.09375
2 0.988281 0.18125 0.0234375 0.109375
2 0.972656 0.303906 0.0546875 0.132812
3 0.428125 0.55625 0.071875 0.065625
1 0.0640625 0.255469 0.128125 0.185937
0 0.721094 0.505469 0.0734375 0.0734375
2 0.128906 0.734375 0.129688 0.1375
3 0.559375 0.04375 0.1375 0.0875
2 0.0195312 0.158594 0.0390625 0.0828125
2 0.0585938 0.05625 0.117188 0.1125
2 0.924219 0.0484375 0.151562 0.096875
3 0.869531 0.963281 0.110937 0.0734375
3 0.975781 0.428906 0.0484375 0.120312
2 0.429688 0.55625 0.071875 0.06875
2 0.0773437 0.146094 0.0546875 0.0546875
2 0.0648438 0.255469 0.129688 0.179688
3 0.689844 0.180469 0.142188 0.107813
2 0.692969 0.178906 0.129688 0.104687
3 0.603906 0.975 0.101562 0.05
2 0.369531 0.269531 0.104687 0.0890625
3 0.0492188 0.954687 0.0984375 0.0875
2 0.167969 0.589844 0.0671875 0.0703125
3 0.424219 0.966406 0.0984375 0.0671875
2 0.895312 0.302344 0.109375 0.110937
2 0.127344 0.373437 0.101562 0.08125
2 0.05 0.954687 0.096875 0.090625
2 0.952344 0.939844 0.0921875 0.117188
2 0.504687 0.388281 0.0625 0.0765625
2 0.882031 0.404687 0.126563 0.084375
1 0.417188 0.360156 0.078125 0.0796875
2 0.414062 0.621875 0.1 0.08125
2 0.190625 0.282031 0.16875 0.167187
2 0.430469 0.454688 0.157813 0.159375
2 0.485156 0.95 0.139062 0.1
0 0.702344 0.755469 0.0921875 0.0953125
3 0.613281 0.524219 0.167187 0.135937
2 0.216406 0.950781 0.148438 0.0953125
2 0.065625 0.550781 0.128125 0.101562
3 0.479688 0.146094 0.140625 0.129688
0 0.222656 0.424219 0.0921875 0.110937
2 0.540625 0.605469 0.10625 0.0953125
3 0.065625 0.805469 0.1 0.0828125
2 0.25625 0.0671875 0.1625 0.134375
2 0.8625 0.692969 0.11875 0.0953125
2 0.040625 0.398438 0.08125 0.13125
3 0.347656 0.969531 0.0859375 0.0609375
2 0.960156 0.7125 0.0796875 0.10625
3 0.815625 0.179688 0.103125 0.128125
2 0.578125 0.252344 0.146875 0.142188
2 0.185937 0.136719 0.178125 0.154687
2 0.0492188 0.676562 0.0984375 0.15625
3 0.373437 0.807813 0.0875 0.109375
3 0.794531 0.317969 0.0953125 0.107813
3 0.521875 0.4875 0.065625 0.08125
3 0.317187 0.184375 0.0875 0.08125
2 0.470313 0.269531 0.109375 0.132812
2 0.0554687 0.879687 0.0921875 0.08125
2 0.4625 0.859375 0.125 0.1
3 0.75 0.565625 0.128125 0.146875
2 0.315625 0.3625 0.146875 0.125
2 0.275 0.55 0.153125 0.121875
2 0.894531 0.604688 0.176563 0.10625
2 0.460156 0.739844 0.154687 0.142188
2 0.882031 0.492969 0.210938 0.126563
2 0.921875 0.182812 0.134375 0.171875
2 0.73125 0.0625 0.2 0.125
3 0.697656 0.283594 0.114063 0.110937
2 0.232812 0.657812 0.1625 0.128125
2 0.502344 0.678125 0.123438 0.115625
2 0.701563 0.908594 0.11875 0.167187
2 0.158594 0.882812 0.126563 0.11875
2 0.339063 0.501562 0.1125 0.115625
2 0.332812 0.685156 0.115625 0.123438
2 0.123438 0.467969 0.140625 0.145313
2 0.3875 0.0734375 0.153125 0.146875
2 0.601562 0.375 0.140625 0.14375
2 0.94375 0.821875 0.1125 0.121875
2 0.311719 0.882031 0.157813 0.135937
3 0.822656 0.790625 0.160938 0.153125
2 0.648438 0.667969 0.15625 0.167187
2 0.75625 0.853125 0.103125 0.109375
2 0.588281 0.8625 0.135937 0.190625
2 0.235938 0.783594 0.1625 0.135937
