0 0.984375 0.48125 0.03125 0.11875
0 0.984375 0.139062 0.03125 0.06875
0 0.502344 0.291406 0.0671875 0.0671875
0 0.0148437 0.146875 0.0296875 0.065625
0 0.54375 0.405469 0.05625 0.0578125
2 0.828125 0.0351562 0.059375 0.0671875
3 0.9875 0.251563 0.025 0.071875
0 0.436719 0.3125 0.0640625 0.078125
3 0.548437 0.777344 0.0375 0.0359375
3 0.9125 0.0335938 0.10625 0.0671875
3 0.864844 0.189063 0.0953125 0.10625
3 0.753906 0.185156 0.104687 0.114063
0 0.938281 0.83125 0.123438 0.3375
3 0.827344 0.0359375 0.0609375 0.06875
2 0.754687 0.186719 0.103125 0.117188
2 0.911719 0.034375 0.107813 0.06875
0 0.0328125 0.653125 0.065625 0.06875
0 0.767969 0.878125 0.267188 0.24375
0 0.971094 0.322656 0.0453125 0.0484375
2 0.864844 0.189063 0.0921875 0.10625
0 0.892187 0.121094 0.075 0.0671875
3 0.839844 0.279687 0.0703125 0.0625
0 0.646875 0.157031 0.075 0.0671875
0 0.514063 0.163281 0.0625 0.0671875
0 0.810156 0.450781 0.379687 0.310937
0 0.442187 0.192188 0.0875 0.075
0 0.425781 0.0945313 0.0609375 0.0671875
0 0.445312 0.254687 0.08125 0.06875
3 0.951563 0.2125 0.096875 0.121875
3 0.652344 0.258594 0.139062 0.123438
0 0.778125 0.596875 0.25625 0.203125
0 0.317969 0.575781 0.510938 0.426562
