0 0.985156 0.4 0.0296875 0.06875
2 0.895312 0.975781 0.1125 0.0484375
2 0.617188 0.954687 0.11875 0.08125
3 0.329688 0.989844 0.06875 0.0203125
0 0.015625 0.628125 0.03125 0.103125
3 0.975781 0.974219 0.0453125 0.0484375
0 0.651563 0.288281 0.08125 0.107813
0 0.76875 0.884375 0.05 0.05
2 0.572656 0.805469 0.142188 0.126563
3 0.0203125 0.55625 0.0375 0.053125
2 0.14375 0.376563 0.14375 0.13125
2 0.574219 0.346875 0.0421875 0.05
0 0.573438 0.346094 0.040625 0.0484375
3 0.711719 0.899219 0.0640625 0.0859375
2 0.015625 0.621094 0.03125 0.0921875
0 0.0554687 0.261719 0.0890625 0.120312
2 0.0109375 0.95625 0.021875 0.0875
2 0.161719 0.964844 0.0578125 0.0671875
3 0.160156 0.966406 0.0578125 0.0609375
2 0.980469 0.697656 0.0390625 0.120312
0 0.98125 0.108594 0.0375 0.0734375
0 0.648438 0.0195312 0.06875 0.0390625
2 0.1625 0.48125 0.1 0.078125
3 0.921094 0.902344 0.145313 0.123438
2 0.175 0.778125 0.090625 0.10625
3 0.176563 0.778906 0.09375 0.104687
2 0.0601562 0.44375 0.120312 0.178125
2 0.664062 0.6 0.11875 0.134375
0 0.040625 0.29375 0.08125 0.1
3 0.898438 0.977344 0.11875 0.0453125
0 0.980469 0.46875 0.0390625 0.059375
2 0.915625 0.903125 0.146875 0.11875
0 0.0335938 0.165625 0.0671875 0.10625
3 0.617969 0.958594 0.120312 0.0828125
0 0.607813 0.403906 0.059375 0.0609375
2 0.202344 0.585938 0.129688 0.121875
2 0.975 0.574219 0.05 0.0859375
3 0.202344 0.586719 0.129688 0.120312
3 0.1625 0.482812 0.09375 0.075
0 0.508594 0.149219 0.0671875 0.0640625
3 0.146875 0.376563 0.14375 0.134375
0 0.424219 0.0164062 0.0953125 0.0328125
0 0.0171875 0.773438 0.034375 0.096875
3 0.059375 0.442969 0.11875 0.176563
3 0.571094 0.803125 0.139062 0.140625
0 0.0171875 0.866406 0.034375 0.0796875
0 0.964063 0.641406 0.06875 0.0703125
3 0.7125 0.975781 0.08125 0.0453125
3 0.473437 0.933594 0.071875 0.0984375
2 0.250781 0.967188 0.123438 0.065625
0 0.0695312 0.233594 0.0734375 0.0578125
0 0.828906 0.125 0.0671875 0.075
3 0.789844 0.953906 0.107813 0.0921875
3 0.075 0.6375 0.103125 0.09375
0 0.147656 0.0570313 0.135937 0.101562
2 0.888281 0.56875 0.117188 0.13125
2 0.773438 0.555469 0.121875 0.135937
0 0.854688 0.433594 0.059375 0.0609375
2 0.653906 0.732813 0.129688 0.128125
3 0.665625 0.599219 0.115625 0.139062
0 0.380469 0.551562 0.114063 0.09375
0 0.540625 0.532812 0.0625 0.05625
0 0.31875 0.153906 0.190625 0.107813
0 0.632812 0.264062 0.071875 0.0625
0 0.764844 0.460938 0.101562 0.090625
0 0.526563 0.040625 0.08125 0.08125
0 0.359375 0.632031 0.0875 0.0890625
0 0.292188 0.582812 0.06875 0.084375
2 0.76875 0.673437 0.128125 0.109375
3 0.0804688 0.755469 0.114063 0.135937
2 0.75 0.7875 0.11875 0.1375
3 0.661719 0.482812 0.0890625 0.0875
3 0.94375 0.791406 0.109375 0.123438
2 0.364062 0.8125 0.1125 0.13125
0 0.669531 0.315625 0.0765625 0.05625
0 0.814062 0.417188 0.046875 0.046875
2 0.438281 0.724219 0.170312 0.123438
0 0.336719 0.0484375 0.0640625 0.059375
2 0.267969 0.774219 0.107813 0.117188
3 0.461719 0.827344 0.0890625 0.0890625
3 0.855469 0.801562 0.0796875 0.096875
2 0.563281 0.922656 0.120312 0.117188
0 0.492969 0.44375 0.132812 0.1375
2 0.11875 0.566406 0.065625 0.0609375
2 0.207031 0.878125 0.0953125 0.1
3 0.815625 0.882031 0.065625 0.0640625
2 0.0695312 0.955469 0.120312 0.0859375
0 0.2625 0.25 0.05625 0.05
0 0.214844 0.221875 0.0546875 0.0625
2 0.258594 0.492188 0.0765625 0.06875
2 0.389844 0.929688 0.0953125 0.1125
2 0.296875 0.9 0.0875 0.115625
2 0.252344 0.669531 0.145313 0.123438
3 0.360156 0.461719 0.114063 0.104687
0 0.169531 0.128125 0.0640625 0.05
0 0.690625 0.373437 0.08125 0.075
2 0.0953125 0.861719 0.134375 0.101562
0 0.71875 0.139844 0.115625 0.120312
2 0.895312 0.682813 0.115625 0.090625
2 0.573438 0.60625 0.078125 0.109375
0 0.952344 0.296094 0.0953125 0.117188
0 0.842969 0.295312 0.0765625 0.071875
3 0.313281 0.384375 0.160938 0.1375
2 0.467187 0.60625 0.134375 0.140625
0 0.75625 0.233594 0.115625 0.114063
