0 0.491406 0.436719 0.0703125 0.0984375
3 0.970312 0.964063 0.059375 0.06875
0 0.122656 0.583594 0.170312 0.117188
0 0.0101562 0.554688 0.0203125 0.071875
0 0.744531 0.948438 0.173438 0.103125
3 0.867188 0.972656 0.1 0.0546875
3 0.941406 0.889844 0.117188 0.110937
3 0.964063 0.314844 0.071875 0.117188
0 0.484375 0.663281 0.0875 0.0734375
0 0.561719 0.529688 0.0578125 0.06875
3 0.360938 0.928906 0.034375 0.0359375
0 0.691406 0.932813 0.0828125 0.084375
0 0.0195312 0.607813 0.0390625 0.06875
2 0.750781 0.948438 0.164062 0.103125
0 0.028125 0.833594 0.05625 0.0828125
2 0.634375 0.2625 0.0875 0.084375
3 0.634375 0.261719 0.0875 0.0859375
3 0.453125 0.905469 0.121875 0.117188
2 0.971875 0.964063 0.053125 0.071875
2 0.453125 0.907031 0.121875 0.117188
2 0.965625 0.445312 0.06875 0.140625
0 0.021875 0.198437 0.040625 0.075
2 0.967969 0.310937 0.0640625 0.115625
2 0.557813 0.954687 0.190625 0.090625
0 0.0289063 0.323438 0.0578125 0.0625
3 0.967969 0.88125 0.0609375 0.084375
2 0.4125 0.972656 0.109375 0.0546875
2 0.778906 0.0523437 0.207813 0.104687
0 0.0335938 0.433594 0.0671875 0.0796875
0 0.544531 0.304688 0.120312 0.13125
3 0.896875 0.403125 0.084375 0.084375
3 0.95625 0.0984375 0.0875 0.115625
0 0.0492188 0.676562 0.0984375 0.103125
2 0.959375 0.770312 0.08125 0.146875
2 0.839063 0.135156 0.0875 0.0890625
2 0.889063 0.0515625 0.103125 0.1
3 0.904688 0.294531 0.065625 0.0640625
3 0.926562 0.207031 0.128125 0.107813
2 0.495313 0.803906 0.1 0.114063
2 0.60625 0.657812 0.171875 0.146875
2 0.571094 0.424219 0.0953125 0.110937
2 0.949219 0.626562 0.101562 0.15
3 0.899219 0.910156 0.132812 0.145313
2 0.498437 0.575 0.134375 0.11875
0 0.605469 0.154687 0.114063 0.121875
2 0.707031 0.3 0.0921875 0.078125
2 0.850781 0.625781 0.101562 0.0984375
2 0.750781 0.663281 0.117188 0.0984375
2 0.814844 0.842969 0.132812 0.110937
2 0.795313 0.459375 0.121875 0.121875
3 0.578125 0.742188 0.115625 0.096875
2 0.896094 0.51875 0.120312 0.134375
2 0.75625 0.560938 0.153125 0.13125
2 0.838281 0.733594 0.142188 0.123438
2 0.680469 0.407813 0.148438 0.140625
2 0.824219 0.339844 0.135937 0.129688
2 0.590625 0.85 0.128125 0.121875
2 0.711719 0.785937 0.154687 0.1875
2 0.6375 0.527344 0.125 0.132812
0 0.786719 0.225781 0.114063 0.107813
0 0.694531 0.182031 0.107813 0.117188
