3 0.705469 0.982031 0.0859375 0.0359375
3 0.85625 0.9625 0.053125 0.059375
3 0.06875 0.0132813 0.09375 0.0265625
0 0.245312 0.373437 0.05625 0.053125
0 0.502344 0.814844 0.0671875 0.0796875
2 0.06875 0.0132813 0.084375 0.0265625
2 0.709375 0.982031 0.0875 0.0359375
3 0.24375 0.0101562 0.075 0.0203125
2 0.985156 0.223438 0.0296875 0.1
3 0.0882813 0.194531 0.167187 0.142188
0 0.0203125 0.317187 0.040625 0.103125
3 0.988281 0.121094 0.0234375 0.0921875
2 0.307031 0.753906 0.0953125 0.0890625
2 0.986719 0.125781 0.0234375 0.101562
0 0.688281 0.09375 0.0734375 0.08125
2 0.959375 0.0382813 0.08125 0.0765625
3 0.0921875 0.544531 0.15625 0.123438
0 0.153125 0.636719 0.0625 0.0640625
3 0.202344 0.711719 0.0953125 0.0859375
0 0.335938 0.503125 0.075 0.103125
3 0.976562 0.702344 0.046875 0.114063
0 0.98125 0.589063 0.034375 0.096875
2 0.0132813 0.539062 0.0265625 0.115625
2 0.534375 0.573438 0.034375 0.0375
3 0.0132813 0.317187 0.0265625 0.1125
0 0.7 0.6625 0.084375 0.0875
0 0.382812 0.714844 0.075 0.0765625
2 0.289062 0.827344 0.078125 0.0671875
2 0.675 0.021875 0.071875 0.04375
2 0.201562 0.710156 0.096875 0.0828125
2 0.325 0.0226563 0.096875 0.0453125
3 0.966406 0.902344 0.0671875 0.132812
0 0.775 0.492969 0.059375 0.0515625
0 0.0132813 0.733594 0.0265625 0.107813
3 0.958594 0.0390625 0.0828125 0.078125
0 0.963281 0.630469 0.0640625 0.0609375
0 0.182031 0.015625 0.0578125 0.03125
3 0.980469 0.789844 0.0390625 0.0890625
2 0.926562 0.58125 0.0625 0.059375
3 0.353125 0.971875 0.1125 0.05625
2 0.967969 0.902344 0.0640625 0.135937
0 0.56875 0.798437 0.075 0.078125
0 0.385156 0.802344 0.0671875 0.0828125
2 0.763281 0.0296875 0.117188 0.059375
2 0.615625 0.683594 0.04375 0.0640625
2 0.964063 0.382812 0.071875 0.1
3 0.674219 0.366406 0.0984375 0.0859375
3 0.784375 0.400781 0.14375 0.139062
2 0.0929687 0.54375 0.154687 0.128125
3 0.305469 0.753125 0.0953125 0.0875
2 0.229687 0.626562 0.10625 0.09375
0 0.279687 0.445312 0.059375 0.06875
0 0.66875 0.896094 0.053125 0.0390625
3 0.265625 0.534375 0.103125 0.090625
0 0.678906 0.711719 0.0609375 0.0734375
2 0.0734375 0.776563 0.109375 0.13125
3 0.124219 0.45 0.0671875 0.065625
0 0.597656 0.779688 0.0640625 0.06875
0 0.853125 0.025 0.06875 0.05
2 0.479688 0.05625 0.134375 0.1125
0 0.551562 0.355469 0.1 0.0859375
0 0.194531 0.464063 0.0859375 0.084375
0 0.871094 0.0859375 0.0671875 0.08125
2 0.090625 0.194531 0.178125 0.142188
0 0.749219 0.591406 0.0765625 0.0890625
0 0.444531 0.783594 0.0578125 0.0671875
0 0.382812 0.0359375 0.090625 0.071875
2 0.6375 0.158594 0.109375 0.145313
3 0.227344 0.942187 0.151562 0.115625
2 0.783594 0.966406 0.0921875 0.0671875
0 0.735937 0.136719 0.115625 0.110937
0 0.421875 0.945312 0.071875 0.071875
3 0.378125 0.902344 0.090625 0.107813
0 0.483594 0.705469 0.101562 0.0921875
3 0.501562 0.817187 0.06875 0.084375
0 0.788281 0.183594 0.101562 0.0984375
3 0.696094 0.815625 0.0984375 0.10625
3 0.572656 0.920313 0.145313 0.15
3 0.883594 0.889844 0.110937 0.114063
0 0.182812 0.584375 0.05625 0.053125
0 0.289844 0.684375 0.0796875 0.078125
0 0.803125 0.0664062 0.08125 0.0828125
2 0.207813 0.0726563 0.06875 0.0890625
2 0.0453125 0.904688 0.090625 0.159375
3 0.590625 0.435156 0.0625 0.0640625
2 0.964063 0.482031 0.071875 0.104687
0 0.855469 0.1625 0.0953125 0.090625
3 0.676562 0.471094 0.125 0.129688
0 0.917188 0.105469 0.053125 0.0578125
3 0.0570313 0.642187 0.114063 0.103125
0 0.571875 0.654688 0.096875 0.115625
3 0.810156 0.290625 0.0890625 0.090625
3 0.0476562 0.427344 0.0953125 0.120312
0 0.0632813 0.325 0.0921875 0.078125
2 0.388281 0.1 0.107813 0.078125
2 0.821875 0.709375 0.109375 0.090625
2 0.944531 0.175 0.107813 0.09375
3 0.714844 0.275 0.117188 0.11875
2 0.142188 0.910937 0.121875 0.121875
2 0.278906 0.116406 0.114063 0.129688
0 0.48125 0.890625 0.084375 0.08125
2 0.370313 0.200781 0.175 0.139062
2 0.925781 0.276563 0.148438 0.11875
2 0.445312 0.589844 0.165625 0.157813
2 0.10625 0.06875 0.146875 0.125
2 0.846875 0.532031 0.121875 0.0765625
2 0.578906 0.0671875 0.120312 0.096875
2 0.53125 0.1875 0.125 0.153125
2 0.770312 0.867969 0.125 0.132812
2 0.396094 0.417969 0.132812 0.120312
2 0.185156 0.807813 0.148438 0.115625
2 0.421094 0.316406 0.148438 0.110937
0 0.89375 0.367969 0.084375 0.101562
2 0.88125 0.444531 0.10625 0.110937
2 0.841406 0.624219 0.145313 0.117188
2 0.901563 0.783594 0.134375 0.132812
0 0.534375 0.473437 0.128125 0.146875
